61
63
62
66
65
60
64
59
56
47
60
56
57
79
62
64
58
78
75
71
70
73
70
70
80
66
68
76
66
69
69
70
72
67
71
64
67
75
68
67
71
65
67
77
67
67
68
70
67
62
67
67
65
73
69
70
70
69
72
70
64
68
66
72
71
68
66
70
68
65
72
65
71
65
64
69
68
72
71
69
71
69
73
70
68
62
69
72
65
60
62
66
68
63
70
74
62
59
59
62
70
62
67
69
72
67
69
72
65
76
67
72
70
65
71
69
64
67
69
66
73
70
66
66
66
70
67
72
69
66
68
65
67
64
66
68
68
67
59
64
67
65
67
66
68
66
72
71
69
61
67
66
74
65
69
64
67
69
62
63
73
64
67
65
67
65
74
65
70
70
69
69
63
63
65
56
69
63
66
66
64
68
55
75
69
62
68
66
66
75
65
68
71
69
67
68
67
71
67
65
66
64
60
69
66
73
70
72
62
70
69
69
69
71
68
63
68
68
66
70
70
65
74
67
64
70
70
66
67
63
70
63
71
62
67
68
73
67
65
63
72
65
64
71
66
59
57
66
71
69
67
66
67
65
70
66
66
61
68
69
63
67
66
65
67
65
66
65
64
66
62
65
67
59
36
21
52
60
51
68
60
42
65
59
69
68
66
66
66
68
67
67
65
66
68
68
66
69
64
68
65
65
66
58
71
61
72
64
64
67
65
65
65
74
61
60
64
66
66
70
62
64
61
90
60
66
63
76
56
72
66
67
63
67
70
70
71
62
69
67
66
65
61
68
66
67
66
66
70
71
65
63
63
63
62
65
61
72
67
66
74
66
70
67
68
66
65
60
66
67
66
67
66
67
69
69
71
64
69
68
67
66
68
72
66
62
71
74
65
61
63
66
63
60
59
60
56
49
43
59
51
42
25
10
8
46
65
68
67
64
67
62
66
68
65
65
68
66
64
64
63
63
67
63
66
67
65
65
64
69
65
65
62
57
52
51
62
59
68
64
65
66
67
63
59
68
66
66
65
64
70
67
63
64
65
64
60
65
69
63
59
69
60
60
59
62
61
58
63
65
57
62
62
62
64
63
57
59
63
67
65
61
61
60
67
57
59
60
58
66
69
62
65
65
61
64
65
65
66
61
64
69
59
71
66
66
67
68
64
68
69
71
66
70
71
68
62
67
63
71
64
70
67
67
66
61
69
67
70
71
67
59
69
69
68
72
68
62
64
66
60
66
71
56
63
67
64
67
62
65
66
65
73
67
62
68
62
67
63
68
69
69
65
61
73
66
51
50
34
24
7
14
7
32
17
8
6
8
20
8
23
74
65
67
74
59
65
64
64
68
73
71
67
66
68
65
57
70
66
66
65
66
64
55
30
11
12
33
43
1
19
23
53
60
56
44
57
55
63
68
70
62
66
67
68
67
66
68
69
68
71
67
64
64
64
63
65
64
65
66
63
67
62
61
62
65
63
61
59
56
65
63
67
63
57
58
68
62
64
66
65
57
61
58
62
61
63
59
64
64
59
66
63
57
56
53
66
61
56
58
62
64
65
73
63
63
66
62
72
56
52
61
51
64
60
59
38
53
56
53
