0.3
2.5
5
5
16.7
14.3
16.9
10.8
28.4
18.5
12.7
21.5
32
30.6
36.2
42.6
25.9
34.9
68.8
46
27.4
47.6
86.2
76.6
75.7
84.9
73.5
116.2
107.2
94.4
102.3
123.8
121.7
115.7
113.4
129.8
149.8
201.3
163.9
157.9
188.8
169.4
163.6
128
116.5
108.5
86.1
94.8
189.7
174
167.8
142.2
157.9
143.3
136.3
95.8
138
119.1
182.3
157.5
147
106.2
121.7
125.8
123.8
145.3
131.6
143.5
117.6
101.6
94.8
109.7
113.4
106.2
83.6
91
85.2
51.3
61.4
54.8
54.1
59.9
59.9
59.9
92.9
108.5
100.6
61.5
61
83.1
51.6
52.4
45.8
40.7
22.7
22
29.1
23.4
36.4
39.3
54.9
28.2
23.8
22.1
34.3
26.5
3.9
10
27.8
12.5
21.8
8.6
23.5
19.3
8.2
1.6
2.5
0.2
0.5
10.9
1.8
0.8
0.2
4.8
8.4
1.5
0.3
2.5
5
5
16.7
14.3
16.9
10.8
28.4
18.5
12.7
21.5
32
30.6
36.2
42.6
25.9
34.9
68.8
46
27.4
47.6
86.2
76.6
75.7
84.9
73.5
116.2
107.2
94.4
102.3
123.8
121.7
115.7
113.4
129.8
149.8
201.3
163.9
157.9
188.8
169.4
163.6
128
116.5
108.5
86.1
94.8
189.7
174
167.8
142.2
157.9
143.3
136.3
95.8
138
119.1
182.3
157.5
147
106.2
121.7
125.8
123.8
145.3
131.6
143.5
117.6
101.6
94.8
109.7
113.4
106.2
83.6
91
85.2
51.3
61.4
54.8
54.1
59.9
59.9
59.9
92.9
108.5
100.6
61.5
61
83.1
51.6
52.4
45.8
40.7
22.7
22
29.1
23.4
36.4
39.3
54.9
28.2
23.8
22.1
34.3
26.5
3.9
10
27.8
12.5
21.8
8.6
23.5
19.3
8.2
1.6
2.5
0.2
0.5
10.9
1.8
0.8
0.2
4.8
8.4
1.5
0.3
2.5
5
5
16.7
14.3
16.9
10.8
28.4
18.5
12.7
21.5
32
30.6
36.2
42.6
25.9
34.9
68.8
46
27.4
47.6
86.2
76.6
75.7
84.9
73.5
116.2
107.2
94.4
102.3
123.8
121.7
115.7
113.4
129.8
149.8
201.3
163.9
157.9
188.8
169.4
163.6
128
116.5
108.5
86.1
94.8
189.7
174
167.8
142.2
157.9
143.3
136.3
95.8
138
119.1
182.3
157.5
147
106.2
121.7
125.8
123.8
145.3
131.6
143.5
117.6
101.6
94.8
109.7
113.4
106.2
83.6
91
85.2
51.3
61.4
54.8
54.1
59.9
59.9
59.9
92.9
108.5
100.6
61.5
61
83.1
51.6
52.4
45.8
40.7
22.7
22
29.1
23.4
36.4
39.3
54.9
28.2
23.8
22.1
34.3
26.5
3.9
10
27.8
12.5
21.8
8.6
23.5
19.3
8.2
1.6
2.5
0.2
0.5
10.9
1.8
0.8
0.2
4.8
8.4
1.5
0.3
2.5
5
5
16.7
14.3
16.9
10.8
28.4
18.5
12.7
21.5
32
30.6
36.2
42.6
25.9
34.9
68.8
46
27.4
47.6
86.2
76.6
75.7
84.9
73.5
116.2
107.2
94.4
102.3
123.8
121.7
115.7
113.4
129.8
149.8
201.3
163.9
157.9
188.8
169.4
163.6
128
116.5
108.5
86.1
94.8
189.7
174
167.8
142.2
157.9
143.3
136.3
95.8
138
119.1
182.3
157.5
147
106.2
121.7
125.8
123.8
145.3
131.6
143.5
117.6
101.6
94.8
109.7
113.4
106.2
83.6
91
85.2
51.3
61.4
54.8
54.1
59.9
59.9
59.9
92.9
108.5
100.6
61.5
61
83.1
51.6
52.4
45.8
40.7
22.7
22
29.1
23.4
36.4
39.3
54.9
28.2
23.8
22.1
34.3
26.5
3.9
10
27.8
12.5
21.8
8.6
23.5
19.3
8.2
1.6
2.5
0.2
0.5
10.9
1.8
0.8
0.2
4.8
8.4
1.5
0.3
2.5
5
5
16.7
14.3
16.9
10.8
28.4
18.5
12.7
21.5
32
30.6
36.2
42.6
25.9
34.9
68.8
46
27.4
47.6
86.2
76.6
75.7
84.9
73.5
116.2
107.2
94.4
102.3
123.8
121.7
115.7
113.4
129.8
149.8
201.3
163.9
157.9
188.8
169.4
163.6
128
116.5
108.5
86.1
94.8
189.7
174
167.8
142.2
157.9
143.3
136.3
95.8
138
119.1
182.3
157.5
147
106.2
121.7
125.8
123.8
145.3
131.6
143.5
117.6
101.6
94.8
109.7
113.4
106.2
83.6
91
85.2
51.3
61.4
54.8
54.1
59.9
59.9
59.9
92.9
108.5
100.6
61.5
61
83.1
51.6
52.4
45.8
40.7
22.7
22
29.1
23.4
36.4
39.3
54.9
28.2
23.8
22.1
34.3
26.5
3.9
10
27.8
12.5
21.8
8.6
23.5
19.3
8.2
1.6
2.5
0.2
0.5
10.9
1.8
0.8
0.2
4.8
8.4
1.5
0.3
2.5
5
5
16.7
14.3
16.9
10.8
28.4
18.5
12.7
21.5
32
30.6
36.2
42.6
25.9
34.9
68.8
46
27.4
47.6
86.2
76.6
75.7
84.9
73.5
116.2
107.2
94.4
102.3
123.8
121.7
115.7
113.4
129.8
149.8
201.3
163.9
157.9
188.8
169.4
163.6
128
116.5
108.5
86.1
94.8
189.7
174
167.8
142.2
157.9
143.3
136.3
95.8
138
119.1
182.3
157.5
147
106.2
121.7
125.8
123.8
145.3
131.6
143.5
117.6
101.6
94.8
109.7
113.4
106.2
83.6
91
85.2
51.3
61.4
54.8
54.1
59.9
59.9
59.9
92.9
108.5
100.6
61.5
61
83.1
51.6
52.4
45.8
40.7
22.7
22
29.1
23.4
36.4
39.3
54.9
28.2
23.8
22.1
34.3
26.5
3.9
10
27.8
12.5
21.8
8.6
23.5
19.3
8.2
1.6
2.5
0.2
0.5
10.9
1.8
0.8
0.2
4.8
8.4
1.5
0.3
2.5
5
5
16.7
14.3
16.9
10.8
28.4
18.5
12.7
21.5
32
30.6
36.2
42.6
25.9
34.9
68.8
46
27.4
47.6
86.2
76.6
75.7
84.9
73.5
116.2
107.2
94.4
102.3
123.8
121.7
115.7
113.4
129.8
149.8
201.3
163.9
157.9
188.8
169.4
163.6
128
116.5
108.5
86.1
94.8
189.7
174
167.8
142.2
157.9
143.3
136.3
95.8
138
119.1
182.3
157.5
147
106.2
121.7
125.8
123.8
145.3
131.6
143.5
117.6
101.6
94.8
109.7
113.4
106.2
83.6
91
85.2
51.3
61.4
54.8
54.1
59.9
59.9
59.9
92.9
108.5
100.6
61.5
61
83.1
51.6
52.4
45.8
40.7
22.7
22
29.1
23.4
36.4
39.3
54.9
28.2
23.8
22.1
34.3
26.5
3.9
10
27.8
12.5
21.8
8.6
23.5
19.3
8.2
1.6
2.5
0.2
0.5
10.9
1.8
0.8
0.2
4.8
8.4
1.5
0.3
2.5
5
5
16.7
14.3
16.9
10.8
28.4
18.5
12.7
21.5
32
30.6
36.2
42.6
25.9
34.9
68.8
46
27.4
47.6
86.2
76.6
75.7
84.9
73.5
116.2
107.2
94.4
102.3
123.8
121.7
115.7
113.4
129.8
149.8
201.3
163.9
157.9
188.8
169.4
163.6
128
116.5
108.5
86.1
94.8
189.7
174
167.8
142.2
157.9
143.3
136.3
95.8
138
119.1
182.3
157.5
147
106.2
121.7
125.8
123.8
145.3
131.6
143.5
117.6
101.6
94.8
109.7
113.4
106.2
83.6
91
85.2
51.3
61.4
54.8
54.1
59.9
59.9
59.9
92.9
108.5
100.6
61.5
61
83.1
51.6
52.4
45.8
40.7
22.7
22
29.1
23.4
36.4
39.3
54.9
28.2
23.8
22.1
34.3
26.5
3.9
10
27.8
12.5
21.8
8.6
23.5
19.3
8.2
1.6
2.5
0.2
0.5
10.9
1.8
0.8
0.2
4.8
8.4
1.5
0.3
2.5
5
5
16.7
14.3
16.9
10.8
28.4
18.5
12.7
21.5
32
30.6
36.2
42.6
25.9
34.9
68.8
46
27.4
47.6
86.2
76.6
75.7
84.9
73.5
116.2
107.2
94.4
102.3
123.8
121.7
115.7
113.4
129.8
149.8
201.3
163.9
157.9
188.8
169.4
163.6
128
116.5
108.5
86.1
94.8
189.7
174
167.8
142.2
157.9
143.3
136.3
95.8
138
119.1
182.3
157.5
147
106.2
121.7
125.8
123.8
145.3
131.6
143.5
117.6
101.6
94.8
109.7
113.4
106.2
83.6
91
85.2
51.3
61.4
54.8
54.1
59.9
59.9
59.9
92.9
108.5
100.6
61.5
61
83.1
51.6
52.4
45.8
40.7
22.7
22
29.1
23.4
36.4
39.3
54.9
28.2
23.8
22.1
34.3
26.5
3.9
10
27.8
12.5
21.8
8.6
23.5
19.3
8.2
1.6
2.5
0.2
0.5
10.9
1.8
0.8
0.2
4.8
8.4
1.5
0.3
2.5
5
5
16.7
14.3
16.9
10.8
28.4
18.5
12.7
21.5
32
30.6
36.2
42.6
25.9
34.9
68.8
46
27.4
47.6
86.2
76.6
75.7
84.9
73.5
116.2
107.2
94.4
102.3
123.8
121.7
115.7
113.4
129.8
149.8
201.3
163.9
157.9
188.8
169.4
163.6
128
116.5
108.5
86.1
94.8
189.7
174
167.8
142.2
157.9
143.3
136.3
95.8
138
119.1
182.3
157.5
147
106.2
121.7
125.8
123.8
145.3
131.6
143.5
117.6
101.6
94.8
109.7
113.4
106.2
83.6
91
85.2
51.3
61.4
54.8
54.1
59.9
59.9
59.9
92.9
108.5
100.6
61.5
61
83.1
51.6
52.4
45.8
40.7
22.7
22
29.1
23.4
36.4
39.3
54.9
28.2
23.8
22.1
34.3
26.5
3.9
10
27.8
12.5
21.8
8.6
23.5
19.3
8.2
1.6
2.5
0.2
0.5
10.9
1.8
0.8
0.2
4.8
8.4
1.5
0.3
2.5
5
5
16.7
14.3
16.9
10.8
28.4
18.5
12.7
21.5
32
30.6
36.2
42.6
25.9
34.9
68.8
46
27.4
47.6
86.2
76.6
75.7
84.9
73.5
116.2
107.2
94.4
102.3
123.8
121.7
115.7
113.4
129.8
149.8
201.3
163.9
157.9
188.8
169.4
163.6
128
116.5
108.5
86.1
94.8
189.7
174
167.8
142.2
157.9
143.3
136.3
95.8
138
119.1
182.3
157.5
147
106.2
121.7
125.8
123.8
145.3
131.6
143.5
117.6
101.6
94.8
109.7
113.4
106.2
83.6
91
85.2
51.3
61.4
54.8
54.1
59.9
59.9
59.9
92.9
108.5
100.6
61.5
61
83.1
51.6
52.4
45.8
40.7
22.7
22
29.1
23.4
36.4
39.3
54.9
28.2
23.8
22.1
34.3
26.5
3.9
10
27.8
12.5
21.8
8.6
23.5
19.3
8.2
1.6
2.5
0.2
0.5
10.9
1.8
0.8
0.2
4.8
8.4
1.5
0.3
2.5
5
5
16.7
14.3
16.9
10.8
28.4
18.5
12.7
21.5
32
30.6
36.2
42.6
25.9
34.9
68.8
46
27.4
47.6
86.2
76.6
75.7
84.9
73.5
116.2
107.2
94.4
102.3
123.8
121.7
115.7
113.4
129.8
149.8
201.3
163.9
157.9
188.8
169.4
163.6
128
116.5
108.5
86.1
94.8
189.7
174
167.8
142.2
157.9
143.3
136.3
95.8
138
119.1
182.3
157.5
147
106.2
121.7
125.8
123.8
145.3
131.6
143.5
117.6
101.6
94.8
109.7
113.4
106.2
83.6
91
85.2
51.3
61.4
54.8
54.1
59.9
59.9
59.9
92.9
108.5
100.6
61.5
61
83.1
51.6
52.4
45.8
40.7
22.7
22
29.1
23.4
36.4
39.3
54.9
28.2
23.8
22.1
34.3
26.5
3.9
10
27.8
12.5
21.8
8.6
23.5
19.3
8.2
1.6
2.5
0.2
0.5
10.9
1.8
0.8
0.2
4.8
8.4
1.5
0.3
2.5
5
5
16.7
14.3
16.9
10.8
28.4
18.5
12.7
21.5
32
30.6
36.2
42.6
25.9
34.9
68.8
46
27.4
47.6
86.2
76.6
75.7
84.9
73.5
116.2
107.2
94.4
102.3
123.8
121.7
115.7
113.4
129.8
149.8
201.3
163.9
157.9
188.8
169.4
163.6
128
116.5
108.5
86.1
94.8
189.7
174
167.8
142.2
157.9
143.3
136.3
95.8
138
119.1
182.3
157.5
147
106.2
121.7
125.8
123.8
145.3
131.6
143.5
117.6
101.6
94.8
109.7
113.4
106.2
83.6
91
85.2
51.3
61.4
54.8
54.1
59.9
59.9
59.9
92.9
108.5
100.6
61.5
61
83.1
51.6
52.4
45.8
40.7
22.7
22
29.1
23.4
36.4
39.3
54.9
28.2
23.8
22.1
34.3
26.5
3.9
10
27.8
12.5
21.8
8.6
23.5
19.3
8.2
1.6
2.5
0.2
0.5
10.9
1.8
0.8
0.2
4.8
8.4
1.5
0.3
2.5
5
5
16.7
14.3
16.9
10.8
28.4
18.5
12.7
21.5
32
30.6
36.2
42.6
25.9
34.9
68.8
46
27.4
47.6
86.2
76.6
75.7
84.9
73.5
116.2
107.2
94.4
102.3
123.8
121.7
115.7
113.4
129.8
149.8
201.3
163.9
157.9
188.8
169.4
163.6
128
116.5
108.5
86.1
94.8
189.7
174
167.8
142.2
157.9
143.3
136.3
95.8
138
119.1
182.3
157.5
147
106.2
121.7
125.8
123.8
145.3
131.6
143.5
117.6
101.6
94.8
109.7
113.4
106.2
83.6
91
85.2
51.3
61.4
54.8
54.1
59.9
59.9
59.9
92.9
108.5
100.6
61.5
61
83.1
51.6
52.4
45.8
40.7
22.7
22
29.1
23.4
36.4
39.3
54.9
28.2
23.8
22.1
34.3
26.5
3.9
10
27.8
12.5
21.8
8.6
23.5
19.3
8.2
1.6
2.5
0.2
0.5
10.9
1.8
0.8
0.2
4.8
8.4
1.5
0.3
2.5
5
5
16.7
14.3
16.9
10.8
28.4
18.5
12.7
21.5
32
30.6
36.2
42.6
25.9
34.9
68.8
46
27.4
47.6
86.2
76.6
75.7
84.9
73.5
116.2
107.2
94.4
102.3
123.8
121.7
115.7
113.4
129.8
149.8
201.3
163.9
157.9
188.8
169.4
163.6
128
116.5
108.5
86.1
94.8
189.7
174
167.8
142.2
157.9
143.3
136.3
95.8
138
119.1
182.3
157.5
147
106.2
121.7
125.8
123.8
145.3
131.6
143.5
117.6
101.6
94.8
109.7
113.4
106.2
83.6
91
85.2
51.3
61.4
54.8
54.1
59.9
59.9
59.9
92.9
108.5
100.6
61.5
61
83.1
51.6
52.4
45.8
40.7
22.7
22
29.1
23.4
36.4
39.3
54.9
28.2
23.8
22.1
34.3
26.5
3.9
10
27.8
12.5
21.8
8.6
23.5
19.3
8.2
1.6
2.5
0.2
0.5
10.9
1.8
0.8
0.2
4.8
8.4
3.1
9.3
4.7
6.1
7.4
15.1
17.5
14.2
11.7
6.8
24.1
