60021.3
56913.9
51333.2
44485
37503.3
31511.1
26774.9
23303.1
21112.4
19868.9
18898.5
17186.7
14836.1
12549
11543.1
12341.2
14639.2
18419.8
24301.4
32130.4
41141
50219.4
57438.5
61573.9
62165.9
59302.2
53885.5
46934.2
39805.7
33639.5
28575.4
25015.7
22661.5
21730.1
21229.2
19748
17395.3
15137
14322.7
15458.6
18048.8
22195.1
28605.5
36873.7
45871.7
54522.1
61148.5
64965.6
65262.3
61624.7
55454.6
47946
40373.2
34209.3
29364.4
25821.4
23445.6
21983.9
21056.6
19584.9
17676.3
16305.3
16091.8
17454
19949.9
23624.1
29080.4
35848.3
41983.8
46213.6
47837.6
47177.4
44922.1
40604.6
34847.1
28720.7
22988.8
18644.8
15407.5
13418.6
12407.9
12194.6
12013.9
11208.8
9625.48
7690.71
6407.45
6194.89
6703.3
7693.13
9936.18
13660.6
17655.3
20832.1
22937.4
24260.1
25266
25124.1
23662
21662.9
19839.9
18643.4
17812.4
17249.7
17176.7
17680.6
18232.4
18290.1
17688.2
16462.7
15100
13912.1
13185.2
13277.3
14674.9
17914.7
24583.1
34468.2
45412
55132.6
61550.1
64995.6
66188.5
65363.2
62583.2
58306.2
53238.2
48032.1
43531.9
39973.1
37253.2
34420.2
31524.3
29198.4
27771.2
27671.4
28950.9
31997.8
36580
42504.3
49976.4
58823.5
67168.6
73026.4
74887.8
73070.3
69378.1
64047.6
57642.2
51340.5
45545
40743.8
36665.4
33147.4
29978.3
26382.5
22576.5
19278.6
17317.1
17058.8
18132.6
20528.6
25336.8
32469.6
40939.9
49421.8
55967.2
59391.5
59016.9
55069.7
48687.8
41103.2
33440.4
27130
22323.4
18931.1
16885.6
15962.2
15481.4
14216.7
11990.2
9780.75
8764.22
9348.72
11293.2
14608.2
20151.4
28039.7
37147.7
46264.7
53103.6
56268.4
55564.4
51382.3
44844.2
37426.6
30274.8
24683.8
20682.8
17873.8
16168.8
15779.9
15684.2
14760.4
13201.1
11818.8
11673.4
13182.7
16017.5
20091
26449.3
34684.2
43731.5
52067.2
57893.2
60343.2
59054.5
54113.8
46755.4
38629.5
31245
26057.2
22143.8
19427
17581.5
16806.4
16375.4
15168.1
13296.2
11464.4
11270.3
12722.1
15247.6
18957.2
24128.5
31142.3
37300.5
41001.4
41891.3
39865.6
36493.6
30898.2
23889.3
16628.7
10864.1
7399.82
5354.1
4592.85
4413.54
5170.92
5865.59
5556.81
4394.41
2866.51
1804.42
1962.4
2641.48
3989.53
6756.3
10680.7
15050.1
18685.7
20805.2
21988
22596.1
21744.1
19645.5
16747.3
14733.8
13050.6
12649.9
12192.2
13141.9
14709.5
16017.4
16814.9
16194
15403.4
14434.6
14078.4
13906.3
13998.5
15289.3
17849.1
23660.1
32756.1
42626.1
51958.4
57280.1
60138.9
60575.2
59282.7
56201.9
51908.2
47019.2
42283.5
38612.8
35777.7
33680.5
31318.2
28634.1
26452.6
25283.4
25495.6
27192.6
30577.2
35438.8
42236.8
50312.5
59175.4
66652.4
71018.8
71471.6
69019.9
64454.1
58457.1
51779.3
45076.6
39416.4
35159
32040.2
29559.3
27715.1
24803.1
21474.9
18343.3
16313.8
16396
18054.2
21064.5
26283
33428.3
41442.7
49324.3
54539.8
55958.4
53820.9
48469.7
41301.1
33834.3
26395.7
20984.4
16912.2
14973.8
13955.1
14447
15110.7
14832.7
13710.2
12095.9
11367
12145.9
13684.4
16597.4
21317
27900.4
34924.5
40983.3
44774.9
45820.4
44428
40622.8
34946
28709.2
22469.1
17746.1
14580.4
12888.7
12269.4
12369.5
12714.7
12018.1
10197.3
8288.6
7384.77
8227.1
9907.01
12444.2
16836.7
22668.6
28920.2
33836.5
36588.1
36962.4
34874.1
30512.7
24406.4
17876.4
12793.1
9809.57
8469.64
7943.75
7718.17
7859.13
8108.83
7534.51
6070.23
4756.37
4093.4
4939.28
6332.32
8152.18
11508.1
16176.3
21631.3
26711.4
30016.7
31175.4
30887.8
28931.6
26056.2
23074.8
20930.1
20320.6
20427
20641.2
21293.7
22378.1
23294.4
23440.4
23213.1
23116.9
23496
24578.1
26210.2
28492
31613.9
35147
38540
41749.3
44111.2
45961.7
46270.8
44353.9
41493.4
38790.6
37465.2
37055.9
37290.3
37452.6
37648.6
37169.3
36108.3
34631.4
32662.3
30606.7
28647.5
26867.2
25258.5
23737.3
22866.3
22864.5
23229.8
23885.8
24427.6
24771.8
25142.3
25200.7
25298.4
25515.5
25472.1
25451.5
25265.3
24787.9
23983.5
22630.1
20675.9
18249.7
15914.3
13365.7
11538.5
10362.1
9874.64
9934.46
10354.9
11351.1
13102.5
15211.9
17183.9
18784.2
20230.8
21438.6
22273.9
22983.7
23282.6
23985.6
24278.9
24082.5
23002.6
20930.3
18314.6
15302.2
12209.1
9114.98
7118.29
5886.2
5680.28
5974.59
6737.08
7844.96
9247.7
10973.8
12778
14145
15088.8
15455.9
15759.8
15750.9
15578.6
14951.6
13988.7
13137.1
12066
11430.5
10791.3
10659.7
10852
11086.8
11494.2
12165.8
13502.4
14902.4
17254
20198.8
24372.4
29879.8
36349.3
42059.1
47282.7
51379.9
54315.5
56616.5
57514.7
57823
58139.6
57788.5
57490.1
57497.7
57430.1
57382
56798.5
55479.5
54439.5
53651
53057.4
53413.4
54495.3
56219.5
58846.8
61818.9
64856.7
67599
69508.4
70044.6
69541
68193.2
66600.4
64572
62365.3
59761.8
56749.5
53748.3
50398.4
46635.8
42606.2
38695.4
35646.5
33191.6
31369.5
30280
30131.3
31284.5
33047.1
34338.4
35350.2
36080.2
36411.1
36127.6
34975.1
33513
32037.9
30196.5
28748.1
27508.8
26571.9
25984.5
25337.7
24275.9
22905.7
20921.7
18590.2
16755.8
15557.3
15440.6
16455
18513.5
21937.5
26062.8
30393.9
34803.7
38558.3
41558.2
43666.7
44621.7
44971
44615.6
43495.4
42107.3
40614.5
39496.3
38455
36998.1
34821.6
32190.2
29704.3
27533.5
25904.7
25261.4
25770.7
27357.8
29859.1
33318.6
37575.4
41877.2
45700.7
48629.5
50652
51705.2
51727.4
50818.2
48964.2
46542.9
43722.9
40796.6
37916.4
34845.7
31662.5
28400.1
25276.8
22677.3
20809.9
20179.7
21141.4
23928.4
29645.7
37994.2
47405
56036.4
62267.1
66029
67816.9
67766.4
65355.3
60951.6
55759.1
50945
47009.9
43692.1
40491.3
37210.2
34127.6
31371.3
29204.2
28167.1
28654.8
30889.5
34793.1
40992.3
50308.4
61466.4
72086.2
79886.1
83466.4
82999.4
79463.2
74168.5
67574.2
60529.6
54045.9
48740.2
44545.4
41439.7
39013.9
36170.8
32828.3
29612.9
27237.7
26944.4
28651.3
32058.3
37785.7
45859.9
55592.9
65440.6
73071.6
77100.4
77094.3
73840.6
67956.3
60506
52239.2
44464.9
38030.3
33124.1
29968.7
28502.6
27743.7
26086.5
23647.9
20968.9
19416.8
19694.2
21554.5
25083.2
30876.9
39016.1
48517.8
57671.8
64627.6
68144.5
67719.3
63641.7
56848.2
48355.7
39663.4
32129.3
26132.4
22338.7
20373.4
20455.3
21119.6
20953.1
20116.2
19429.9
19961.5
22132.9
25773.9
30781.3
38022.7
46698.8
54039.5
58628.6
59804
57953.1
53903.5
47352.6
39513.4
31427
25034.8
21184.4
19159.5
18802.9
19676.8
21555.3
23596
25000.3
25577.9
25785.2
26234.9
27326.5
28707.2
30365.7
32888.7
35905.5
38251.9
39342.9
39104.4
37734.6
35844
33148.1
29535.9
26339.3
24097.4
22825.7
22293.7
21766.3
22363.4
23735.7
25520
26899
27686
27969.8
27551
26685.4
25132.2
23666.7
22491.7
22456.9
25533.7
31686.9
39567.8
46696.6
52017.5
55399.4
56901.8
56890.6
55056.2
52038.9
48435.6
44925.8
41737
39202.9
36788.7
33988.7
31380.2
28895
27308.5
26881.3
27993.1
30568.6
34701.1
40467.7
47944.4
56553.9
64001.7
69144.4
70789.7
69254.8
65909.1
61031.3
55509
50079.2
45469.2
41933.2
38826.3
36131
33178.6
29597.2
25569.9
21711
19152.9
18640.7
20261.2
23604.9
29141.8
36773
45631.2
54294.9
61091.2
64688.3
64498.1
60725.8
54227.2
46336
38444.7
32053.1
27029.5
23491.5
21325.5
20244
19595.5
18219
15961.6
13697.4
12474.9
13057.1
15353.9
19234.3
25281
33409.4
42581.1
51420.4
58089.6
61387.8
61017
57229.1
51302.3
44219.1
37195.8
30852.5
25698.6
22055.6
19787.9
19013.9
18219.4
16561
14294.2
12268.5
11646.1
12853.7
15428.9
19431.2
25703.8
33910.8
43117.6
52167.6
58900.3
62130.7
61336.1
56945.9
50371.1
42845.4
35408.9
29293.6
24345.6
20580.7
18190.4
17053.1
16574.3
15246.4
13300.2
11583.8
11025.8
12158.8
14537.9
18394.7
24571.5
32395.7
39581.1
44731.1
47062.7
46833.7
44669.4
40103.6
33787.4
26508.6
20090.1
15784.1
13325
12284.9
11773
11977.7
12252.8
11925.9
10721.9
9053.5
8067.37
7876.13
8263.88
9296.78
12166.7
16860.4
21789.6
26127.4
29423.2
31955.4
33710.4
33685.4
31859.1
29056.3
26489
24469.4
22778.8
21456.2
20957.3
21242.5
22029.1
22512.8
21897.2
20333.5
18334.8
16539.5
15358.1
15445.4
17332.8
21593.6
29616
40927.6
53346.9
63850.4
70575.2
73550.8
73351.8
70991.5
66679.6
61049.1
55073.8
49594.4
45034.4
41427.6
38547.4
35397.1
32255
29509.6
27847.2
27788.1
29425.3
32873.1
38273.3
45392
54284.2
64041.7
72605.6
78357.4
80266.1
78442.1
73780.8
67182.9
60027
53575.2
48080
43677.7
39900.6
36619.9
33420.8
29487.3
25275.9
21643
19410.7
18958.5
20587
24136.7
29947
37710
46567
55337.5
62009
65289.2
64770
60822.4
54703
47354.3
40186.5
34031.7
29088.7
25285.2
22700.1
21349.2
20406.8
18836.8
16622.4
14763.8
13839.1
14375.4
16500
20257.7
26122.2
33726.3
42254.9
50615.2
57133.1
60550.1
60509.3
57384.9
51947.9
45352.2
38544.7
32729.5
27798.3
23922.6
21321.5
19854
18890.4
17184.4
15057.1
13199.3
12586
13694.6
16219.6
20273.7
26356
34345.4
43222.7
51735.5
58243.4
61477.2
60881.7
56659.5
50179
42632.1
35049.2
28847.3
24176.2
20941.5
18901.5
18066.7
17591.2
16386.7
14502.7
12869.3
12598.4
13797
16228.3
19863.6
25412.4
32506.1
38915
43282.4
45052.3
44463.9
41993.6
37440.8
31433.6
24939.7
19437.1
15931.8
13899.7
13013.9
12681.9
13023.2
13329.5
12935.4
11567
9867.5
8849.55
8794.01
9508.47
10788.4
13410
17572
