4.73604
5.62645
7.58441
9.72127
11.644
12.8622
12.9054
11.9893
10.2664
8.03699
6.1128
4.98038
4.74259
5.55873
7.23727
9.39663
11.2638
12.4496
12.7064
11.5926
9.80121
7.91722
5.96526
4.93264
4.66671
5.73901
7.51082
9.60332
11.4232
12.4415
12.7121
11.9462
10.3482
8.33524
6.5441
5.32131
4.93766
5.81616
7.31927
9.25842
11.0828
11.9696
12.1946
11.2508
9.87778
8.01398
6.34588
5.21397
5.04753
5.65793
7.25068
9.19828
10.8133
11.9731
11.986
11.2556
9.90748
8.14439
6.53407
5.49426
5.40343
6.10101
7.73099
9.58108
11.2546
12.219
12.4532
11.7062
10.2897
8.51661
6.5603
5.5741
5.26422
6.06381
7.75195
9.75177
11.3373
12.2907
12.403
11.5749
10.0276
8.25052
6.45476
5.25608
5.23722
5.8866
7.78908
9.7183
11.4457
12.5918
12.6743
11.9279
10.551
8.86755
7.12221
6.12371
5.78767
6.18727
7.54382
8.89087
10.1313
11.2746
11.7675
11.36
10.1853
8.87472
7.03766
5.99214
5.88054
6.19631
7.16572
8.67205
9.62882
10.5404
10.4961
9.75996
8.54151
7.13383
5.70594
4.79198
4.57541
5.21275
6.56349
7.98249
10.0021
11.1596
11.6725
11.6698
10.5111
9.21494
7.77576
6.47523
6.43713
6.80313
8.10039
9.43241
10.8035
11.8058
11.9477
11.3414
9.78259
8.08545
6.47141
5.22614
5.06408
5.33843
6.56983
8.23932
9.90955
11.1086
11.6834
11.7276
10.4609
9.07737
7.43289
5.97825
5.90203
6.56901
8.11934
10.3718
12.2559
13.7049
14.0315
13.0345
10.9649
8.20077
5.99293
4.44867
3.71106
4.32749
6.24939
8.66262
11.613
13.6887
14.3483
13.4668
11.2417
8.28574
5.57399
3.82408
3.45836
4.28889
6.52793
9.35968
11.6532
13.6355
14.2448
13.1837
11.285
8.75105
5.94508
4.06939
3.44976
4.16545
6.25141
8.98857
11.4719
13.6513
13.9543
13.3966
11.0396
8.32672
5.80424
3.69116
3.54899
3.94265
6.22145
9.25683
11.738
13.8024
14.0779
12.837
10.7439
8.19752
5.64916
3.76923
3.5435
4.13885
6.52967
9.42806
11.9107
13.7527
14.0336
13.0715
10.9321
8.32707
5.54813
3.63733
3.54801
4.52098
6.87535
9.66359
11.5717
12.9022
13.1273
12.2429
10.3746
8.02425
5.90058
4.5965
4.31535
5.13579
6.94281
9.34726
11.4706
12.689
12.8439
12.0087
10.1836
8.00467
6.0221
4.70117
4.47529
5.40502
7.26864
9.7333
11.7371
12.9077
13.0635
12.2131
10.422
8.02787
5.97275
4.45211
4.25093
5.48755
7.40763
9.67429
11.5627
12.7389
12.8972
11.8647
10.2011
7.99154
6.02095
4.70972
4.72507
5.59751
7.38481
9.45719
11.4171
12.7985
13.0309
12.1244
10.3417
8.35212
6.14157
4.86714
4.773
5.78106
7.5317
9.58082
11.3407
12.63
12.9497
11.9504
10.1611
8.12613
6.13536
4.92894
4.71639
5.5748
7.28146
9.44476
11.3105
12.7387
12.9672
12.093
10.3916
8.13083
6.26337
4.87454
4.63363
5.38358
7.16935
9.59537
11.5831
12.6209
13.0013
12.0091
10.1437
8.16609
6.2936
4.93238
4.82256
5.37856
6.93965
9.25808
11.1929
12.6214
13.0201
12.17
10.452
8.22532
6.40746
4.92801
4.73072
5.56079
7.11918
9.58267
11.5522
12.7305
13.0867
12.2198
10.4344
8.49548
6.59815
5.14347
4.81379
5.53677
7.09726
9.26251
11.0593
12.341
12.6167
11.8821
10.5214
8.36147
6.42951
4.96874
4.44193
5.49489
6.88424
9.12479
10.9698
12.0999
12.4376
11.8166
10.412
8.22902
6.38219
5.15096
4.78431
5.67438
7.01401
8.94404
10.845
12.1811
12.567
11.7315
10.4577
8.16042
6.49147
5.21924
4.97057
5.90383
7.37586
9.29166
11.1923
12.2089
12.4844
11.8472
10.4637
8.42642
6.53462
5.35246
5.02882
5.91439
7.53898
9.23572
11.1527
12.4941
12.6064
11.79
10.185
8.18441
6.2967
5.35266
4.84851
5.66813
7.37509
9.34677
11.3707
12.7649
12.8935
11.9802
10.2602
8.21805
6.46366
5.30285
5.02154
5.80537
7.56741
9.53092
11.5019
13.1203
13.2176
12.2923
10.38
8.16216
6.21735
4.27168
3.90815
4.8247
7.0641
9.59167
11.761
13.1164
13.4781
12.3366
10.1547
7.89822
5.6763
4.11528
3.5139
4.25246
6.33069
8.59288
10.8023
12.5502
13.1501
12.2319
10.5146
8.10546
5.82702
4.37612
3.64989
5.00376
7.01795
9.69777
11.8749
13.6742
14.2448
13.1349
11.0426
8.30958
5.81597
4.19552
3.59065
4.40699
6.51972
9.11324
11.4786
12.9137
13.0643
12.3202
10.674
8.11981
5.74686
4.21962
3.94136
4.78584
7.01885
9.45425
12.1982
13.7988
14.2144
13.5066
11.4008
8.6723
6.00564
4.66311
4.46151
5.31928
7.07471
9.27136
11.3109
12.6718
12.7403
11.851
10.0927
8.01731
5.9275
4.68864
4.424
5.32739
7.32427
9.69906
11.5159
12.8365
13.2036
12.2879
10.516
8.33206
6.23439
4.86286
4.5521
5.39308
6.89172
8.9977
11.0678
12.2703
12.7386
11.8252
10.3132
7.97256
6.22874
4.9594
4.6682
5.63669
7.09017
9.21228
10.9602
12.3327
12.8234
12.1101
10.6881
8.52266
6.76548
5.44858
4.88334
5.65552
7.15064
9.15956
11.3235
12.5845
12.7684
12.123
10.4202
8.62856
6.63488
5.3737
4.96381
5.76147
7.23824
9.26654
11.1801
12.4276
12.8942
12.087
10.5911
8.55511
6.62385
5.27978
4.84395
5.3561
7.22177
8.78234
10.6313
12.0507
12.2328
11.8612
10.3503
8.46233
6.64523
5.35598
4.83955
5.65708
7.41395
9.38379
11.2426
12.2873
12.6142
12.005
10.2449
8.33018
6.50794
5.32233
4.90877
5.6734
7.15003
9.32806
10.7845
12.0702
12.2681
11.6258
10.1976
8.08557
6.46849
5.29128
5.27928
5.82191
7.48809
9.49666
11.2996
12.3689
12.4938
11.8064
10.2191
8.2244
6.38446
5.25025
5.17064
5.81108
7.44557
9.36775
11.1817
12.1093
12.4375
11.6691
10.1262
8.3349
6.37544
5.43967
5.16748
5.95571
7.37676
9.35413
11.2616
12.5472
12.7682
12.0733
10.4097
8.28168
6.39404
5.26605
5.01971
5.74366
7.1587
8.97832
10.9671
12.1183
12.2743
11.6187
9.97617
8.17029
6.574
5.18588
4.96528
5.8737
7.4548
9.49189
11.3602
12.6745
13.0374
12.1392
10.5331
8.31111
6.49842
5.23192
5.05063
5.5686
6.98178
8.99396
10.961
12.291
12.482
11.5917
9.94212
7.9604
6.21952
4.87863
4.73355
5.3632
6.99306
9.32525
11.4019
12.7768
13.0357
12.2585
10.5764
8.63886
6.46576
5.23973
4.73921
5.43483
7.14362
9.39452
11.4688
12.7195
12.6743
11.8662
10.3638
8.06481
6.1481
4.81408
4.50043
5.4678
7.2409
9.42123
11.4173
12.7723
12.8184
12.0799
10.5434
8.24629
6.23145
4.82187
4.59895
5.48182
7.36567
9.39192
11.3559
12.6386
12.7854
12.0087
10.3193
8.00014
5.98749
4.60529
4.44883
5.5603
7.51765
9.64537
11.7698
13.1684
13.2903
12.3362
10.3701
8.11215
6.27165
4.85283
4.75653
5.88255
7.81343
9.71821
11.2845
12.4906
12.5927
11.7022
9.98374
8.17487
6.26686
5.22642
5.16431
5.93355
7.75261
9.23716
10.5041
11.5671
11.6662
10.9332
9.59396
7.96825
6.67307
6.08412
6.22012
7.02517
8.31856
9.58056
10.5232
11.0906
11.2381
10.4677
9.44669
8.31516
7.33389
6.7257
6.50002
6.65703
7.84292
9.08209
10.1328
10.7357
10.6788
10.2722
9.22705
7.95984
6.71606
6.29292
6.3293
7.06014
8.22446
9.60593
10.7404
11.3959
11.532
10.9088
9.69503
8.6289
7.41662
6.954
6.7023
7.09312
8.05345
9.3133
10.5663
11.29
11.17
10.6934
9.53994
8.19891
7.03016
6.09388
6.02003
6.51628
7.67308
9.34235
10.8768
11.7836
11.8314
10.9629
9.65964
8.34666
6.87024
6.00182
5.81647
6.19858
7.59912
9.4221
11.1431
12.408
12.6129
11.9549
10.3161
8.34857
6.44473
5.16634
4.92962
5.57153
7.17672
9.34237
11.1984
12.2627
12.3954
11.6283
10.0981
8.27145
6.45677
5.24935
5.07417
5.77173
7.3732
9.06417
11.0435
12.1825
12.3822
11.7928
10.4016
8.54363
6.87038
5.64926
5.42915
6.21358
7.65337
9.40202
10.9979
12.0359
12.39
11.7871
10.3374
8.44676
6.57942
5.47241
5.16997
5.87545
7.20704
9.00999
10.7435
11.6999
12.0194
11.3895
9.91288
8.06409
6.4193
5.11422
4.78572
5.76733
7.31374
9.13478
11.018
12.2307
12.6627
12.1195
10.4936
8.39496
6.70666
5.48731
5.2096
5.7889
7.39557
9.29101
11.0228
12.1997
12.4316
11.8382
10.3024
8.43105
6.4049
5.2943
5.20446
5.73797
7.29515
9.16217
11.0767
12.2813
12.4977
11.8905
10.1661
8.61414
6.8325
5.71071
5.39839
5.98324
7.45004
9.31992
11.5886
12.8353
12.8782
11.7495
9.88391
7.30744
5.31163
4.42529
4.56109
6.23515
8.23327
10.3654
11.8603
12.9096
12.5994
11.1182
9.37667
7.13804
5.13181
4.09724
4.1887
5.36258
7.42498
9.87591
11.7038
12.8577
12.5449
11.3527
9.38925
7.4802
5.86929
4.80577
5.03238
6.35225
8.43391
10.6523
12.308
12.9777
12.827
11.3473
9.23935
7.03867
5.39332
4.79394
4.96529
6.01383
7.83822
9.74428
11.4732
12.4726
12.3016
11.3194
9.73109
7.4026
6.03323
4.78217
5.03024
6.24586
8.23705
10.5411
12.248
12.8515
12.5444
11.3558
9.67789
7.87775
6.19747
5.21036
5.19287
6.01468
7.5048
9.42242
11.2984
12.2715
12.1663
11.4011
9.76447
8.13778
6.5655
5.59307
5.42582
6.20281
7.53423
9.3291
