19.649
19.5592
20.1348
19.6355
19.5022
19.0507
19.1277
19.6797
20.0053
19.9172
20.0788
21.2167
20.3167
19.8053
19.4659
19.2409
19.3706
19.4257
19.6139
18.8472
19.1692
18.544
18.337
18.7661
18.2328
17.554
17.0729
17.2504
16.77
16.5411
16.502
16.4661
16.246
16.7514
16.3068
15.7849
16.3188
15.6855
15.5127
15.2723
14.5477
15.1334
16.0739
15.7932
14.8379
15.4144
15.4898
15.4569
15.6124
16.4364
16.6055
16.9276
17.3323
16.4415
16.0216
15.9973
16.035
16.7101
16.1966
16.0826
16.0196
15.9593
16.1663
15.7772
15.9152
16.1582
16.5762
16.2924
16.3767
16.299
16.5505
17.0276
17.0635
16.9674
16.9991
17.2901
17.3896
16.9084
16.79
16.5995
16.3674
16.645
16.3208
16.209
16.3874
16.4859
15.6338
15.7292
16.0046
15.9399
15.9849
15.3933
15.4339
14.8212
15.0959
14.9514
14.7596
14.3169
14.0165
14.1294
13.918
13.7311
13.4274
12.9494
13.2701
12.3878
11.9291
11.4841
11.2406
11.0389
11.5457
11.1243
10.75
11.237
10.9971
10.8635
10.475
10.009
9.65898
9.50552
9.11188
9.18181
9.33088
9.63519
9.34448
9.14168
9.70798
9.93403
9.96272
9.64879
9.50418
9.29735
9.0734
8.87075
9.41894
10.1696
10.2307
10.099
9.83539
9.42633
9.89602
9.84477
9.51135
9.24796
9.07156
8.90462
8.6402
8.25411
7.85677
8.14302
7.72818
7.18022
6.29397
6.47212
6.91915
6.45523
6.24387
6.32743
6.44016
6.58637
6.68576
6.39366
6.28921
6.34125
5.92785
6.08065
6.23727
6.43783
6.62678
6.73721
6.67414
6.20968
5.58841
5.58285
5.5618
5.60123
6.03139
5.52541
5.83318
5.7724
5.69852
5.79226
5.9967
5.60419
5.62539
5.79016
5.6962
5.85702
5.52511
5.42657
5.57419
5.80348
6.22986
6.14071
5.98799
5.87907
5.99817
6.94953
6.44035
6.83649
6.91629
6.84148
6.55554
6.54013
6.58718
6.5423
6.22776
6.56474
7.14536
7.82446
7.35209
6.2772
6.45833
6.65308
6.15289
5.1167
5.27683
6.46862
7.26986
7.24203
7.81433
8.53015
9.0578
8.64523
7.83073
10.5817
12.5449
14.614
17.1495
19.0062
20.4531
22.3047
22.5851
23.2012
24.2683
25.3802
24.7141
24.7693
24.2807
23.119
23.3273
23.026
22.7197
23.0247
23.3908
22.9721
23.5096
23.324
22.9721
22.9003
22.61
22.4124
23.3137
23.147
22.67
21.9197
22.2478
20.274
19.8933
18.9148
18.716
19.9228
18.6954
18.3228
18.6945
18.0766
17.1093
16.7473
16.4063
16.358
17.441
17.8295
18.9637
19.211
18.3959
18.4116
18.276
18.6821
18.5843
19.1918
18.8955
19.4464
18.5245
18.0241
18.4442
19.2333
18.7314
18.523
17.8448
17.4936
17.6845
17.8716
17.234
17.1511
16.5394
15.9888
16.5958
16.9563
17.2206
17.0399
16.2972
14.6891
15.0725
14.6731
14.6489
13.7114
13.2712
12.734
12.9476
10.895
10.7715
11.6998
12.0261
11.6079
11.2569
11.134
11.4066
12.4857
12.2762
12.7066
13.9891
14.4395
14.5365
15.561
15.7743
16.017
15.0934
14.7964
14.7096
14.4885
13.945
12.7928
12.5522
11.3
11.2709
10.1977
10.5121
11.1463
10.7632
11.407
11.4834
11.788
11.8027
12.5144
12.7653
12.76
13.4737
13.4684
13.8083
15.4981
15.7048
16.2483
16.5295
18.3054
17.6564
18.7191
18.0017
17.638
17.8025
17.8695
17.9579
17.8678
17.8884
18.3371
19.1962
19.039
18.3583
19.2659
19.1917
19.0947
18.7455
18.2686
17.9938
18.222
19.0624
19.4182
19.8102
18.8344
19.3312
18.9511
19.181
19.0185
19.0732
18.8313
18.307
18.1506
18.0748
18.2069
18.2824
18.2199
18.7106
18.4573
18.3919
18.3355
18.2515
18.1882
17.591
17.3162
16.253
16.668
17.346
17.1194
16.9624
16.8498
16.6655
16.0811
16.0838
16.2642
16.0735
15.6594
14.9477
15.0069
15.1192
15.364
15.3811
15.5828
15.7163
15.4688
15.4999
14.8396
15.1229
15.1949
14.8829
14.9595
14.5166
14.6379
14.909
15.3304
15.0958
15.4808
15.2364
14.986
15.1014
15.3109
15.0849
15.0839
15.0002
14.4389
14.1421
13.6442
13.2068
13.7229
13.8087
13.865
13.1787
12.4893
12.7875
12.8445
12.2204
11.871
11.9955
11.0333
11.5958
11.2979
11.9306
11.4382
11.1775
11.0764
11.3254
11.9549
11.5618
11.5309
11.1953
10.8398
11.194
10.8176
10.7447
11.1669
11.7162
11.0569
10.3494
10.2608
10.2196
10.5036
9.86665
9.50322
9.75776
9.85272
9.56785
9.37972
9.63533
9.63421
9.55634
10.0719
9.35046
10.0436
10.1655
9.68798
9.45112
8.79929
9.13096
8.85712
9.22982
9.29509
9.65442
9.00944
9.09326
9.35496
8.9911
9.46483
8.87381
8.50695
7.94373
7.7506
7.46605
7.62928
8.01119
7.66631
7.57485
7.74718
6.92829
7.29666
7.10224
6.6825
6.49103
6.91266
6.5352
6.91745
7.12968
7.2751
7.31948
6.76066
7.00442
6.45072
7.10092
7.00882
6.72474
6.34665
6.2871
6.4286
6.85823
6.65449
7.23378
8.02049
7.45146
7.99662
7.35064
7.8017
7.97423
6.6665
6.85043
7.09243
7.12739
7.25162
8.16243
8.67868
7.44596
6.73393
6.2918
6.97128
7.44387
8.8341
8.42165
8.12892
7.49133
6.76202
7.51735
7.66925
7.44482
6.85337
6.20353
6.86014
5.70336
5.98735
6.22379
5.95408
6.39418
6.53736
6.89528
6.98991
6.3271
6.52434
5.84731
6.38404
6.24212
7.41404
8.40616
8.47579
7.21753
7.09527
7.65807
7.34363
7.28381
7.5933
9.01115
9.13703
8.0909
8.7831
9.03838
9.5188
9.80422
10.4257
11.5589
11.085
11.4654
11.7647
11.9873
11.3475
10.7975
11.4768
11.8615
11.9416
12.5853
12.8523
13.0377
13.0391
12.5143
12.7655
13.4482
13.0966
13.6696
14.6509
14.4952
14.4151
14.2408
14.9192
14.6215
13.5149
14.0538
14.0399
14.4277
15.4248
14.4965
14.8944
14.1023
13.9457
13.4421
14.6103
14.9651
13.607
12.8982
13.7386
13.6759
12.8832
14.5649
14.2316
14.4239
15.5023
15.7231
15.1113
14.7568
14.5127
15.0365
15.2142
15.9239
16.0823
16.5515
16.8576
15.8787
14.7452
15.5909
16.4138
16.5194
17.5851
17.5232
17.0072
17.286
16.8676
16.9508
17.3549
18.3449
19.1604
18.242
18.0984
17.3421
16.9498
16.6692
16.4711
16.1526
16.0175
15.7778
15.9852
18.2646
17.5303
17.8766
17.7165
17.3675
18.0802
18.2434
17.5174
17.5611
18.2195
17.7589
18.2107
18.7161
17.9008
17.6205
18.4812
18.4829
19.1976
17.9355
17.9014
17.9647
18.1732
17.9906
17.1174
17.2162
17.7702
18.8184
19.4079
18.6177
17.2005
16.9222
17.5393
17.3995
17.8879
18.6418
18.2852
19.0438
18.3435
18.0198
18.3007
17.4484
17.3412
18.3538
19.1097
18.5028
18.4115
17.9235
18.0509
17.8797
17.4395
17.3605
17.6149
18.4924
18.3346
17.3167
18.2494
17.5808
17.552
18.0297
17.7253
16.9343
17.5258
17.1733
17.0332
17.2734
17.0834
16.5922
16.9224
16.6903
16.8263
17.3831
17.5069
17.3198
17.3049
17.3118
17.2185
17.4357
17.6734
17.4348
16.9028
17.2261
17.6936
18.0588
17.4793
16.9175
16.7655
17.1455
17.0402
16.6938
15.7146
16.1672
16.0325
15.691
15.8709
16.237
16.5103
15.8443
15.7923
15.9353
15.9343
15.3793
15.1796
15.599
16.1008
15.9811
16.1798
16.4996
16.8575
16.138
16.1239
15.3629
15.9011
15.8627
15.9733
15.8275
15.3167
15.3338
14.5431
14.1573
14.6351
15.4736
15.5901
15.1279
14.3009
14.7745
14.3776
14.4693
14.2044
14.1542
14.4822
14.2554
14.1494
13.7208
13.5405
13.0529
13.0707
13.5835
13.4146
14.4315
14.1322
14.2433
15.2443
15.6154
15.0149
14.6537
15.3147
15.3509
15.7995
15.6954
15.7724
16.0233
15.6898
15.8267
14.9118
15.1908
15.1665
15.4564
15.2601
15.3598
15.4167
15.0816
14.9865
14.9173
15.0507
15.1196
15.0776
14.9664
14.8947
15.0205
14.5361
14.4849
14.4016
14.6885
14.4369
14.3144
14.1422
13.565
13.4312
12.8271
12.0141
11.977
11.6526
11.5777
11.304
11.0458
11.4451
10.9523
10.6684
11.1011
11.3392
10.7141
10.3882
9.95654
10.3333
10.3569
9.87561
9.66289
9.91231
10.2448
9.95539
9.57758
9.21563
9.50713
9.18639
8.68049
8.24012
8.6318
8.61403
8.80129
8.63157
8.22306
8.27127
7.60958
7.04514
7.44547
7.93721
7.81576
7.88556
7.65893
7.62446
6.99493
6.63873
5.61436
5.56708
5.67
5.48652
5.38111
5.01126
5.12735
5.66671
5.59564
5.05948
5.30082
5.43564
5.47525
6.18764
6.50099
6.12842
5.96305
5.83877
5.82709
5.90698
5.14349
4.49442
4.74947
4.7785
4.34376
4.55054
4.5433
4.98237
5.19262
5.16521
5.21792
5.35117
5.02761
5.49412
5.3927
5.98004
6.23598
6.05178
6.27967
6.45507
6.47849
6.95847
7.19312
7.33922
7.32923
7.15628
6.63778
6.03381
6.22909
6.53758
5.61083
5.18567
4.56823
5.60919
5.25118
5.22097
4.99328
5.31831
5.51604
5.29433
5.89932
5.98392
6.51794
6.91592
7.81063
11.4202
13.8752
16.2358
18.6198
19.9816
21.751
22.5977
24.2674
24.769
26.4793
27.1626
27.9077
27.9636
28.1582
28.8962
29.8601
30.3881
31.4619
32.0519
32.6306
32.4885
33.1835
33.3439
31.9954
32.2107
31.3283
30.673
30.9016
30.0585
29.6957
29.3585
28.5946
26.8122
26.8204
25.5904
24.8571
24.8122
24.7528
24.5041
23.7217
22.9666
21.7045
20.9741
20.8603
20.1543
19.7032
19.4049
19.5673
19.6625
19.0881
18.2044
18.0363
18.3541
18.0148
18.1613
18.2723
19.0593
19.0929
19.0293
18.9647
18.8685
19.3744
18.6629
18.5597
18.6092
18.4277
18.3857
17.9976
18.0921
18.0252
18.1144
17.5357
17.2922
16.8576
16.9143
15.5492
14.8191
14.064
13.6897
13.8084
13.8427
13.5471
12.7136
12.3754
10.9863
10.8714
10.9338
10.7884
10.1021
9.76339
9.893
9.71483
9.82418
9.93324
10.3028
10.9226
10.5788
10.7496
11.6976
12.4041
11.6985
11.4647
11.5175
10.8307
10.8211
10.9357
10.8675
11.505
11.8104
11.3685
11.5117
11.131
11.9732
11.6024
11.2058
10.8854
10.5455
10.7181
10.5026
10.1757
10.2455
10.0765
10.8598
11.0951
11.8668
11.8881
12.756
12.1767
13.0426
13.6005
14.0498
14.5193
14.1164
14.2196
14.5908
15.4786
16.7305
16.9057
17.6267
17.1005
17.4227
18.0686
18.2305
17.4911
17.4563
17.9801
17.1469
16.7148
17.1966
16.8285
16.7079
16.7623
16.3024
15.8272
16.0354
16.0163
16.8795
17.3085
16.9569
15.8824
15.9558
16.1724
16.2717
16.3141
16.3358
15.5736
15.3211
15.6012
15.4423
16.1986
15.3901
15.0904
14.5142
14.7677
14.313
14.769
14.9824
15.1209
14.7043
14.695
14.2947
14.4619
14.6809
14.3387
14.4164
14.5797
14.4952
14.544
14.957
14.6179
14.6133
14.6353
15.253
14.7938
15.0529
14.5821
14.2951
14.2159
13.8396
13.7193
13.528
13.4983
13.2276
13.2749
13.1542
12.9894
12.5541
12.6407
12.9357
13.3458
13.2603
13.311
13.6426
13.7212
13.8776
14.1581
13.4646
13.349
13.4507
13.6795
13.3082
13.4207
13.063
12.7915
12.8086
12.6972
12.505
13.0297
13.134
13.4516
13.631
13.4357
13.5558
13.3104
12.9924
13.3653
13.121
13.0283
13.307
13.2342
13.2586
12.9022
12.6282
13.043
12.8659
12.8287
12.2635
12.5607
12.3604
11.8683
12.0743
13.0335
12.4744
12.4428
12.2259
11.7763
12.0579
11.6595
12.0378
11.6504
11.0598
10.8722
11.0539
10.919
10.8974
10.3155
10.5047
9.74856
9.89781
9.46176
9.8108
10.0507
9.59861
9.31643
9.30549
9.10871
9.01842
9.20368
9.889
9.94552
8.75625
8.52816
8.78823
9.29059
9.50003
9.61151
9.39265
9.52859
8.96224
9.31243
9.09794
8.62301
8.36338
8.52887
8.97851
8.41149
8.09651
9.16567
9.17349
8.4495
8.12628
8.18423
8.397
8.25897
8.46975
8.57766
8.50438
7.91779
7.86155
7.96001
7.55664
7.27497
7.37717
7.14391
7.30652
6.88791
6.73573
7.02876
7.35917
6.78188
6.82507
6.99558
7.0055
6.54775
6.68878
6.66647
6.24387
5.89745
6.32355
6.04952
6.665
6.3016
6.3152
6.64769
6.5329
5.36959
5.15188
5.70243
5.36773
4.90801
5.21954
4.97289
5.21095
5.97568
6.16252
5.81213
6.37576
6.84109
7.38764
7.5835
7.96753
8.1098
7.2322
7.33523
7.12776
7.09483
7.50147
7.4188
7.32559
7.7696
7.69945
8.42233
8.66637
8.07741
7.61953
7.95703
7.75171
8.23167
8.16487
8.02373
7.2455
6.69279
6.97409
7.69778
8.01603
8.65012
8.66045
9.14156
9.14346
8.31912
8.79144
10.0963
10.0305
10.232
10.5476
9.88292
9.82685
10.222
9.89919
10.3502
10.7388
10.4927
10.8397
11.7422
12.1535
11.9579
11.8473
12.6633
12.5392
13.1263
13.7228
13.9752
14.9884
15.2357
14.6426
14.2627
14.5415
14.5663
15.0549
14.7929
15.6153
15.3176
15.3857
14.6503
15.1458
15.3452
15.885
15.9488
15.8554
15.7603
15.6785
16.6225
15.8157
17.1903
17.625
17.4978
17.1223
17.3452
17.9511
18.3466
17.0225
16.1758
16.9836
18.4879
17.5021
16.9337
17.1535
18.0285
17.8074
17.3714
17.8312
18.7946
17.7656
17.1469
16.9194
16.2606
16.7833
15.872
16.4346
16.6697
17.4747
17.1778
18.1979
17.9834
18.674
18.6251
18.2678
18.3326
18.4979
19.0689
18.4225
17.6627
16.898
17.6485
17.3294
17.5189
17.8103
19.3939
19.3064
18.5516
18.3036
18.3973
18.5891
19.1813
18.5503
17.6711
18.615
18.0056
17.8734
19.0722
18.6357
17.6583
18.6515
18.6246
18.9146
19.1124
19.0521
18.7828
18.0098
17.9559
17.6441
17.7738
18.1879
18.2534
17.0806
16.8732
16.6526
16.7772
17.0335
16.5315
16.7499
17.0574
17.8856
16.9545
16.8264
16.651
16.5615
16.4519
16.9351
17.5608
16.9281
17.4289
17.0405
17.314
17.9129
17.4705
16.4959
17.0731
17.6556
17.5884
17.272
16.316
16.4675
17.3328
16.9486
16.9748
16.422
16.5681
17.16
16.7327
16.5792
16.0609
16.5188
16.3697
16.6741
16.0618
15.6571
15.5455
14.8568
14.7163
14.7637
15.3456
15.4881
15.9489
15.5485
15.3883
15.325
15.2191
14.9471
15.0113
14.8132
14.8831
15.4282
15.6391
15.1881
15.1095
14.6737
14.7623
14.838
15.1001
15.5135
15.771
15.5737
15.0049
15.2296
14.6685
14.0399
13.3628
13.1136
14.026
14.0081
13.8951
13.8874
14.1711
14.0038
14.5782
14.5461
13.9611
13.9462
14.3849
13.6891
13.6819
13.3416
13.2792
13.3381
13.2098
12.9342
12.9854
13.3432
13.1002
12.7699
12.2861
12.1425
12.2609
12.428
12.3852
12.2636
12.2392
12.2303
11.8649
11.5587
12.1742
11.9364
12.2842
12.8546
12.7035
12.6607
13.2964
13.6462
13.6998
13.3804
12.9095
12.6293
13.2419
13.3988
13.4945
13.0336
12.2587
11.9938
11.6192
12.0305
10.9369
11.3348
11.2253
10.9347
10.8328
10.3231
10.4159
10.7824
11.6739
11.3745
11.3137
10.441
10.6372
10.9957
11.1847
10.7224
10.1216
9.61206
10.2902
10.4662
10.1487
9.53625
9.67882
10.2013
10.3407
10.5963
10.669
10.9486
10.7773
10.4341
10.2998
10.7468
10.316
10.9833
11.3465
10.7699
9.9876
9.00513
9.07113
9.06646
9.51624
8.40158
8.18199
8.32963
8.86675
10.0589
9.6215
8.90808
7.83007
7.87934
7.71019
8.49365
8.75506
8.45628
8.11246
7.58681
7.26948
7.30345
7.01258
7.70763
7.42695
7.99412
7.99702
8.21359
8.23921
8.28602
8.00079
7.75558
7.27137
7.4835
7.93552
8.13066
8.56061
7.89571
7.22559
6.79929
6.66062
6.88856
7.22736
7.08039
6.77164
6.8367
6.69177
6.54568
6.22547
6.2546
6.68355
6.61512
6.86943
7.20874
6.7935
6.26215
6.19147
6.47989
6.42166
5.85965
4.88154
5.14648
5.65511
5.53427
5.54779
6.09266
6.7184
7.41439
7.48949
7.41214
7.17423
7.64396
8.21548
8.38429
8.56101
8.56373
8.01354
9.29671
8.85065
9.20185
9.32411
9.93115
9.9563
10.736
9.93196
9.51827
9.51669
8.60283
9.971
10.1972
10.2317
10.3645
11.0964
11.7803
11.6267
11.4901
11.0545
11.5761
10.9739
11.0738
10.5504
10.8878
10.9611
11.1688
11.4906
11.982
12.2098
12.0548
12.9518
12.8162
12.247
13.1752
13.9751
14.2762
14.265
13.8397
14.6866
14.5252
15.472
15.2579
14.4253
15.9099
16.7978
16.8526
19.274
19.0222
18.9925
19.6324
19.0205
18.4604
18.7211
19.0619
19.0761
19.8736
18.915
19.4821
19.1997
19.1405
18.3967
17.7005
18.9704
17.6543
19.1674
18.9601
18.674
18.4607
18.4422
19.1279
19.5392
19.027
18.8477
19.2624
19.5125
18.4214
18.8397
17.8361
17.4203
17.2533
18.2739
19.6568
20.9444
20.8819
20.0859
20.764
19.6744
19.3254
19.1612
20.2597
20.2909
20.3166
20.0606
20.0978
19.949
19.7066
19.7087
19.3746
20.2825
21.1697
20.79
20.5779
20.0365
19.5207
19.1371
18.9537
19.2349
19.2005
19.3175
19.0395
18.8128
18.5905
18.4814
17.2327
17.4026
17.2018
17.0559
16.7887
16.974
16.419
17.3633
16.9361
16.4109
17.3231
17.9556
18.35
18.2022
17.0947
17.1911
16.9603
16.5249
16.302
16.501
16.5943
16.832
17.3719
17.4026
17.593
16.9535
17.0182
16.8916
17.9252
18.0057
17.6541
16.9342
17.4257
17.1026
16.7709
16.4841
16.4279
17.0012
16.8116
17.1761
17.0365
17.2178
17.3567
17.2792
17.3737
17.2605
17.3526
16.9687
17.2084
17.4671
17.2106
17.44
16.7802
16.8898
17.5319
17.7215
17.6076
17.2556
17.9273
17.5301
18.0265
17.3521
17.493
17.4503
17.0282
16.9081
16.3932
16.2289
15.3281
14.8783
14.4701
15.1255
15.2438
15.0606
14.5954
14.3993
14.586
14.7124
14.6725
14.9686
14.5662
14.7692
14.5899
14.8165
14.6521
14.6847
14.235
14.0594
14.4413
14.4471
14.6176
14.0288
13.866
13.8358
14.2614
14.3989
14.1165
13.98
13.845
13.4992
13.7831
13.632
13.3267
13.7101
14.2057
14.1246
13.9735
13.8837
13.6769
13.7494
13.4557
13.1078
12.5777
12.4766
12.9497
12.8535
12.8365
12.7299
12.6509
12.5485
12.2773
12.453
12.6508
12.3424
12.4837
11.7431
11.9162
11.5744
11.5052
11.5627
11.489
11.738
11.5836
12.187
12.0563
11.957
11.6036
11.5772
10.7207
10.5042
10.5965
10.5671
10.2832
10.2771
10.5813
9.89951
9.6857
9.92307
9.97477
10.2782
11.1613
10.6309
10.4801
10.6807
10.7937
10.8717
11.0126
10.7842
10.7487
10.8564
11.2496
10.277
10.2833
10.3421
9.95455
10.0913
9.53357
9.41801
9.45084
9.4505
8.78642
8.09506
7.62751
8.08946
7.86604
7.69839
7.72747
7.3508
7.38624
7.14982
6.81715
6.32562
6.01865
6.37799
6.00332
5.77988
5.57924
5.05713
4.82867
5.04293
5.25977
5.27005
5.11178
4.84661
4.85924
4.5521
4.71895
4.66461
4.55232
4.78441
4.97625
4.97901
5.2221
5.34131
5.47286
5.20802
5.16062
5.06655
4.98419
5.45027
5.7658
5.82953
6.26441
5.663
5.32658
5.13943
5.34654
5.22925
5.1533
5.24214
4.94026
4.61724
4.34899
4.69661
4.69683
4.68665
4.61877
4.51877
4.6984
4.74468
4.87792
4.33628
4.51431
4.68896
5.02171
5.12764
5.67141
5.78192
5.94706
6.25805
6.91058
7.01621
7.77711
7.83709
7.67011
8.14357
8.27173
8.36282
8.58557
8.85218
8.79475
9.04397
8.74375
8.75918
8.44659
8.61461
8.45311
8.31867
8.92764
9.14511
9.08244
10.0807
10.1967
10.5972
10.7718
10.5123
11.1063
11.5429
11.5338
12.4499
12.8109
13.0622
14.023
14.6172
14.9221
15.9071
15.6407
16.3863
16.4066
15.6668
17.1681
17.3723
17.7743
17.9497
17.952
17.4069
17.1651
16.6144
17.1346
17.1448
17.3045
17.3725
16.7913
17.9148
18.5448
17.2815
17.9673
18.2805
18.2012
18.5206
18.3779
17.9656
18.2909
17.4987
18.0807
18.9034
18.4827
18.5529
18.2016
18.8595
18.3438
17.9062
18.2459
18.8687
17.9553
19.0027
18.5668
19.0037
18.6502
19.2545
19.7797
18.833
18.9259
18.1249
19.121
18.732
18.6323
19.4188
19.0467
18.0304
18.9067
18.5823
18.6708
18.4042
18.2858
18.5114
19.4029
18.254
17.97
18.2193
19.3864
19.3664
17.7425
18.5269
17.3213
18.2771
18.8775
17.8585
18.3769
18.4716
17.4053
18.1686
18.4907
18.0457
18.2333
17.5486
17.7148
17.7629
18.2116
18.3738
17.9837
17.5012
17.279
17.5417
16.5919
16.8618
17.7462
18.2934
17.8369
17.7497
17.5756
17.8042
17.9627
17.6489
17.2634
17.2217
17.903
18.0018
18.3608
19.292
18.5322
19.1286
19.097
18.9041
18.3779
18.1119
18.157
18.8191
19.0089
18.4163
18.8953
18.4535
19.413
18.339
17.4911
18.4421
18.2347
18.2745
18.6697
18.4838
17.9884
17.5288
17.5683
17.5682
17.714
17.6111
16.3542
15.9096
16.521
16.711
16.4472
16.0906
16.1201
17.0332
17.0018
16.2851
15.1718
15.4455
16.18
16.1963
15.7936
16.1139
16.8067
16.8253
17.084
17.0735
16.9014
16.3781
16.1444
16.2192
15.9456
16.9257
16.9109
16.8901
16.3839
16.0227
15.8071
16.0206
16.5806
16.84
16.6208
16.0734
16.4609
16.1521
16.5879
16.4936
15.6943
15.3259
15.7184
15.6139
15.232
15.6368
15.2687
14.83
15.2788
15.5504
15.5571
15.8762
15.9339
15.4932
15.9309
15.8434
15.5399
15.7688
16.2978
15.9036
15.5344
15.2467
15.0738
14.8806
14.6617
14.2872
14.3887
14.7371
15.1938
15.1778
14.4962
14.1412
13.7572
13.382
13.2333
12.9762
12.3926
12.4878
12.028
11.9435
11.6415
11.9958
12.3643
11.82
11.8018
11.4622
11.2017
11.0001
11.0667
11.2513
11.1991
10.9745
10.8442
11.4856
11.2224
11.1661
10.3294
10.1963
10.1726
9.9995
9.9362
9.90934
9.69039
9.33732
9.58885
10.006
10.0821
10.2294
10.2588
9.98079
9.44968
9.83178
9.78474
9.7284
9.63354
9.0674
8.67025
8.29239
8.45264
8.31884
8.52388
8.80221
8.34862
8.05573
8.2052
8.62654
8.49105
7.99143
7.74466
7.80368
7.33836
7.06125
7.05854
7.11908
7.30353
7.15871
7.0498
7.19295
6.71892
5.88372
5.93987
5.78724
5.65351
5.74042
5.79749
6.21658
6.23349
6.56126
6.24191
5.75125
5.64718
5.49074
5.98994
6.29064
6.39061
6.44189
6.52133
6.53992
6.35573
6.20536
5.94872
5.98297
5.53127
5.53219
5.35233
4.8992
3.88808
4.03955
4.38891
4.09488
4.2829
4.77585
5.7154
5.99928
5.98389
5.55737
6.21932
6.09249
6.08901
6.61817
6.23994
6.45037
5.534
5.34618
5.17154
5.06228
4.67542
4.26238
4.91126
4.7759
4.6906
4.29349
3.97344
3.86343
3.86209
4.3498
5.39858
6.25921
6.37403
6.50204
6.26137
6.25755
6.86767
6.88508
7.75048
7.49595
7.48073
7.16968
7.09437
7.41839
7.3203
7.80545
7.84016
7.83115
8.75449
9.40363
9.01525
8.44836
8.06655
7.80028
8.15873
8.47632
9.57437
10.2851
10.511
9.94594
8.81558
9.58109
10.0607
10.0058
9.82619
9.70553
9.94299
9.71302
10.04
11.2675
10.5834
9.71731
10.2839
12.0331
12.4897
13.3404
13.3745
13.1138
13.2526
14.1728
13.65
14.9356
15.3902
15.438
15.5224
15.6412
15.8869
15.6925
16.2212
16.3992
15.8684
16.3781
15.6093
14.8772
15.8446
15.8478
15.54
15.7187
16.6731
17.2505
17.934
17.4444
17.7206
17.145
17.8932
18.2493
17.9948
18.4928
18.8917
19.6129
18.9952
18.5013
19.8115
19.2788
18.1848
18.4804
18.6012
19.081
18.4248
18.5927
18.8824
18.2851
18.9874
18.6965
18.7655
19.1291
18.7612
18.0819
18.375
19.4694
20.1661
20.3673
20.0019
20.222
19.1678
19.7193
19.4383
19.0986
19.4827
18.8387
19.3949
20.0919
19.9856
19.086
18.4849
19.3009
18.8866
19.7994
20.4769
19.9349
20.143
20.8139
20.7237
20.3162
20.8694
20.8789
21.1941
21.1478
21.1759
22.2525
21.4041
21.503
20.9998
21.8402
21.1705
21.9211
22.5027
22.1012
21.531
20.6667
20.2601
20.6735
20.986
21.2771
20.9656
20.2195
20.7209
19.9512
19.7776
19.1563
19.3791
19.0787
18.8871
18.4945
18.9127
18.8292
18.0392
17.6398
17.3932
17.9661
17.9141
18.2952
18.4815
18.0689
17.5844
17.9297
17.6983
18.6578
18.7777
18.5333
18.9115
18.8899
18.3046
18.0265
17.9987
17.5884
17.7212
17.547
17.547
18.0988
18.3587
17.5348
17.7715
17.447
17.3757
17.4705
17.8157
17.4351
16.6646
16.5674
16.2365
16.4204
16.0203
16.0135
15.6097
15.6957
15.3252
15.9872
15.405
14.9193
14.1703
14.3685
14.4694
15.0102
15.5666
15.1422
14.9651
14.2202
14.3435
14.8373
15.0506
14.8799
14.8928
14.956
15.0755
14.9527
14.8329
14.9321
15.0841
15.0052
15.48
15.663
15.6016
15.3457
14.5029
14.2736
14.1646
14.1008
13.9068
14.0685
14.0866
12.9692
12.7095
13.0096
13.0761
12.9284
13.0739
12.7913
12.8814
12.8342
12.6871
12.9208
13.1831
12.9859
12.639
12.8148
12.4047
12.3986
12.2323
11.7111
11.6182
11.7874
12.0868
12.5073
12.3997
12.5773
12.8556
13.1574
12.9036
13.222
13.4039
13.1942
13.068
13.0174
12.3813
12.2292
12.2231
11.9785
12.0562
11.9685
11.4116
11.1801
11.2018
11.243
10.8181
10.7396
10.5826
10.9532
10.8813
10.6314
10.3954
10.3752
10.1842
9.93473
9.78721
9.64519
9.68963
9.07338
9.41526
9.78518
9.27367
8.7936
8.56169
8.50483
8.86652
8.68819
8.22559
7.73527
7.89191
7.85971
7.49476
7.55753
7.62923
7.49214
7.63026
7.42488
7.69916
7.84064
7.19593
6.78373
6.82281
7.13956
7.69017
7.38557
6.69974
6.30162
6.16604
6.27123
6.34386
6.16145
6.50557
5.26993
4.79165
4.7552
5.4724
5.56941
5.23748
5.62683
5.94755
5.84625
5.58491
5.52957
5.80697
5.95794
5.78109
5.76381
6.08051
6.20624
6.2296
6.19333
5.93203
5.304
5.25906
5.02904
5.30877
6.46801
6.47953
6.62818
5.95971
6.25019
6.54496
6.34926
5.83113
6.48176
7.05815
7.12133
7.19474
6.87077
7.61357
7.7342
7.75863
7.85858
7.64396
8.25149
8.4004
8.00825
8.60188
8.21092
8.32943
8.13994
8.18202
7.86932
8.89167
9.66103
9.52142
9.53411
9.74406
9.42026
9.89972
10.0898
9.89583
9.91713
9.53323
9.95634
10.356
10.6103
10.3629
10.5137
11.0832
11.5917
10.5684
10.6637
10.4443
10.576
10.3867
9.4873
10.2665
12.1244
12.1837
12.3229
12.092
11.2652
11.5672
11.4283
12.1746
13.1886
12.9874
12.1541
11.9208
12.6967
13.8959
13.9439
13.8776
13.8342
13.9734
14.2018
13.3442
13.4665
14.2858
15.5187
15.1479
14.1937
14.2879
15.2923
16.0617
15.1624
14.2694
15.5028
15.3226
15.2521
15.4369
15.1408
15.8617
15.4076
15.6408
15.5315
16.4144
15.4256
16.0431
14.9509
16.1548
16.0762
15.0994
15.1701
15.8818
16.3127
16.6979
16.9367
17.1282
16.3314
17.1803
17.1634
16.8042
16.6108
15.7433
17.1317
17.7429
19.1425
17.6794
17.8393
17.7674
18.5237
18.5631
18.4993
17.8448
18.2897
19.7284
19.5197
19.3104
19.6238
20.1034
20.2227
19.5393
19.0148
19.4409
19.2926
20.0272
19.8565
20.3216
19.5821
19.13
19.0173
19.3502
19.7815
19.6835
18.5467
17.9226
18.1883
18.2492
17.7954
17.7051
