69.3648
72.0859
80.6046
65.392
63.7006
80.5969
85.0543
69.6551
74.4925
95.1047
103.456
119.092
124.483
116.533
128.977
130.991
113.704
123.08
129.811
128.58
132.865
126.661
150.988
153.185
151.156
153.518
149.031
146.702
158.081
169.287
142.829
184.963
194.875
169.963
151.824
169.196
186.609
202.298
198.16
176.648
175.051
198.535
198.415
191.91
190.113
200.759
191.186
193.52
180.592
144.214
163.416
168.386
140.565
146.4
163.157
142.192
149.634
139.562
162.6
147.828
121.367
113.672
127.006
122.204
135.919
117.081
114.447
121.835
122.89
124.738
91.1986
85.3887
102.262
116.035
98.2073
95.3759
93.5308
98.8037
85.5243
74.2416
95.106
91.1383
64.3692
73.4605
59.972
61.966
65.3216
66.9145
75.6263
76.086
90.7315
73.9591
47.4648
45.3301
62.1912
66.1199
57.0263
51.0815
70.4199
75.0998
63.8088
45.3616
32.2506
51.049
54.2414
63.1927
74.6002
76.2072
81.4948
77.743
58.8295
57.5209
56.8501
65.7001
68.8408
52.011
69.0756
62.1806
55.9446
43.6779
46.6115
62.6242
71.2693
67.8413
69.7459
82.393
88.5513
79.9802
72.7642
86.7422
96.3026
105.815
105.873
83.1734
92.6428
111.125
106.019
111.827
111.854
130.122
119.094
104.003
105.289
103.218
113.19
124.649
106.921
126.084
132.791
105.856
113.166
114.331
115.385
137.765
142.178
144.123
143.083
163.169
167.887
141.848
149.049
165.511
165.771
178.1
167.206
162.06
167.776
172.765
169.856
162.222
160.417
173.453
163.335
171.503
172.782
139.531
150.369
152.601
130.101
146.102
166.711
149.945
154.297
140.69
159.666
150.927
129.378
132.296
136.883
130.731
137.097
100.326
111.082
119.697
112.323
121.108
96.7572
83.1038
114.249
118.598
104.245
97.5196
91.4104
99.9639
89.1814
79.583
102.023
102.082
70.6567
71.0334
57.5383
64.1418
64.3567
71.0817
76.7012
75.8088
89.3097
71.9717
44.4151
42.1602
58.5326
64.0247
56.5076
52.339
74.4691
77.3909
61.1364
42.124
30.9792
53.3002
57.4401
63.8078
75.4598
77.0358
81.0101
76.9904
58.3201
56.7084
55.9244
64.7997
70.0229
53.2845
69.3582
62.5282
54.9265
42.7168
46.4639
62.5115
71.2268
67.8414
69.7459
82.393
88.5513
79.9802
72.7642
86.7422
96.3026
105.815
105.873
83.1734
92.6428
111.125
106.019
111.827
111.854
130.122
119.094
104.003
105.289
103.218
113.19
124.649
106.921
126.084
132.791
105.856
113.166
114.331
115.385
137.765
142.178
144.123
143.083
163.169
167.887
141.848
149.049
165.511
165.771
178.1
167.206
162.06
167.776
172.765
169.856
162.222
160.417
173.453
163.335
171.503
172.782
139.531
150.369
152.601
130.101
146.102
166.711
149.945
154.297
140.69
159.666
150.927
129.378
132.296
136.883
130.731
137.097
100.326
111.082
119.697
112.323
121.108
96.7572
83.1038
114.249
118.598
104.245
97.5196
91.4104
99.9639
89.1814
79.583
102.023
102.082
70.6567
71.0334
57.5383
64.1418
64.3567
71.0817
76.7012
75.8088
89.3097
71.9717
44.4151
42.1602
58.5326
64.0247
56.5076
52.339
74.4691
77.3909
61.1364
42.124
30.9792
53.3002
57.4401
63.8078
75.4598
77.0358
81.0101
76.9904
58.3201
56.7084
55.9244
64.7997
70.0229
53.2845
69.3582
62.5282
54.9265
42.7168
46.4639
62.5115
71.2268
67.8414
69.7459
82.393
88.5513
79.9802
72.7642
86.7422
96.3026
105.815
105.873
83.1734
92.6428
111.125
106.019
111.827
111.854
130.122
119.094
104.003
105.289
103.218
113.19
124.649
106.921
126.084
132.791
105.856
113.166
114.331
115.385
137.765
142.178
144.123
143.083
163.169
167.887
141.848
149.049
165.511
165.771
178.1
167.206
162.06
167.776
172.765
169.856
162.222
160.417
173.453
163.335
171.503
172.782
139.531
150.369
152.601
130.101
146.102
166.711
149.945
154.297
140.69
159.666
150.927
129.378
132.296
136.883
130.731
137.097
100.326
111.082
119.697
112.323
121.108
96.7572
83.1038
114.249
118.598
104.245
97.5196
91.4104
99.9639
89.1814
79.583
102.023
102.082
70.6567
71.0334
57.5383
64.1418
64.3567
71.0817
76.7012
75.8088
89.3097
71.9717
44.4151
42.1602
58.5326
64.0247
56.5076
52.339
74.4691
77.3909
61.1364
42.124
30.9792
53.3002
57.4401
63.8078
75.4598
77.0358
81.0101
76.9904
58.3201
56.7084
55.9244
64.7997
70.0229
53.2845
69.3582
62.5282
54.9265
42.7168
46.4639
62.5115
71.2268
67.8414
69.7459
82.393
88.5513
79.9802
72.7642
86.7422
96.3026
105.815
105.873
83.1734
92.6428
111.125
106.019
111.827
111.854
130.122
119.094
104.003
105.289
103.218
113.19
124.649
106.921
126.084
132.791
105.856
113.166
114.331
115.385
137.765
142.178
144.123
143.083
163.169
167.887
141.848
149.049
165.511
165.771
178.1
167.206
162.06
167.776
172.765
169.856
162.222
160.417
173.453
163.335
171.503
172.782
139.531
150.369
152.601
130.101
146.102
166.711
149.945
154.297
140.69
159.666
150.927
129.378
132.296
136.883
130.731
137.097
100.326
111.082
119.697
112.323
121.108
96.7572
83.1038
114.249
118.598
104.245
97.5196
91.4104
99.9639
89.1814
79.583
102.023
102.082
70.6567
71.0334
57.5383
64.1418
64.3567
71.0817
76.7012
75.8088
89.3097
71.9717
44.4151
42.1602
58.5326
64.0247
56.5076
52.339
74.4691
77.3909
61.1364
42.124
30.9792
53.3002
57.4401
63.8078
75.4598
77.0358
81.0101
76.9904
58.3201
56.7084
55.9244
64.7997
70.0229
53.2845
69.3582
62.5282
54.9265
42.7168
46.4639
62.5115
71.2268
67.8414
69.7459
82.393
88.5513
79.9802
72.7642
86.7422
96.3026
105.815
105.873
83.1734
92.6428
111.125
106.019
111.827
111.854
130.122
119.094
104.003
105.289
103.218
113.19
124.649
106.921
126.084
132.791
105.856
113.166
114.331
115.385
137.765
142.178
144.123
143.083
163.169
167.887
141.848
149.049
165.511
165.771
178.1
167.206
162.06
167.776
172.765
169.856
162.222
160.417
173.453
163.335
171.503
172.782
139.531
150.369
152.601
130.101
146.102
166.711
149.945
154.297
140.69
159.666
150.927
129.378
132.296
136.883
130.731
137.097
100.326
111.082
119.697
112.323
121.108
96.7572
83.1038
114.249
118.598
104.245
97.5196
91.4104
99.9639
89.1814
79.583
102.023
102.082
70.6567
71.0334
57.5383
64.1418
64.3567
71.0817
76.7012
75.8088
89.3097
71.9717
44.4151
42.1602
58.5326
64.0247
56.5076
52.339
74.4691
77.3909
61.1364
42.124
30.9792
53.3002
57.4401
63.8078
75.4598
77.0358
81.0101
76.9904
58.3201
56.7084
55.9244
64.7997
70.0229
53.2845
69.3582
62.5282
54.9265
42.7168
46.4639
62.5115
71.2268
67.8414
69.7459
82.393
88.5513
79.9802
72.7642
86.7422
96.3026
105.815
105.873
83.1734
92.6428
111.125
106.019
111.827
111.854
130.122
119.094
104.003
105.289
103.218
113.19
124.649
106.921
126.084
132.791
105.856
113.166
114.331
115.385
137.765
142.178
144.123
143.083
163.169
167.887
141.848
149.049
165.511
165.771
178.1
167.206
162.06
167.776
172.765
169.856
162.222
160.417
173.453
163.335
171.503
172.782
139.531
150.369
152.601
130.101
146.102
166.711
149.945
154.297
140.69
159.666
150.927
129.378
132.296
136.883
130.731
137.097
100.326
111.082
119.697
112.323
121.108
96.7572
83.1038
114.249
118.598
104.245
97.5196
91.4104
99.9639
89.1814
79.583
102.023
102.082
70.6567
71.0334
57.5383
64.1418
64.3567
71.0817
76.7012
75.8088
89.3097
71.9717
44.4151
42.1602
58.5326
64.0247
56.5076
52.339
74.4691
77.3909
61.1364
42.124
30.9792
53.3002
57.4401
63.8078
75.4598
77.0358
81.0101
76.9904
58.3201
56.7084
55.9244
64.7997
70.0229
53.2845
69.3582
62.5282
54.9265
42.7168
46.4639
62.5115
71.2268
67.8414
69.7459
82.393
88.5513
79.9802
72.7642
86.7422
96.3026
105.815
105.873
83.1734
92.6428
111.125
106.019
111.827
111.854
130.122
119.094
104.003
105.289
103.218
113.19
124.649
106.921
126.084
132.791
105.856
113.166
114.331
115.385
137.765
142.178
144.123
143.083
163.169
167.887
141.848
149.049
165.511
165.771
178.1
167.206
162.06
167.776
172.765
169.856
162.222
160.417
173.453
163.335
171.503
172.782
139.531
150.369
152.601
130.101
146.102
166.711
149.945
154.297
140.69
159.666
150.927
129.378
132.296
136.883
130.731
137.097
100.326
111.082
119.697
112.323
121.108
96.7572
83.1038
114.249
118.598
104.245
97.5196
91.4104
99.9639
89.1814
79.583
102.023
102.082
70.6567
71.0334
57.5383
64.1418
64.3567
71.0817
76.7012
75.8088
89.3097
71.9717
44.4151
42.1602
58.5326
64.0247
56.5076
52.339
74.4691
77.3909
61.1364
42.124
30.9792
53.3002
57.4401
63.8078
75.4598
77.0358
81.0101
76.9904
58.3201
56.7084
55.9244
64.7997
70.0229
53.2845
69.3582
62.5282
54.9265
42.7168
46.4639
62.5115
71.2268
67.8414
69.7459
82.393
88.5513
79.9802
72.7642
86.7422
96.3026
105.815
105.873
83.1734
92.6428
111.125
106.019
111.827
111.854
130.122
119.094
104.003
105.289
103.218
113.19
124.649
106.921
126.084
132.791
105.856
113.166
114.331
115.385
137.765
142.178
144.123
143.083
163.169
167.887
141.848
149.049
165.511
165.771
178.1
167.206
162.06
167.776
172.765
169.856
162.222
160.417
173.453
163.335
171.503
172.782
139.531
150.369
152.601
130.101
146.102
166.711
149.945
154.297
140.69
159.666
150.927
129.378
132.296
136.883
130.731
137.097
100.326
111.082
119.697
112.323
121.108
96.7572
83.1038
114.249
118.598
104.245
97.5196
91.4104
99.9639
89.1814
79.583
102.023
102.082
70.6567
71.0334
57.5383
64.1418
64.3567
71.0817
76.7012
75.8088
89.3097
71.9717
44.4151
42.1602
58.5326
64.0247
56.5076
52.339
74.4691
77.3909
61.1364
42.124
30.9792
53.3002
57.4401
63.8078
75.4598
77.0358
81.0101
76.9904
58.3201
56.7084
55.9244
64.7997
70.0229
53.2845
69.3582
62.5282
54.9265
42.7168
46.4639
62.5115
71.2268
67.8414
69.7459
82.393
88.5513
79.9802
72.7642
86.7422
96.3026
105.815
105.873
83.1734
92.6428
111.125
106.019
111.827
111.854
130.122
119.094
104.003
105.289
103.218
113.19
124.649
106.921
126.084
132.791
105.856
113.166
114.331
115.385
137.765
142.178
144.123
143.083
163.169
167.887
141.848
149.049
165.511
165.771
178.1
167.206
162.06
167.776
172.765
169.856
162.222
160.417
173.453
163.335
171.503
172.782
139.531
150.369
152.601
130.101
146.102
166.711
149.945
154.297
140.69
159.666
150.927
129.378
132.296
136.883
130.731
137.097
100.326
111.082
119.697
112.323
121.108
96.7572
83.1038
114.249
118.598
104.245
97.5196
91.4104
99.9639
89.1814
79.583
102.023
102.082
70.6567
71.0334
57.5383
64.1418
64.3567
71.0817
76.7012
75.8088
89.3097
71.9717
44.4151
42.1602
58.5326
64.0247
56.5076
52.339
74.4691
77.3909
61.1364
42.124
30.9792
53.3002
57.4401
63.8078
75.4598
77.0358
81.0101
76.9904
58.3201
56.7084
55.9244
64.7997
70.0229
53.2845
69.3582
62.5282
54.9265
42.7168
46.4639
62.5115
71.2268
67.8414
69.7459
82.393
88.5513
79.9802
72.7642
86.7422
96.3026
105.815
105.873
83.1734
92.6428
111.125
106.019
111.827
111.854
130.122
119.094
104.003
105.289
103.218
113.19
124.649
106.921
126.084
132.791
105.856
113.166
114.331
115.385
137.765
142.178
144.123
143.083
163.169
167.887
141.848
149.049
165.511
165.771
178.1
167.206
162.06
167.776
172.765
169.856
162.222
160.417
173.453
163.335
171.503
172.782
139.531
150.369
152.601
130.101
146.102
166.711
149.945
154.297
140.69
159.666
150.927
129.378
132.296
136.883
130.731
137.097
100.326
111.082
119.697
112.323
121.108
96.7572
83.1038
114.249
118.598
104.245
97.5196
91.4104
99.9639
89.1814
79.583
102.023
102.082
70.6567
71.0334
57.5383
64.1418
64.3567
71.0817
76.7012
75.8088
89.3097
71.9717
44.4151
42.1602
58.5326
64.0247
56.5076
52.339
74.4691
77.3909
61.1364
42.124
30.9792
53.3002
57.4401
63.8078
75.4598
77.0358
81.0101
76.9904
58.3201
56.7084
55.9244
64.7997
70.0229
53.2845
69.3582
62.5282
54.9265
42.7168
46.4639
62.5115
71.2268
67.8414
69.7459
82.393
88.5513
79.9802
72.7642
86.7422
96.3026
105.815
105.873
83.1734
92.6428
111.125
106.019
111.827
111.854
130.122
119.094
104.003
105.289
103.218
113.19
124.649
106.921
126.084
132.791
105.856
113.166
114.331
115.385
137.765
142.178
144.123
143.083
163.169
167.887
141.848
149.049
165.511
165.771
178.1
167.206
162.06
167.776
172.765
169.856
162.222
160.417
173.453
163.335
171.503
172.782
139.531
150.369
152.601
130.101
146.102
166.711
149.945
154.297
140.69
159.666
150.927
129.378
132.296
136.883
130.731
137.097
100.326
111.082
119.697
112.323
121.108
96.7572
83.1038
114.249
118.598
104.245
97.5196
91.4104
99.9639
89.1814
79.583
102.023
102.082
70.6567
71.0334
57.5383
64.1418
64.3567
71.0817
76.7012
75.8088
89.3097
71.9717
44.4151
42.1602
58.5326
64.0247
56.5076
52.339
74.4691
77.3909
61.1364
42.124
30.9792
53.3002
57.4401
63.8078
75.4598
77.0358
81.0101
76.9904
58.3201
56.7084
55.9244
64.7997
70.0229
53.2845
69.3582
62.5282
54.9265
42.7168
46.4639
62.5115
71.2268
67.8414
69.7459
82.393
88.5513
79.9802
72.7642
86.7422
96.3026
105.815
105.873
83.1734
92.6428
111.125
106.019
111.827
111.854
130.122
119.094
104.003
105.289
103.218
113.19
124.649
106.921
126.084
132.791
105.856
113.166
114.331
115.385
137.765
142.178
144.123
143.083
163.169
167.887
141.848
149.049
165.511
165.771
178.1
167.206
162.06
167.776
172.765
169.856
162.222
160.417
173.453
163.335
171.503
172.782
139.531
150.369
152.601
130.101
146.102
166.711
149.945
154.297
140.69
159.666
150.927
129.378
132.296
136.883
130.731
137.097
100.326
111.082
119.697
112.323
121.108
96.7572
83.1038
114.249
118.598
104.245
97.5196
91.4104
99.9639
89.1814
79.583
102.023
102.082
70.6567
71.0334
57.5383
64.1418
64.3567
71.0817
76.7012
75.8088
89.3097
71.9717
44.4151
42.1602
58.5326
64.0247
56.5076
52.339
74.4691
77.3909
61.1364
42.124
30.9792
53.3002
57.4401
63.8078
75.4598
77.0358
81.0101
76.9904
58.3201
56.7084
55.9244
64.7997
70.0229
53.2845
69.3582
62.5282
54.9265
42.7168
46.4639
62.5115
71.2268
67.8414
69.7459
82.393
88.5513
79.9802
72.7642
86.7422
96.3026
105.815
105.873
83.1734
92.6428
111.125
106.019
111.827
111.854
130.122
119.094
104.003
105.289
103.218
113.19
124.649
106.921
126.084
132.791
105.856
113.166
114.331
115.385
137.765
142.178
144.123
143.083
163.169
167.887
141.848
149.049
165.511
165.771
178.1
167.206
162.06
167.776
172.765
169.856
162.222
160.417
173.453
163.335
171.503
172.782
139.531
150.369
152.601
130.101
146.102
166.711
149.945
154.297
140.69
159.666
150.927
129.378
132.296
136.883
130.731
137.097
100.326
111.082
119.697
112.323
121.108
96.7572
83.1038
114.249
118.598
104.245
97.5196
91.4104
99.9639
89.1814
79.583
102.023
102.082
70.6567
71.0334
57.5383
64.1418
64.3567
71.0817
76.7012
75.8088
89.3097
71.9717
44.4151
42.1602
58.5326
64.0247
56.5076
52.339
74.4691
77.3909
61.1364
42.124
30.9792
53.3002
57.4401
63.8078
75.4598
77.0358
81.0101
76.9904
58.3201
56.7084
55.9244
64.7997
70.0229
53.2845
69.3582
62.5282
54.9265
42.7168
46.4639
62.5115
71.2268
67.8414
69.7459
82.393
88.5513
79.9802
72.7642
86.7422
96.3026
105.815
105.873
83.1734
92.6428
111.125
106.019
111.827
111.854
130.122
119.094
104.003
105.289
103.218
113.19
124.649
106.921
126.084
132.791
105.856
113.166
114.331
115.385
137.765
142.178
144.123
143.083
163.169
167.887
141.848
149.049
165.511
165.771
178.1
167.206
162.06
167.776
172.765
169.856
162.222
160.417
173.453
163.335
171.503
172.782
139.531
150.369
152.601
130.101
146.102
166.711
149.945
154.297
140.69
159.666
150.927
129.378
132.296
136.883
130.731
137.097
100.326
111.082
119.697
112.323
121.108
96.7572
83.1038
114.249
118.598
104.245
97.5196
91.4104
99.9639
89.1814
79.583
102.023
102.082
70.6567
71.0334
57.5383
64.1418
64.3567
71.0817
76.7012
75.8088
89.3097
71.9717
44.4151
42.1602
58.5326
64.0247
56.5076
52.339
74.4691
77.3909
61.1364
42.124
30.9792
53.3002
57.4401
63.8078
75.4598
77.0358
81.0101
76.9904
58.3201
56.7084
55.9244
64.7997
70.0229
53.2845
69.3582
62.5282
54.9265
42.7168
46.4639
62.5115
71.2268
67.8414
69.7459
82.393
88.5739
80.1482
73.1166
87.2691
97.2173
106.897
106.65
83.9685
93.2489
111.386
