18.8919
20.4647
18.9738
21.953
21.8085
20.2531
20.7956
21.2057
20.884
20.7993
21.8342
20.3858
20.5452
21.3971
20.6796
20.9317
18.9367
19.4851
18.5892
20.0231
19.8229
21.9887
20.4448
21.1458
19.3361
21.3262
20.4603
20.788
19.1777
20.1946
20.5361
20.3564
21.6608
21.5931
21.8839
20.6697
21.8877
21.3299
19.0833
19.7097
18.9536
18.0168
18.7522
18.0162
20.8794
19.7021
19.2503
21.0469
21.3299
21.9012
20.5681
19.8461
19.2211
18.8893
18.8517
19.6368
21.9671
18.0034
18.7888
18.7536
20.8685
19.4099
19.829
18.5945
66.708
62.6035
68.4494
62.532
71.9509
68.9058
71.046
66.8918
66.3883
62.5356
68.3244
68.1972
77.1049
81.3328
82.7605
81.4923
72.0728
79.4944
71.0866
80.6205
75.7661
71.8964
83.219
79.3694
77.2095
72.0567
80.1134
86.251
81.0528
87.0211
73.7381
80.6063
84.2614
79.9262
73.0163
80.8382
81.6897
83.559
84.0784
84.2312
82.516
75.3624
78.3736
84.3168
87.1501
73.1752
80.4719
76.908
75.5882
80.0737
81.6778
72.139
84.463
85.0977
87.4272
74.8723
81.4933
78.8071
77.3387
81.0307
84.5141
72.3654
87.5062
84.954
84.0144
84.1622
78.2212
84.0219
78.1846
86.3752
74.832
76.6739
80.8206
77.1066
78.787
79.878
85.7008
80.3703
77.7986
75.963
78.5381
80.251
83.937
73.9361
75.5456
78.0743
77.7662
78.2678
84.6962
77.1863
80.0302
81.9824
75.7147
83.499
80.7536
79.1483
84.9565
75.8959
86.1308
80.9767
81.7468
86.0009
85.0813
81.625
84.051
78.9331
80.758
72.9931
29.3751
34.1083
29.1819
29.8841
33.8933
28.8073
30.6074
32.5378
32.6109
33.7738
32.0379
32.0602
23.4094
22.3938
22.886
24.182
21.9585
21.8854
20.1759
22.9081
20.2934
22.4186
23.763
22.6236
19.5364
21.6521
19.5368
21.4345
20.9316
19.1283
22.1394
19.2538
22.4853
18.4619
19.5112
19.2506
18.1426
21.0299
20.8734
21.271
19.1181
19.8723
20.7355
19.8539
20.8891
20.6345
18.5472
21.2256
20.9028
20.6431
18.6382
19.0903
19.5915
19.1381
18.9294
21.2418
20.5727
20.2813
18.922
21.6931
18.7683
21.1839
21.8709
20.9124
21.9757
20.6082
18.8735
18.8189
19.302
18.032
20.7308
19.0783
21.2607
19.4367
19.9198
21.8628
18.9687
20.885
21.0205
18.884
20.004
19.4008
21.0876
20.4899
19.9039
21.1175
18.9406
21.0145
21.4615
21.5145
21.1347
19.6321
21.9272
19.5184
20.5545
18.6443
21.9218
20.8159
21.0135
18.2631
21.0537
21.0989
20.6871
19.1676
19.9588
18.4417
19.8863
18.9753
19.3964
18.6504
18.9202
18.3063
21.6796
20.1216
19.587
20.1401
20.5132
21.6875
18.7148
19.1822
21.9032
19.4848
18.0902
18.5906
18.1054
21.9597
19.1155
21.6942
21.9835
20.3994
18.1328
18.3264
19.9264
19.6247
20.4247
19.7554
21.7363
20.139
20.7749
21.5859
18.5875
18.9189
18.4293
18.5586
20.0503
19.2847
19.6927
21.93
18.6268
20.1632
18.3955
19.274
20.1101
21.7865
19.5649
18.2596
19.5526
18.583
18.92
20.4724
18.2697
19.8589
20.4378
19.6874
18.0765
21.9421
19.4685
21.1143
19.3026
19.9001
19.5539
19.3702
18.0874
19.4401
21.558
20.7616
18.5817
20.3646
21.5689
20.8001
63.2221
73.0025
65.301
67.3754
68.3555
72.7669
73.8699
73.8433
61.3082
73.7377
61.9397
64.8145
77.8326
77.2884
79.2251
77.281
84.3415
73.5733
74.0929
84.1299
71.031
79.3004
80.4205
77.686
82.6091
74.3155
85.1283
73.795
77.9425
72.7649
80.239
82.2196
86.5372
83.3264
80.1737
86.4003
79.5594
80.8821
81.4397
78.4654
85.3132
74.8729
80.7804
83.4555
86.3599
86.0393
80.0437
82.1918
78.289
79.4718
86.4795
86.8704
86.3059
74.1961
85.5808
87.1529
77.7613
80.2791
84.4453
80.9738
87.8915
79.2876
83.4191
84.6774
79.9018
85.7076
80.7346
78.5826
73.7216
78.2909
83.739
86.7364
76.0261
77.683
74.4627
83.0508
87.3622
82.2544
81.8724
80.8551
73.4146
83.6713
81.632
82.5828
86.3808
84.5432
84.4945
86.8348
87.8388
81.3004
73.742
79.3459
84.6015
72.4435
72.9101
73.0744
83.6965
80.0186
77.9023
73.6898
83.7158
77.1363
76.2452
82.4371
80.9441
77.7985
82.2638
76.3395
33.8869
30.2676
29.8166
33.8076
33.3305
29.9689
29.544
34.1657
33.7702
30.8944
33.0125
29.5946
22.4316
20.2439
21.9144
20.4953
22.2887
22.0491
22.1508
20.3631
21.78
23.549
21.8127
23.364
19.9454
20.1656
20.7417
22.326
18.8779
18.5668
20.9222
22.3195
22.4859
20.4151
20.3493
21.0738
20.3196
20.6349
21.5992
21.086
20.0834
19.9427
20.6571
19.918
19.9263
18.1519
18.786
20.0498
21.3111
19.1333
20.1099
19.3985
18.4369
21.8542
21.4393
18.3316
20.8992
19.4089
22.0005
19.228
18.9586
20.2755
21.3446
18.7737
20.8416
18.2491
21.6799
18.3278
21.6611
19.9671
19.7962
21.8974
21.9615
20.6007
18.5085
20.0247
20.1167
20.0578
20.278
18.0749
20.8449
20.8496
18.4619
20.281
20.2734
20.7298
18.3416
20.506
19.123
20.028
21.0933
20.8226
18.4756
20.3647
21.8765
18.6271
21.4116
20.8102
21.096
19.1278
19.1516
21.6241
19.4393
18.2521
20.4024
18.4993
21.1864
20.567
21.4989
21.1393
18.4485
19.5243
21.0982
19.6694
21.8895
20.943
18.062
21.5199
18.4032
18.5621
20.938
21.4599
20.1454
19.1562
19.4053
19.3716
19.3067
18.9716
20.4355
21.6016
19.2283
18.7468
21.3543
20.9671
21.7233
18.6621
18.577
20.1657
20.4577
19.9207
20.3959
18.7215
19.9185
20.6324
19.7308
20.7178
19.8048
19.3344
19.2144
19.6436
18.0924
20.6741
21.3804
19.4185
18.1841
21.9471
19.0548
18.5065
19.479
20.9542
19.1757
20.2988
19.6622
18.4711
19.3211
20.8995
20.448
18.4791
18.6533
20.5629
21.2537
19.3979
20.3812
18.6826
19.2455
18.0811
21.0731
19.604
21.2645
20.8335
72.4709
65.085
63.7175
74.4179
70.9557
72.543
61.3786
66.0207
71.3023
62.2606
68.9158
67.0354
70.1134
73.5023
74.26
71.5761
79.6415
73.602
74.1487
83.7807
77.0898
75.9258
81.0745
83.9572
71.9662
78.6968
81.2819
76.6344
83.8524
87.0184
86.5723
75.7982
75.1677
86.7959
78.862
74.8808
83.212
76.4589
76.1844
85.9647
74.5101
72.9427
76.2154
81.6131
73.8806
79.4501
81.9389
85.4771
75.6598
85.0571
75.7403
82.8084
78.8718
73.8172
83.4082
75.4661
74.808
77.7145
82.4329
75.7258
74.935
72.1558
79.5425
78.8545
75.7382
72.8549
78.8643
84.6072
83.4405
85.7686
72.1499
87.4585
77.4619
87.8455
76.0412
79.5438
77.6621
77.6914
85.4757
83.9419
87.8736
81.8154
79.4113
73.4405
87.9448
80.8243
83.2075
78.5077
80.7633
87.0811
74.6626
76.6778
74.4328
84.6753
72.9926
73.306
76.7759
80.227
78.5004
72.717
87.3198
87.2459
76.4697
83.7044
81.2572
75.7996
76.1947
79.8584
31.4831
30.6639
33.9681
31.8814
32.991
30.0113
32.2144
30.835
32.169
33.7973
33.721
31.067
23.2704
24.377
22.963
20.8249
23.2051
20.63
24.0671
22.4746
21.8854
20.4154
21.8659
24.2064
18.5179
20.3762
22.246
20.0493
20.1858
20.8018
20.3282
19.1226
18.508
20.9298
22.2036
18.8677
18.9343
19.5744
21.3369
19.1686
21.6316
18.3073
21.8683
20.3402
20.7342
19.5642
21.2294
18.7559
18.2131
19.6009
21.4353
21.0399
20.0879
20.308
18.5374
21.3832
21.1681
20.6457
19.8838
21.8788
21.5203
20.5817
19.4909
20.476
20.3057
19.5807
19.2304
19.6318
20.2995
19.7163
19.058
21.0479
20.1259
18.2707
19.4733
21.5397
21.0209
19.293
21.7527
18.3064
21.8449
18.9828
18.0364
19.7352
19.4359
20.1564
21.1871
21.3697
19.6049
19.7194
18.5927
18.1902
20.5649
18.2578
20.9353
20.1564
18.7943
20.1581
18.732
19.7549
21.1982
19.8477
18.5948
20.8953
18.7471
20.9542
19.9174
19.815
21.4057
20.8344
18.1316
19.1847
21.4837
18.0733
20.181
20.9113
20.4874
21.0421
20.9028
20.7681
21.2862
20.5828
19.6097
19.8876
20.8669
21.5052
19.0889
19.3683
21.723
20.314
18.7158
20.6548
21.963
21.2938
20.983
18.8322
21.5046
20.1032
21.5572
19.3193
18.2482
19.9039
19.0794
20.8609
21.8284
20.7639
21.5477
19.8121
21.0866
21.3722
20.8435
20.0311
20.5035
20.802
19.0123
21.2383
21.8013
19.861
20.8043
20.9481
20.649
20.1885
21.5266
19.7957
18.2444
21.3782
20.6959
21.397
18.5542
18.123
21.7375
18.5909
21.2386
21.2928
20.8348
18.525
20.6696
21.5563
19.7021
19.6541
67.2229
62.3189
73.3315
73.0209
74.7716
69.1585
71.4162
63.9563
70.2784
70.0364
73.4564
72.4988
84.405
83.3243
83.3221
70.829
82.9693
79.2681
75.7445
70.7171
80.3575
74.9337
77.0999
80.4204
86.0689
84.6957
78.7343
77.7353
75.3815
77.4911
73.3341
87.0125
80.6956
73.6006
77.179
80.2681
80.4295
72.481
87.1088
76.3143
72.1722
73.1352
81.1856
74.1155
72.5804
77.9803
81.8658
73.7009
76.9948
78.6653
74.5335
80.078
73.3458
72.7268
80.2981
75.9481
73.5083
78.7637
86.6215
83.567
85.0458
85.9465
87.5578
84.2079
81.7306
77.8431
74.9027
82.9826
87.915
79.4739
83.5749
79.9176
78.9102
78.5641
80.0732
77.8696
83.9796
85.9875
86.1253
75.6425
86.3337
77.4641
76.9482
83.6273
76.875
72.8473
77.9777
83.5433
77.2312
82.0728
82.5618
83.7396
86.3539
78.9209
74.6628
77.1027
78.9146
83.4222
72.2099
77.0525
84.4774
82.7337
83.7078
84.9889
84.5317
82.9149
79.0346
87.7375
32.4421
30.0977
30.674
33.2388
34.7183
29.9438
29.327
34.4418
34.6578
30.5688
31.2146
33.0252
21.6381
24.0897
20.642
20.3302
21.094
21.4417
20.6659
20.4543
23.5451
20.896
24.2544
21.8086
21.1788
19.3552
19.4164
20.786
20.7284
21.5807
21.536
21.1791
20.2716
22.0801
20.9821
22.4879
21.3796
18.2645
19.3749
20.3849
20.9861
20.2983
21.246
19.2224
18.8256
18.3031
20.3907
20.854
19.3231
20.474
18.2261
18.4148
20.827
19.491
20.7052
21.3474
21.431
18.7066
19.9643
20.9558
21.1
21.1428
18.9163
18.7737
20.364
20.9684
19.2803
18.4224
20.871
19.2025
18.669
18.5945
19.2596
20.3707
19.4336
18.0826
18.3876
19.162
20.6388
18.3941
20.2426
18.4795
18.8465
18.6888
18.2689
20.6853
19.8536
21.3242
18.3956
18.5789
19.2258
21.0635
19.223
19.6337
19.2064
18.3209
21.7577
20.1942
21.1513
20.6334
20.057
18.3587
20.5709
18.6215
19.6575
20.5165
21.1289
20.7402
20.6861
18.5962
19.3845
18.1716
20.8779
21.8103
19.0564
18.3508
19.9023
21.4268
20.2079
18.1871
21.8971
21.3146
18.5264
21.6872
19.8028
19.4876
19.8442
21.3383
20.6379
18.237
21.8304
18.5911
20.9823
20.5445
18.7501
18.6829
21.4813
19.6788
20.6183
20.0163
20.9094
19.917
19.1495
19.4535
21.4363
19.8721
18.8538
21.7384
21.1864
18.2227
21.9958
20.7797
18.6411
18.9487
20.7698
21.119
18.9561
19.0279
19.2285
20.3921
18.6873
18.417
20.7155
21.1164
20.0037
19.4553
19.7282
19.5536
21.8399
21.0724
18.8323
19.5368
20.176
20.4519
19.8727
21.2405
21.0704
20.0206
21.4177
21.0044
71.7887
74.2071
64.824
64.84
73.2898
71.7023
73.801
62.0586
69.7375
63.1669
68.053
63.3182
71.8278
70.0289
79.6213
75.412
71.4725
74.8504
72.462
84.4551
74.8065
75.023
82.8746
79.8932
82.8626
81.683
86.6163
74.8601
87.2977
84.7835
80.935
82.1024
81.8869
72.4967
75.0353
86.8592
80.4532
77.96
84.0916
80.2958
72.124
83.6793
83.615
74.5528
87.2018
75.4918
79.2288
73.7472
81.6329
77.9885
77.6321
85.2112
72.1357
84.7468
81.1237
87.7565
81.4115
72.8686
72.7929
86.1098
85.4553
77.5305
81.8846
79.8296
87.4704
87.1952
87.7372
85.8591
86.5487
75.4728
85.292
83.3377
87.4037
81.1394
73.362
81.5576
82.9845
75.5244
78.3051
81.5753
77.9849
77.9984
74.1287
87.0511
84.0077
72.0198
84.2497
83.8366
72.1556
77.9135
81.7078
79.2439
84.4476
78.8072
74.4617
87.6225
75.8726
83.483
74.2905
77.2642
79.0724
75.0757
79.1993
74.5146
80.9441
82.6194
72.9989
85.9381
29.9849
30.2423
33.0326
31.8
31.9961
29.6202
33.9567
32.7491
29.6664
31.1936
33.9866
32.4375
20.6467
21.83
21.2473
22.4782
23.9383
22.1145
22.1014
24.216
22.7413
22.6965
21.3334
22.8826
20.7909
20.0575
22.4899
22.0442
21.5023
20.633
20.3246
19.1893
19.6843
21.6021
20.2906
22.0458
18.6809
20.1295
20.6867
20.1637
21.6604
22.0637
18.552
18.6087
18.6102
20.8242
19.5843
21.0337
19.6407
20.5301
21.0997
20.2122
20.1774
18.3706
19.662
20.2025
19.867
21.6239
21.6469
21.3081
19.5049
20.8732
19.5849
18.934
19.3753
18.2874
19.3308
19.8468
21.8261
19.2573
21.614
18.9191
18.7639
20.076
20.69
18.1773
18.8843
19.8227
19.324
20.8505
20.0446
18.6414
21.5779
19.1716
20.9245
21.1197
21.8526
19.994
20.4633
19.3395
20.7127
19.8535
19.7506
21.4219
18.2007
21.5278
21.4083
20.0255
19.9608
19.4472
21.9767
18.4447
20.3609
20.7267
21.7373
21.1208
20.5754
18.4672
19.4949
18.5554
21.5249
20.9985
21.0301
20.609
20.0282
18.5999
19.3188
18.5477
20.8997
18.6409
20.8085
20.769
19.8372
18.5409
19.2592
19.2804
20.8015
18.455
21.3163
21.044
18.7452
20.8767
20.6741
20.9925
18.7557
18.6304
18.9459
19.4635
21.1747
20.9517
21.7018
18.2345
18.0462
20.7966
19.1171
19.3363
20.1872
18.4097
20.5708
19.3006
20.5309
21.336
18.6844
21.7235
20.1228
21.6917
18.8309
20.4183
19.6155
21.0969
20.4236
19.9781
21.6519
19.5085
18.8799
20.4324
20.4961
19.7564
19.9464
21.8382
20.9307
18.4424
18.8485
21.9023
20.9059
21.6602
19.2154
20.9675
20.856
19.1788
68.6911
69.7328
67.7434
72.4496
72.527
72.7682
72.1266
67.8379
66.3876
72.5067
67.8667
64.5507
77.714
72.0415
80.5741
75.0535
73.8854
84.685
81.8972
82.0553
79.5202
82.864
81.6222
79.133
86.8537
74.6151
86.5715
77.9525
79.9717
73.52
80.1579
81.2886
87.4354
87.0775
86.9376
77.1088
87.7548
79.1925
85.5266
75.3706
79.9972
87.3512
87.0479
82.8402
84.6633
74.733
83.4463
81.7905
73.4472
73.7928
73.7174
83.5696
74.2496
79.4646
77.6931
80.7887
83.2836
82.9357
80.2291
79.4103
78.3613
85.7864
77.2899
76.1462
83.889
77.7525
85.5479
77.2425
83.2271
72.7183
78.1653
77.488
85.066
87.472
79.3733
85.1966
83.1943
87.4773
84.9769
73.2389
83.4117
80.5672
72.2623
76.0203
86.7479
86.8168
84.7814
87.7083
84.9046
72.1631
76.6052
72.4898
73.5056
75.5013
80.0568
85.5603
85.7914
81.8592
86.8508
80.001
86.2245
79.265
76.4356
86.6626
78.2069
80.0544
77.2617
82.6054
35.1682
28.9633
34.559
28.8251
31.1311
29.8791
33.647
29.1239
32.3423
30.6875
29.6555
33.7396
21.134
21.1621
21.3923
22.7887
23.1153
20.2389
21.2436
22.0907
21.6473
24.1211
23.6889
22.964
19.8166
21.302
21.8875
20.8684
21.6452
21.5003
20.7738
19.7107
21.4867
19.279
21.6248
21.7274
21.3908
19.9871
18.86
18.4872
21.0741
21.6485
20.7022
18.6658
21.8439
22.0618
19.8282
20.4771
21.1292
20.9657
21.8921
18.4773
20.3424
20.7877
21.5811
21.5171
21.933
20.0676
21.3435
19.728
19.693
19.017
21.277
21.9475
19.029
18.228
21.2663
20.4849
21.843
19.0126
18.2876
19.9736
18.3419
19.0472
18.5039
18.8965
18.4246
21.8156
19.1143
19.7756
21.5944
20.7093
20.4721
20.8223
21.3153
21.5107
20.5706
21.56
20.1416
19.1092
21.5203
20.1659
21.6246
18.1607
19.5901
21.7912
18.9986
21.7661
21.8156
21.5286
20.2547
20.5878
21.4785
21.1036
20.5204
21.929
20.7427
21.9019
18.2296
18.5558
19.8058
19.5395
21.1309
18.6425
21.9044
19.2603
19.7157
19.099
20.3175
18.2345
18.5987
20.9832
18.746
18.9421
21.1719
18.3732
19.7499
18.0923
19.3872
20.7959
18.3604
21.5533
21.638
18.42
21.9629
19.1901
18.3364
18.0203
19.6341
20.5192
19.3287
21.3469
20.8664
19.4006
20.9372
21.762
18.3724
19.2244
19.8533
19.992
20.1688
19.2025
20.669
20.5803
20.3113
18.455
19.9079
19.4249
19.9642
21.6875
19.9221
18.0559
19.7553
21.2826
21.1202
20.0536
18.9991
19.8604
20.2548
21.9995
20.5767
20.7771
19.9658
19.418
21.2518
19.9797
21.9788
19.8285
18.272
20.7303
61.8343
64.6068
66.0108
71.257
67.9216
61.5896
69.5892
66.7955
73.7369
67.994
70.8421
64.1766
81.6503
81.0292
83.8713
70.3649
76.7852
80.3805
71.3169
76.2126
84.4621
76.6057
85.1335
70.7221
82.9844
80.8085
79.5286
87.0084
73.63
85.818
82.5615
75.6871
85.9081
78.3955
84.5175
77.7521
85.5122
82.0874
74.1676
82.2957
74.9714
78.4965
74.6351
72.2654
75.2997
80.4853
79.6093
79.9279
75.9448
82.9427
83.2482
77.7088
86.0781
82.2846
83.3886
76.4191
71.9925
85.8254
85.1384
73.9533
77.9819
82.5775
82.4298
85.7615
74.2407
78.8752
73.5521
78.2298
72.2383
86.3682
80.4288
85.5927
72.9578
75.6386
76.1493
78.1863
84.845
78.1842
75.2737
73.0391
73.2712
84.1599
79.1161
83.6181
82.9164
74.1657
74.2861
84.0853
83.5401
78.0483
73.2386
72.1934
76.6104
72.1474
75.681
78.7119
73.9426
73.6684
86.343
81.3675
86.9513
77.5332
82.8343
75.275
81.8934
74.0733
72.0333
86.9045
32.3513
34.7324
30.9365
30.8978
31.3642
33.3187
32.4212
34.7223
28.9628
33.3324
30.9141
29.9535
22.4466
22.4227
20.7738
21.0645
21.9886
21.9915
21.5827
20.8255
20.1796
24.5067
24.3869
22.3268
22.5077
21.1913
18.714
18.9142
22.1844
21.0127
21.8857
22.1113
20.2668
18.6308
19.2032
18.7047
18.845
19.7364
18.5615
18.7565
19.8782
19.4536
19.966
19.8113
20.6767
21.8532
18.5199
18.4853
21.4318
20.0448
21.0858
18.8798
21.3359
21.7162
20.5617
18.4412
21.6019
21.1903
21.0237
18.1643
21.1999
18.5554
18.8932
20.3124
19.0636
20.6494
20.4362
18.4361
20.628
21.7
18.648
20.3922
19.3675
19.8384
19.148
19.4165
18.1156
21.9262
20.4992
20.0028
19.5349
20.1575
19.5204
19.4396
19.8558
19.1039
18.7202
20.2264
21.3711
18.6113
18.1309
18.9872
21.9189
21.315
20.3835
21.717
19.7811
21.9331
19.1852
18.9612
20.5522
19.5126
20.5055
19.22
20.4717
19.103
18.2039
21.6485
21.5328
21.8832
20.8661
20.7309
20.236
18.5038
18.7569
19.1579
21.5606
18.6919
21.6915
20.0911
20.8623
18.441
19.0761
21.8341
19.0646
19.1861
18.7904
18.5163
18.933
20.5693
19.8215
20.215
18.4895
21.2085
21.1364
18.0864
19.5341
18.2751
21.1684
20.9491
21.608
18.9456
19.8252
18.738
19.4849
20.089
18.2133
20.8595
20.1732
21.3158
19.0871
21.6133
21.9948
21.6772
21.1116
21.2495
20.295
18.7606
20.7082
20.851
21.9415
20.1652
19.0855
20.7347
21.9175
18.7089
19.304
20.1675
18.6809
18.0889
19.3479
21.4615
18.1739
19.7157
21.0488
21.8127
21.9419
19.6879
21.8015
18.1417
71.3445
69.9413
64.5935
68.0995
62.9619
73.0537
66.0674
69.7142
63.3594
64.0038
74.6906
71.442
84.7698
74.4316
72.394
77.6476
77.5173
72.5552
81.2196
75.4548
72.7324
74.9924
78.588
81.1148
79.232
79.9271
73.7778
86.1152
86.3384
82.4372
71.8484
80.1096
81.5751
87.387
87.4094
85.2074
72.9337
87.1477
81.7044
84.7124
78.4209
77.0222
79.3166
74.2608
77.6198
85.619
72.5201
74.3248
73.9841
78.4304
87.9307
74.7558
74.3099
86.6201
86.0921
72.4984
84.0071
82.4677
84.2636
79.8929
87.8579
72.6981
75.7463
78.341
79.1926
86.7377
80.9562
72.7183
78.522
78.6601
87.4437
81.5832
82.1696
83.4112
84.3198
82.16
75.7944
85.9839
83.7131
83.8691
87.9441
84.8396
85.2656
87.2217
74.418
79.9635
81.2889
77.2683
85.4303
84.1986
83.534
87.9542
76.15
83.7672
80.8223
77.0077
74.5694
86.3341
81.5273
85.1989
80.7255
75.5196
77.4008
78.1046
87.5669
72.0901
87.7706
87.6874
35.1754
31.8502
34.9684
31.3318
28.9683
30.2358
34.8499
28.8881
32.2944
29.2838
30.6329
29.3638
24.0107
22.808
24.2014
23.2438
24.5102
22.4443
23.0214
22.7419
22.3295
23.9499
23.0475
23.7499
21.6529
19.2145
21.0951
19.2498
20.8213
21.2068
22.5167
18.5571
18.8057
18.7475
20.0637
21.7972
21.4788
21.0485
21.6911
19.384
18.4407
18.3201
21.5113
21.0222
20.8943
19.4516
19.6133
21.9372
18.2727
21.1152
19.257
18.1736
20.9904
19.3422
20.9086
20.8506
20.1585
21.1298
20.3437
19.1649
20.9405
20.3605
18.0544
21.6107
20.1864
21.4786
21.5351
19.7837
20.0345
19.6668
19.8015
21.5847
21.1526
18.5061
20.4412
21.9836
20.3822
21.1435
21.0762
19.4013
19.4874
20.8963
19.9999
20.2823
20.8516
21.1103
19.0861
18.5872
19.1672
20.0302
19.3686
20.2735
18.2139
20.039
19.4719
20.1387
19.6901
19.1369
21.6164
18.7391
20.7255
21.6986
20.1547
21.5056
18.4994
19.9752
19.8281
18.0325
19.773
19.4761
20.6792
21.7533
18.3432
19.3099
19.7763
19.8207
21.0992
19.7736
18.1086
20.8404
21.5393
20.0556
20.3244
18.6517
18.8826
18.9407
19.723
21.7126
20.0871
18.7684
19.0644
19.5361
20.493
19.7601
19.5698
20.2589
18.9673
18.3156
18.0977
19.005
18.3664
19.3454
21.0917
20.8652
20.4437
21.41
19.1283
21.5402
19.597
19.6036
19.6214
18.3924
21.902
18.554
19.3635
19.2772
18.2987
18.609
18.1794
19.1696
21.4666
19.3578
18.4948
20.5828
21.9864
18.9293
19.1183
21.8874
18.7151
20.0449
18.9586
21.7294
21.9261
21.2588
19.2591
19.6139
18.9692
21.563
21.6582
19.6755
127.882
115.706
122.386
127.261
121.158
120.468
111.625
131.546
133.656
135.643
129.438
125.21
138.118
159.26
147.399
150.046
150.082
154.798
130.6
136.698
149.594
156.243
150.167
142.295
144.835
156.049
156.147
152.149
142.747
161.626
150.506
157.614
140.449
144.314
160.119
135.557
150.161
149.244
157.318
143.258
141.376
162.558
151.94
137.949
140.596
164.736
140.673
153.102
147.563
161.523
157.611
152.866
135.285
161.349
148.299
162.902
149.825
155.784
137.041
157.311
145.132
145.533
138.552
139.398
140.565
144.838
161.75
146.04
156.722
137.475
152.724
149.448
164.337
160.384
148.643
158.253
140.79
151.868
137.237
145.441
141.774
156.566
149.701
157.53
150.459
137.594
157.061
159.997
162.106
152.159
157.607
157.561
139.672
139.926
137.126
144.597
149.205
164.937
147.93
156.787
155.802
141.134
136.755
151.38
156.009
164.947
145.758
161.891
44.9138
47.7426
46.9039
41.8874
42.1212
41.591
44.8117
48.2614
42.9893
46.9738
44.0572
48.7323
26.7039
26.5881
25.3252
24.1142
26.7596
23.6179
24.1404
23.6071
26.078
26.1386
25.9686
24.7746
19.3575
22.7702
21.0725
20.6485
21.4138
19.7473
19.4938
20.6424
19.8921
19.964
22.6917
21.1694
20.1412
20.9738
22.033
18.6407
21.556
20.5476
18.7779
19.3882
20.1367
20.9807
19.1677
20.349
20.7818
19.8361
21.4967
21.5225
19.9241
21.9372
18.3404
18.0509
19.5633
20.4468
20.5595
19.9472
18.5072
18.6898
21.4175
21.4806
20.7042
20.6655
20.3992
18.8195
19.7212
20.7922
20.1574
18.0818
21.8142
21.3793
19.0422
20.4658
21.693
18.384
20.0121
19.825
19.6408
21.3424
19.5226
18.2547
18.2634
18.171
19.6366
20.8736
18.8149
20.5859
20.7484
19.0208
20.4022
20.7395
19.8665
19.3469
20.4766
21.9114
19.7074
19.5669
19.8571
18.3049
20.2127
19.3148
18.4857
19.865
18.0135
19.6071
18.4229
18.0972
21.2979
21.665
18.8307
20.1572
19.1118
19.9743
19.7465
19.0762
20.8016
18.506
18.2123
21.0707
20.6637
19.9941
19.8712
19.9896
19.7481
19.5716
19.9988
20.1141
20.7676
20.8448
19.5105
19.6542
19.4948
20.1461
19.8134
21.5584
20.7854
21.5946
20.8365
21.884
20.5429
21.8542
18.6327
18.2099
20.3165
21.934
19.6704
18.8482
20.0862
20.5952
19.2607
20.8591
21.9005
21.5879
19.1663
19.3069
19.4862
19.5782
18.4013
21.0479
19.4614
21.5193
21.7078
18.0977
21.954
20.8401
20.0816
19.5581
20.0741
19.2985
20.4908
18.3719
20.4845
19.1014
18.0705
20.2108
20.3138
19.7063
62.1831
73.3495
69.5155
62.7737
68.1487
67.9627
62.0215
69.4533
72.1932
71.3865
63.9604
72.9272
75.1563
84.5298
70.9535
77.386
79.1074
73.6835
81.8118
79.5694
70.1211
79.2819
77.4677
72.8824
87.4044
85.8365
76.22
80.1732
76.6017
83.9015
86.364
77.2748
84.38
79.4947
77.8752
86.4927
80.0703
79.3832
82.6596
76.0883
77.104
86.8084
82.757
85.1239
76.2462
80.6038
87.4373
77.0067
74.5497
80.1549
78.1864
74.5353
86.1961
87.8305
81.0779
84.3746
85.724
83.1957
72.689
74.5043
73.1323
72.1546
76.8923
78.2739
75.8528
73.0302
80.4739
76.3694
84.7325
72.1254
85.4763
87.2719
83.4574
83.7375
86.9362
75.3444
87.9122
84.3749
83.6243
77.7767
80.7317
82.4619
81.9247
83.279
73.318
77.6902
78.9438
76.1699
74.7619
74.2227
77.862
79.8949
73.0075
87.1432
84.2437
83.6935
74.7657
81.6608
80.4756
87.7195
83.9627
81.2122
85.613
74.4815
72.2434
83.0437
73.573
73.8469
33.566
30.5314
32.8232
34.6714
30.8254
30.1897
29.482
29.635
29.1982
29.3609
31.5648
30.8535
23.3254
24.0587
23.6758
22.5373
20.6189
23.3398
21.7855
20.5437
23.9342
21.6752
21.1378
24.0641
22.1271
19.8204
19.8853
20.8062
21.4362
18.6907
20.8623
22.3348
19.5055
22.1546
22.3239
19.5345
21.1177
19.0461
21.051
21.2914
19.08
20.9636
21.3504
19.5276
18.7604
18.456
20.399
22.0176
21.3122
19.7623
20.1658
19.1365
18.6702
19.9475
19.8731
20.107
21.8322
20.4352
20.4427
18.5299
21.9902
21.0954
21.5129
19.661
20.0124
20.0922
18.78
20.7619
21.6161
18.6584
18.3488
20.9569
19.0928
20.4955
20.783
19.2876
21.2606
20.2
21.476
21.0532
21.4743
18.0806
18.974
18.36
19.7683
21.5598
19.8702
21.3989
19.3087
19.3583
21.5822
19.7033
21.1591
18.9466
21.7952
20.2983
21.0373
18.3581
19.9707
21.6042
21.5082
18.1873
19.2148
19.7733
18.6891
20.92
18.738
19.3866
20.6531
19.9284
20.9543
21.8448
18.4662
20.8383
18.9214
19.6579
18.1315
18.5436
19.2791
19.3679
21.5983
20.9673
21.8887
20.3963
18.9669
19.3106
19.2793
19.306
20.6919
20.1232
19.5417
18.5964
18.0886
18.8753
18.4299
21.1418
18.45
20.8969
19.5426
18.2935
21.2509
20.3185
18.943
21.5787
18.181
18.8073
21.0082
20.8375
19.1571
18.2481
21.4323
19.2548
18.7829
20.0642
21.6409
18.1742
21.0632
20.2899
19.7018
20.9763
21.8633
18.9168
18.5746
21.6515
20.6758
19.7519
20.293
20.9825
21.0921
21.6796
19.7074
19.1736
20.5587
19.6629
20.3784
19.6799
18.612
19.8777
20.7637
21.1971
67.9092
63.4472
66.8398
71.8936
66.8149
70.6728
68.0981
64.4806
72.0276
62.3453
68.3385
64.0409
70.8809
77.6455
77.5932
80.8111
81.3985
81.1353
76.1964
79.6438
78.7942
76.3826
79.1087
84.5413
74.6358
85.9734
72.4182
76.4726
76.1507
81.5297
73.655
85.6009
84.7453
81.9385
78.8586
86.4057
85.1896
79.8931
83.1301
80.9736
81.3094
77.2029
79.2981
73.162
77.6243
83.0335
87.1468
87.3041
80.8722
81.6863
74.9535
83.105
73.113
76.5366
82.674
76.9465
72.7801
85.2895
76.9468
72.9922
73.1931
76.0245
74.8447
84.3848
77.1432
84.8711
74.7779
79.8822
83.0046
82.4279
81.6142
86.793
75.6557
79.8987
86.1431
73.2456
72.8935
75.7321
82.1276
76.1573
75.0431
79.3401
81.8168
75.9762
76.8109
81.8168
87.1316
82.7957
84.5263
77.8688
76.3559
79.2681
84.914
79.3006
85.5474
87.8202
73.1524
72.7265
74.3934
78.1499
74.0966
85.9306
72.3703
77.0527
74.9551
86.9046
82.7117
86.5925
35.0229
31.9814
30.2996
30.0399
30.2267
33.335
29.0588
29.1287
32.6921
32.9092
33.0577
31.18
23.7706
22.5506
20.6325
23.731
24.4297
20.429
21.9133
22.3441
20.8162
24.0473
21.433
23.6679
21.1804
20.8816
19.219
19.336
18.6259
19.418
19.8469
21.8446
19.9327
21.5229
20.232
21.6468
22.0102
19.0504
21.5523
20.5856
21.3713
20.7053
19.7903
19.0031
18.3679
20.2388
22.0667
21.0527
19.3279
21.3293
21.0962
19.1449
18.0746
18.4904
21.5299
21.3667
19.1992
19.1592
21.1918
21.7718
21.1206
20.4262
18.9743
20.1069
18.9377
21.2361
19.5516
21.3389
19.5302
21.3007
19.337
19.7643
20.462
18.2812
21.7928
20.2944
20.0313
21.3576
21.4631
20.089
21.709
18.259
18.4529
20.3872
19.4163
19.8569
19.3123
19.6189
21.2906
20.3739
21.9894
21.1475
19.0947
19.0574
19.3436
21.373
18.1092
18.9207
21.6197
20.5596
18.9074
18.8766
21.4505
21.575
19.0245
19.682
21.3384
21.084
21.2557
20.0736
21.6462
19.3038
18.6267
20.8349
20.1574
21.4183
18.3246
21.3748
19.1732
20.6194
18.1605
20.4383
20.8691
19.475
18.8616
20.1505
21.3328
19.2942
19.0099
19.1157
21.7965
19.4371
18.0144
21.1267
20.7971
18.5143
21.9396
20.4322
20.0031
19.5289
21.5947
18.9759
19.1431
18.4896
21.0365
20.3822
20.4363
18.8739
20.6047
21.0618
19.4316
21.2054
19.3952
21.0326
18.1349
20.2047
21.8781
21.925
19.127
19.7656
18.2519
21.4934
20.2743
19.5404
18.4511
21.7871
20.1209
19.1317
19.4009
19.0828
20.4072
21.7199
21.4268
19.8415
21.306
19.6924
19.0092
21.9337
19.2156
19.2949
74.6598
63.0214
71.5433
73.9271
68.1604
61.2343
66.3008
62.7173
66.8602
71.9444
67.1665
67.0742
78.4814
78.8678
83.1297
74.6257
82.5923
78.6233
74.5042
74.4204
75.4449
79.5042
73.4222
84.1236
80.7114
86.1999
72.306
77.0169
71.9307
75.8979
85.2774
72.1502
78.5045
73.4378
78.1974
84.9091
81.8708
83.6876
77.4926
87.0058
83.2482
78.6543
78.7288
86.5949
81.125
83.2021
78.5782
75.4884
83.5569
81.7056
80.0023
81.9647
75.3145
84.6827
87.1497
86.2369
77.1245
78.4773
84.9141
81.5023
80.7628
86.8221
80.5725
80.2352
72.6688
73.1072
72.1153
86.6078
78.5304
79.4932
85.5221
81.744
81.7512
76.7438
85.3417
74.6526
72.8497
75.0649
76.2831
76.5162
82.7274
75.4845
82.8257
73.4574
74.3551
80.141
86.7502
85.7529
87.4999
82.4075
82.8129
82.0002
81.9649
74.3538
80.6997
78.1769
79.0806
80.3776
74.0543
77.7518
73.0152
87.6747
73.8964
76.1364
86.2607
79.7233
74.1702
78.1477
29.5415
30.0814
29.133
31.6046
33.9625
32.5502
32.6806
30.0837
31.0009
34.2095
29.3623
34.2907
22.3269
23.9104
21.5847
21.678
23.5272
23.6768
21.1888
24.5185
20.5385
20.4669
22.8279
23.3979
22.3678
20.0907
18.5356
20.9015
19.6186
20.2054
20.4328
18.6962
20.4226
20.1782
21.3506
21.0766
18.8308
18.9149
19.0952
18.8056
20.7279
22.0832
20.7074
20.5248
19.734
19.3427
21.7482
21.981
20.0063
19.1792
21.1007
18.5476
21.0826
21.2962
18.5174
21.9285
21.9631
21.7678
20.0033
19.0025
