11.7061
14.4403
11.4722
8.95634
10.4525
10.0686
12.7082
15.2411
10.9019
8.13277
13.7083
14.6634
18.5916
14.4842
13.1829
14.3074
18.2069
17.1122
11.5528
10.6098
10.889
13.5486
16.1845
13.5354
8.74576
15.9594
16.8657
11.1845
15.3054
12.6925
17.7803
17.2975
13.7798
15.6066
17.7168
13.4529
11.4458
16.2903
10.4207
12.2738
17.523
15.9686
12.4419
10.3622
11.9157
11.1251
9.93698
16.1767
10.7728
12.9958
12.2445
18.8029
12.302
8.87981
8.98808
14.4983
14.593
12.6063
12.7503
8.59326
13.682
13.5521
9.64504
9.14223
9.3593
9.11131
14.7068
10.1613
10.7657
9.90929
18.5362
17.4008
10.5354
11.6032
10.3088
13.4106
8.21572
15.385
13.7547
17.885
9.80832
16.8452
16.7116
9.39899
12.3842
9.87168
10.8019
10.8957
14.1186
12.5255
18.4251
9.39007
18.7106
10.537
16.5016
11.7287
9.5739
17.4368
11.3975
15.2474
14.2309
13.1893
13.454
16.0546
8.9655
15.35
17.8539
8.63567
9.54719
15.883
12.8101
12.439
9.50663
13.5745
9.392
13.2428
16.3998
10.8409
13.2886
18.9122
15.5532
17.2549
12.5633
16.4465
8.4456
9.35202
10.2338
12.4215
17.3032
11.8089
15.2008
15.8025
14.448
11.9297
14.3476
11.7649
8.92261
18.9208
9.39901
8.79583
17.6638
11.3202
15.1533
11.6191
12.306
10.8832
11.7735
12.5177
15.9246
13.6269
18.3792
8.46068
13.5338
14.4265
18.1222
8.54074
14.3085
17.3899
10.6612
17.6392
8.20948
16.057
18.2642
15.2292
12.8293
8.49369
18.1213
13.1733
8.31896
15.588
13.3002
9.3678
10.357
8.7094
14.3172
14.8423
13.5632
16.9881
17.4711
14.7719
8.14032
15.6475
12.598
14.2211
15.1399
11.8526
18.0881
9.47372
15.3866
8.04796
18.1712
9.23755
9.04373
11.6631
12.1092
10.3573
14.4363
12.8721
8.37593
11.5162
16.9148
15.5867
15.9736
15.6793
11.4207
9.0963
10.9971
17.1496
18.7852
13.4323
8.1067
9.54049
11.5429
14.3644
8.82603
18.3769
12.0159
18.0384
16.5857
16.3098
14.6739
14.8946
15.018
14.9159
14.091
18.8506
16.0552
16.5464
17.5971
10.372
8.92185
13.3118
13.6549
17.121
12.8816
14.2794
13.7978
8.42023
14.7674
17.1085
9.73251
14.5376
14.5297
9.80603
9.3581
18.7806
12.3309
10.5016
9.88457
15.3436
14.7039
15.0791
8.96807
17.8289
12.2819
11.4471
13.086
12.2907
17.4993
18.2219
11.338
17.5033
16.5968
18.2389
10.7033
14.3466
11.02
17.065
8.05857
14.213
11.7312
11.5495
15.094
17.3663
14.7011
17.3849
10.9106
13.7145
12.9559
8.12809
14.1249
15.2768
14.5111
16.0991
14.2847
8.73425
9.2809
14.5612
11.0248
8.8761
12.7256
14.0975
11.6162
15.9248
15.0815
11.661
16.3036
15.1356
15.0119
14.0877
8.12529
15.6616
12.1365
18.3687
16.9978
14.4646
10.774
10.2409
11.7442
13.2422
11.2567
13.6642
9.81907
18.7548
9.18717
18.2514
18.0494
13.779
15.974
12.7965
14.9304
11.7463
11.3127
14.3605
13.4794
14.3749
11.1533
12.0365
8.92288
8.57504
10.788
8.81672
9.14152
16.9422
8.42761
15.2484
10.9981
17.587
13.3349
11.3613
13.694
12.2015
14.2073
9.25986
18.9669
12.6811
11.8305
15.8123
12.0029
17.166
12.997
15.9151
9.18199
17.3073
16.0929
10.3289
9.59815
11.4792
18.7368
10.8251
13.0174
8.33022
12.3695
14.2845
18.4844
13.6841
17.0102
14.0184
8.44864
11.4651
14.331
18.4565
17.4504
10.5119
10.4212
10.2129
18.1475
17.3793
16.5237
12.3201
13.5482
13.1076
10.7874
13.5553
8.33546
9.44991
17.7525
16.2685
12.6516
13.6887
12.07
16.1486
16.6261
16.3961
15.9487
10.2495
11.7177
13.1683
11.6387
16.3043
11.6229
9.52055
12.3894
18.7791
10.4847
14.7337
12.7627
8.78127
13.3666
15.7238
13.6454
17.5932
11.1783
8.94874
18.3022
12.1602
14.3405
16.712
11.5675
15.8778
9.48961
11.2042
9.59182
16.9235
10.4491
15.8914
18.3763
13.8055
13.9403
13.0714
11.5848
13.2322
14.6309
18.8459
18.3154
17.4837
17.7804
13.1463
15.2319
17.8457
12.3225
18.5794
12.5736
14.6119
15.8079
18.4565
10.6908
16.2074
13.729
10.9541
16.5427
14.0744
15.2707
11.5519
13.294
14.7909
12.454
10.1821
18.578
13.6261
16.0731
12.5215
11.9064
12.4788
12.5012
13.986
13.9782
13.4687
9.48264
13.4568
9.86014
9.38749
18.2591
14.6545
15.2544
12.4197
17.9988
15.0172
16.4609
12.0542
18.5601
17.0251
17.3934
9.89414
10.9806
11.1419
10.98
17.4095
8.35073
8.8371
11.0131
10.1986
10.5505
16.7774
14.1944
8.06348
12.7226
12.4867
9.2534
15.4376
15.7231
15.9298
16.0132
8.00058
18.4931
16.9563
17.9438
8.17208
18.2724
16.9077
17.2094
9.02616
16.1266
18.5591
15.464
14.2762
18.4019
12.8723
14.5922
13.2397
18.2613
8.83693
13.5123
15.5565
16.711
14.4132
17.9981
18.3619
8.70751
12.4261
8.25805
11.6236
13.9056
18.0187
17.3121
9.4025
9.02333
14.4819
13.8533
10.9302
17.894
18.201
12.4287
17.7933
12.2234
16.105
13.2354
9.34841
18.2073
12.9951
16.0794
12.0389
8.20769
9.10583
13.4584
15.5896
11.6821
15.6504
15.685
15.7433
13.4177
18.0637
13.3812
12.9529
10.1932
11.3842
8.46568
14.9689
10.7339
11.3457
16.479
11.5994
10.6642
9.85964
16.5234
9.42677
12.9913
13.5762
15.5613
14.9661
16.9179
8.49227
11.2608
11.0815
9.60619
11.181
11.4074
13.7407
15.3007
12.1921
15.9142
11.6978
11.1931
13.9531
8.26088
8.87768
12.5977
18.372
15.9366
8.96939
17.3095
16.0553
14.7204
17.0232
12.4452
10.4365
13.6323
14.0373
13.9216
14.2158
18.4358
17.9247
17.6329
16.8156
18.3777
9.08344
10.9164
13.4456
17.3119
13.5568
16.2284
9.52856
10.7766
16.0495
9.81207
11.8649
10.9135
11.8485
15.7916
12.0463
14.1079
9.09925
16.8552
12.0688
15.1339
15.9793
10.3063
17.7314
14.7785
12.716
10.0057
18.3653
16.3058
10.2883
11.7148
16.9064
15.6525
16.4236
12.8532
15.8812
12.2514
10.3239
14.9594
18.7362
11.4166
13.0707
15.414
13.9566
17.2777
16.3792
8.64127
18.9826
16.2764
17.5029
15.1632
17.4191
9.23621
11.8251
17.6406
10.2182
8.86066
16.6693
17.1903
9.78917
17.3978
15.5544
13.7209
17.1328
12.6117
10.1339
11.1334
13.5568
13.8446
16.8614
16.7049
14.395
16.5886
10.1095
8.55071
17.61
8.8311
10.7136
15.6485
12.5039
17.6395
11.2778
8.13058
11.3072
14.3588
12.1353
13.8836
17.6426
18.0373
10.9257
13.0835
14.0406
18.4402
18.9848
10.5895
15.9968
12.1583
8.08919
8.10178
13.0662
13.3717
8.24827
15.5562
11.234
14.1588
11.3101
9.83848
12.4789
10.555
13.8828
10.1871
13.5925
9.73116
15.3807
16.2933
9.21434
13.1458
8.77959
14.58
10.9084
13.8039
13.6921
18.1679
14.0399
14.413
12.4182
18.4399
16.549
11.1395
17.2863
12.7564
17.1153
17.0518
10.0776
15.7126
11.1971
11.2724
11.2598
15.9813
10.5281
8.00996
15.8676
9.88303
9.14931
10.6127
12.1789
13.235
8.49027
18.6763
15.8767
11.5551
11.5057
12.934
14.8887
9.6101
10.0782
17.4538
10.8188
12.1821
17.584
15.2946
11.7588
15.5207
8.21652
16.0921
13.3572
16.945
18.501
18.1837
18.0019
13.6339
11.9616
13.1154
15.5889
17.724
10.2768
18.1001
16.967
18.7674
17.6828
11.0793
9.16552
9.23465
11.2035
14.756
16.8475
17.8918
14.8613
8.06194
10.0495
9.09699
11.9966
13.5149
8.47737
11.8333
9.97098
15.1178
13.107
13.4485
12.7046
18.5162
10.3621
13.6833
16.0962
14.1253
18.2192
12.1577
13.1004
8.97375
14.699
11.1703
9.7634
13.9898
13.8554
8.83459
15.6804
14.8615
10.0792
13.1638
15.9236
13.8238
12.3504
11.5457
14.7143
18.3302
15.3892
8.8222
13.0675
17.7991
9.03909
18.8776
18.4398
8.86102
18.2675
11.9945
17.2918
12.6022
12.8494
14.9767
16.5193
8.37168
14.5247
10.0541
11.8054
11.8277
13.1597
11.6755
9.18097
9.60192
8.36782
13.1727
18.4989
9.27243
18.4089
16.067
15.0125
15.0981
17.094
9.17612
13.5523
15.668
14.455
17.1606
8.79499
15.5977
13.8743
12.1708
11.743
14.8292
17.8009
13.4579
17.072
12.4237
9.12634
8.67656
8.56468
12.1817
11.7096
15.8973
16.171
8.55939
10.4324
11.0169
14.0237
9.58967
9.47335
18.3817
16.8462
9.9872
12.4722
11.9118
16.701
13.6123
9.40635
16.1289
12.3658
10.8922
12.1305
13.4753
11.7743
10.661
12.3835
8.2109
16.4975
9.88039
8.48295
15.1907
16.5133
16.9521
13.4286
10.2591
16.1095
15.6968
10.709
17.9375
9.14809
18.8096
17.4627
15.5669
18.3262
15.9454
10.095
12.8637
8.78653
12.2862
16.1576
12.2509
11.6332
14.5489
17.5942
8.52342
12.2402
9.74065
15.6489
9.16297
15.3129
11.148
10.1881
18.2999
8.20377
12.8155
8.2379
13.3195
13.5115
11.5383
9.45378
12.1403
15.3949
16.6064
13.8383
14.4882
10.2068
11.1606
9.78085
10.7422
10.4738
13.7139
14.1896
18.3944
10.1513
15.0584
16.9899
14.1627
10.805
10.8881
8.43178
11.3599
16.1906
8.5227
10.4122
15.7686
16.6092
13.0085
15.6788
12.2675
9.75905
12.3796
14.3796
18.4286
8.75626
13.5813
11.6181
13.5914
8.26373
11.4433
17.0185
14.0934
12.9564
11.1408
11.2785
12.2141
17.1913
18.6393
12.8252
12.3269
17.3121
12.696
14.0722
10.5404
16.1785
13.8519
16.8994
16.5881
10.3651
15.872
16.8006
11.8072
9.8987
8.02895
12.9599
11.8768
14.104
10.0685
17.4563
10.8353
10.4907
13.2879
13.4874
10.3659
10.9905
9.86676
15.9031
16.471
13.0856
15.855
16.0953
9.52103
18.628
17.0314
10.2493
10.0478
9.38227
9.52216
16.2298
13.1662
16.6123
16.2088
14.6507
15.55
8.20191
11.4296
15.016
8.10279
8.36275
17.3708
15.5243
10.9191
15.5676
16.717
11.3747
8.39641
18.2606
11.797
9.1713
13.4104
16.4531
10.4381
10.9644
10.6699
18.9084
10.1714
14.3307
18.1779
9.61586
18.6794
18.4222
17.7303
10.3601
14.9746
16.3698
18.8463
9.98466
16.4263
11.7268
9.93189
12.6351
16.7322
13.1133
13.9128
18.9468
12.3902
14.7694
12.0177
12.3206
15.652
18.3168
13.9659
16.4524
8.98127
10.3227
13.5234
8.22013
10.7814
13.6914
8.16457
10.91
13.6543
14.3046
18.1833
15.0988
12.5621
18.2339
16.6337
10.2001
9.43927
15.4339
14.1587
16.6864
16.1269
14.8773
18.8502
13.8695
9.24416
17.111
10.7704
16.5503
18.5282
15.6648
14.5563
13.0642
12.0085
11.8831
15.0001
16.264
15.4637
10.1825
13.4339
16.708
13.2327
13.9029
16.4825
15.2739
12.5028
17.8495
9.78824
18.9507
9.30738
8.16445
17.7902
10.6945
16.0267
16.9212
17.4489
18.9075
11.2344
15.8127
9.2694
12.4749
17.3277
12.0442
14.502
13.5415
15.1055
18.7018
8.61309
14.3136
17.4933
13.2952
8.8638
14.1659
11.6528
9.70436
17.3394
13.7376
18.266
16.8662
15.6227
8.05528
12.7061
10.1723
18.0188
9.92042
11.1467
13.6852
10.897
10.3085
14.5901
8.97822
8.63985
12.0947
15.9273
14.1029
12.6516
14.2233
12.02
18.2976
8.60395
15.4073
17.8041
16.8427
10.0245
11.2552
15.8875
8.92698
16.9305
15.908
16.0257
9.10266
15.8954
15.478
17.1401
8.45756
8.25422
12.1031
9.63667
14.1422
18.0908
12.3063
17.2945
8.00265
9.85366
8.33466
11.6096
17.9901
9.06647
14.6705
12.9665
18.3232
9.34771
10.3323
8.32496
12.7733
11.0562
17.569
14.6543
14.755
13.851
9.01035
12.8952
18.9946
17.1875
17.828
17.0555
9.13346
10.5019
8.03434
11.3386
9.19468
13.2007
15.4484
17.6196
16.2414
18.3244
8.59288
8.13398
15.2747
11.1829
10.7885
11.6398
10.9678
13.6258
12.8416
13.6367
15.3998
12.2584
10.7644
9.82821
11.8442
16.1599
16.3238
15.336
10.5743
14.4689
14.2776
13.3269
14.0498
13.4097
14.22
15.8706
9.20591
16.2459
9.49475
8.73291
18.7369
18.5269
8.6648
12.8758
10.0487
13.3388
17.1319
18.4567
14.9768
11.893
14.6366
11.432
18.0081
17.5744
14.1405
11.5728
11.2273
8.3676
16.974
12.9542
11.5765
13.1822
17.0061
9.37076
17.4342
17.8726
18.4138
12.3724
10.3885
12.11
11.662
9.93769
14.6799
13.2429
17.5227
8.35321
15.0825
16.3924
16.3544
17.7468
16.0194
18.2059
11.6592
13.5353
8.15488
8.07653
10.6414
9.10888
10.8623
9.94748
8.31372
18.0023
8.09045
16.0969
9.67363
18.0345
17.8208
15.1929
15.3946
8.05873
18.8336
17.6562
17.8462
15.2517
11.7927
17.8301
11.2067
14.1898
9.09704
18.1415
9.54848
10.4739
14.1395
16.405
14.8129
10.5535
8.01037
16.3287
18.8373
16.909
13.0623
17.9414
12.5083
13.7743
13.2484
12.9239
16.5271
13.7945
11.4839
10.8397
8.41522
14.4151
10.5296
9.62947
15.1921
15.4933
16.2737
13.5393
17.8346
18.2998
16.8811
14.9915
11.3409
18.8124
11.0155
10.2292
12.8637
8.62525
18.7634
14.4728
14.1265
15.2138
13.4673
8.3527
14.7354
15.8779
12.5842
16.3303
10.497
10.434
9.77559
12.0919
17.3171
17.107
12.2111
14.4803
15.929
10.6533
9.84955
18.6931
14.7931
18.7956
11.7153
15.7333
10.4486
10.8732
13.6309
11.5158
9.84384
10.8917
8.39323
15.7487
13.4133
9.03667
9.88863
9.12788
14.7385
9.03631
16.2971
8.22562
10.7431
17.7973
15.9038
8.80265
17.0324
13.4234
17.3146
14.6081
15.5002
18.9285
10.5557
14.8634
13.0635
8.43397
8.15918
9.31151
15.14
14.2388
14.0877
8.35042
13.1623
18.1709
12.3735
14.8741
16.578
16.6232
13.7121
17.4375
12.3052
17.7756
10.6425
11.0824
8.58433
16.7514
12.5876
10.5203
10.5497
17.9154
17.1731
14.0888
14.7772
13.2176
12.3083
18.0702
9.38174
12.6029
11.7902
13.4797
13.034
13.7078
9.53911
13.6446
10.6666
10.0276
8.71318
16.3892
12.7019
14.8931
16.0035
15.4725
13.1755
12.2669
12.1356
15.0405
13.4427
17.3405
17.6217
9.87616
9.49857
14.9344
11.3135
8.20428
17.7751
10.4959
18.2221
15.8918
16.3892
10.2161
10.5761
13.7339
9.8931
11.3597
11.5361
9.75593
10.257
16.6741
9.83915
8.31303
14.9229
18.7358
11.6434
9.30521
14.2743
17.9699
16.6247
14.8477
11.4656
13.9607
9.00369
15.4684
15.9761
18.6153
10.8644
8.20302
14.0017
15.7747
16.6945
10.1311
10.8793
13.6385
11.6366
17.4656
13.2114
16.7954
14.3868
16.504
11.6594
17.1456
11.0203
14.0071
10.3541
13.2308
11.4999
10.9337
18.6368
9.76082
16.6606
18.8258
8.21892
15.6893
10.782
8.44537
12.4318
18.2874
8.12942
14.4667
13.5154
17.6072
8.92402
15.4968
15.4812
15.3599
18.3657
17.054
8.4617
13.1819
12.3775
11.4116
12.9647
12.2261
12.7557
18.7719
8.97496
18.1445
13.2826
14.8612
17.132
11.9651
12.7346
12.5047
12.122
18.1808
17.1182
9.199
9.18936
12.7066
9.08523
14.81
9.58061
13.7461
8.07942
11.4826
15.4491
13.3244
18.761
17.6151
11.9498
8.50035
17.3019
18.0236
17.0269
9.40745
18.9771
10.8444
15.9663
17.9884
10.5926
17.9908
11.4043
18.7405
11.0939
18.4878
8.58899
15.802
13.8532
13.2566
10.4584
15.7616
10.0989
14.0813
10.7857
18.5118
8.31494
10.197
10.6654
12.5547
10.56
13.4048
17.5971
15.8327
14.3796
8.97903
15.6339
9.83056
16.65
10.7506
12.5875
11.8552
17.447
9.39199
14.2221
9.56268
15.7528
17.9559
12.7807
13.369
18.2017
13.7309
13.3636
14.3616
15.5815
9.17572
17.0322
12.7906
8.79583
16.648
12.1464
9.10404
14.9716
17.6814
17.7653
18.5343
17.5448
8.02355
12.1827
17.004
12.0288
14.617
14.6695
12.0153
17.9492
13.5355
13.1126
18.9727
13.4285
9.96238
13.6438
16.9542
16.5455
16.6744
15.7883
10.7964
17.4829
17.8279
10.1357
9.43501
18.7317
17.5516
17.8256
17.7501
13.9586
15.1104
13.999
8.56327
16.2005
13.5587
15.1248
13.529
13.4099
9.88968
11.0659
9.74738
10.1523
18.7028
9.68425
10.962
14.4965
14.712
9.69372
16.7309
16.6372
10.6105
11.1753
18.3179
17.0824
15.6758
8.90457
12.6009
14.1523
10.0615
12.9305
14.6113
11.6011
16.5904
17.2449
11.5597
17.2252
9.13934
17.215
9.68025
8.9122
15.0595
13.1913
17.9868
11.9951
11.1587
13.5081
13.0154
11.7887
15.6312
16.3552
17.3828
18.7014
10.9332
15.877
12.3368
15.4479
13.2358
18.9315
16.0179
18.4774
17.1847
17.9319
16.9586
13.0508
10.7697
12.0735
8.2226
13.7639
13.5556
13.7778
18.7143
18.026
9.77884
12.0577
12.6635
11.9659
16.7835
13.7644
14.2931
17.3831
16.8652
9.45433
15.8531
12.7898
11.2411
8.55021
13.3597
11.9098
10.7666
15.6414
16.4643
10.6927
8.54392
17.3363
8.10956
18.3082
14.9038
11.5403
10.7113
8.09906
10.5902
9.51501
14.7338
9.832
13.8149
14.4913
11.2785
8.38571
8.40979
8.28982
16.1304
11.4981
16.7593
12.7491
12.983
13.6417
15.8433
11.0085
9.33746
14.1166
11.5968
12.8674
15.1164
13.4354
14.8231
13.9862
16.1378
15.7653
13.8761
15.4679
17.6092
12.755
12.5404
16.4067
14.4081
8.78107
17.8132
8.33861
16.2324
16.3467
18.4842
8.59548
14.5654
12.7062
11.637
8.9935
14.1892
13.2694
9.1501
14.7374
16.1175
16.4401
17.9591
12.5042
18.4838
17.5197
11.2615
9.75211
12.7893
12.4209
14.3329
14.4172
16.2499
13.6088
9.15305
17.4412
11.4074
18.6843
9.29646
18.5408
9.00113
10.5414
8.51238
15.7562
17.3533
12.7748
18.2137
14.4933
14.9301
17.2996
11.2648
11.8969
17.9655
17.9106
18.7413
17.9202
9.40109
17.061
12.5082
18.8988
13.1951
14.0922
13.8275
11.5391
8.82524
17.8522
16.8294
9.53479
16.5445
14.8843
12.5006
10.7942
17.457
15.7021
14.0251
14.7053
9.00173
13.2131
10.1307
10.2922
15.2743
18.0238
12.4413
10.2852
15.1362
17.5831
16.2315
17.5563
13.9021
16.2706
9.54071
11.831
12.285
13.6243
18.2198
17.6173
9.47978
9.90069
11.934
11.1982
14.7625
17.9305
18.5852
15.1896
17.2198
13.7772
10.2916
13.7716
14.1059
16.167
10.4187
12.0514
12.0043
18.5538
12.8834
16.306
16.2589
10.921
14.2906
17.8373
13.2272
18.3963
10.359
8.81575
17.806
17.3245
18.9185
15.4733
18.3036
17.0964
17.2887
14.2606
12.206
18.2801
12.7533
13.927
12.9073
14.213
13.1756
8.52764
17.7025
12.8883
14.4784
9.53107
8.03727
10.6982
15.7504
9.09114
17.9978
10.3652
10.2505
9.99659
8.1538
16.4899
17.6254
14.7558
10.0702
11.1381
13.2352
18.4978
10.7209
16.0481
12.8339
11.2763
13.0151
8.78327
16.7856
10.6763
15.9795
8.75183
18.5061
10.1232
17.7102
16.9042
18.6465
13.2568
16.0014
12.0778
10.0281
12.8738
9.82324
18.8025
9.05871
14.4813
14.8911
13.9189
15.284
9.27799
14.1052
11.1593
18.3419
16.3828
18.6977
8.41312
11.1365
10.1496
8.1227
10.6656
15.4665
10.542
13.599
17.766
15.6313
12.3409
12.0972
13.0131
9.94746
14.974
12.0057
17.376
16.3221
14.7156
12.0062
10.3093
16.5377
13.3505
10.4723
10.1469
9.81941
16.5488
10.5189
13.7931
12.967
14.3757
17.6487
17.5452
12.9618
8.16903
12.6909
14.6681
14.1354
15.1647
9.69483
15.1119
10.0092
16.2558
11.73
15.8088
8.52652
12.4865
15.7554
10.4956
16.7482
14.9386
14.4632
11.889
13.307
14.5708
13.1971
15.6814
12.7707
10.225
10.3533
8.06384
11.3105
16.2381
16.7358
10.2271
18.5495
13.5264
18.0868
15.7744
15.9468
8.93548
10.4199
8.09696
15.8774
11.7888
16.6532
11.7283
17.0127
9.43768
9.9071
11.7496
12.4934
11.8357
16.4001
9.06647
11.8634
17.2096
8.73477
18.3658
18.8495
8.97425
11.204
12.0964
16.5403
14.5552
15.088
16.3326
9.29777
17.1653
15.7618
14.3508
17.7871
15.7034
10.2187
12.7272
13.4345
8.60739
18.501
9.41435
15.6721
13.5685
8.28195
18.1722
17.3702
13.7668
10.5184
9.33785
11.9973
10.8097
13.5736
18.6305
14.3245
17.7892
15.1597
13.2277
17.4007
13.185
17.5549
11.2073
9.41694
17.4085
14.4616
17.78
18.3161
8.58991
13.5107
12.1246
14.8844
16.7295
11.0865
14.1248
15.796
9.47874
16.9547
14.6672
18.4449
11.7348
9.18961
13.5715
8.94392
18.6648
8.42553
16.2885
13.7761
12.0548
8.72426
14.8438
14.4374
11.0897
18.0124
11.3452
12.947
13.9814
9.10255
18.2538
12.1199
8.88857
12.2602
14.6022
13.6502
15.64
8.61032
11.1299
17.0115
8.87883
17.4103
9.01086
17.179
11.9687
14.7343
9.68176
8.72786
10.3753
9.40639
11.4365
13.6582
14.4764
16.6885
15.2186
14.6963
12.5296
13.2119
12.5597
17.2638
10.53
8.06293
15.1645
10.2271
17.7913
17.4495
8.844
9.17027
13.4469
14.7014
11.024
15.8848
14.5441
11.5731
8.27909
16.2517
10.3623
17.1792
12.6232
14.3479
17.6024
17.4999
12.0867
10.2978
16.5266
12.7639
10.1125
17.9487
10.1791
8.28388
8.22308
14.8455
15.2784
11.4215
11.5201
11.7344
15.4817
8.63947
18.2203
10.4477
18.9964
9.88675
16.487
10.4575
8.88931
17.6243
17.4463
12.4393
15.7264
14.1277
17.3825
11.4656
13.7604
13.3391
11.893
17.806
9.82466
9.6446
14.346
15.2324
10.1408
12.2979
18.4122
10.7128
15.352
16.1416
12.9294
18.3128
16.1032
13.0372
14.2627
15.6187
14.5141
17.6657
11.9258
11.2987
10.3522
8.41561
8.47315
17.5706
15.4623
15.2659
14.7611
17.3414
13.2829
17.5745
11.9539
18.1938
15.6852
10.8289
14.2049
13.8633
9.51689
14.5037
11.4626
8.57584
18.4352
15.0564
17.6461
15.4366
11.9268
13.6396
15.4332
18.5628
10.7904
17.6247
18.1649
15.3746
18.2439
12.3767
18.4832
15.7306
8.46206
17.9756
13.3292
13.0636
14.2311
9.64323
13.1608
17.1424
8.17031
11.0021
8.027
12.5728
16.0115
16.7865
18.3971
14.6936
10.8009
18.1656
16.5285
14.3187
15.652
18.1675
15.8363
12.0521
15.8433
8.44306
12.2506
12.4696
9.83522
8.25394
9.46719
15.2008
16.8252
18.8702
11.81
14.5932
18.3086
9.83746
15.8941
16.3048
8.97873
17.4737
16.9442
8.36743
9.00193
8.5404
11.6822
13.6022
13.8558
10.9443
18.0276
12.0509
8.50105
11.3025
13.8422
12.4904
11.0123
9.44456
17.0108
18.9576
11.625
12.1978
14.7984
15.9029
12.3123
17.9542
14.16
12.9543
15.1134
18.4808
16.7401
8.44014
11.6554
13.176
11.4597
15.7021
17.089
16.0448
18.8827
10.998
17.6249
16.4328
11.984
16.0754
9.14484
16.6827
13.8556
11.2152
15.2136
15.0578
10.3043
8.33437
12.7698
14.2646
17.6427
18.2104
13.8169
16.2918
12.8323
16.2069
10.2528
12.0817
14.9765
8.19974
15.9471
17.1909
12.3906
12.9274
17.3641
16.5322
11.1696
11.5637
15.4677
14.1952
9.78453
11.4092
17.8998
15.5699
18.8457
16.4371
18.3617
10.3781
16.4863
8.22239
15.3784
13.1621
11.8144
17.4864
17.3969
8.24532
14.7046
12.0462
12.5723
17.1524
11.4082
18.3735
9.97597
15.2899
15.3932
10.7741
11.5723
17.1828
16.3799
11.6201
13.8735
8.67848
10.2962
13.344
8.94571
17.2767
15.8981
18.38
15.6281
18.3444
14.0996
14.6024
18.7467
15.0634
8.33865
15.9618
17.9602
16.7514
14.4222
15.3843
18.8921
8.99728
15.3397
11.1174
15.041
14.6839
9.68803
10.2742
14.8379
9.41053
10.917
17.1877
11.598
13.3687
18.3525
10.4986
12.2859
14.671
16.3087
17.9182
18.0702
16.543
10.5116
8.2729
12.2215
9.55704
15.8143
15.2724
8.48369
17.2025
10.7362
12.7545
15.3473
12.7236
12.8542
8.72191
12.4159
16.4133
18.0669
12.5485
12.6594
15.7289
18.3705
10.9377
12.8416
16.7557
14.7066
9.21645
14.9051
10.0542
13.6124
13.8201
17.6382
13.0874
11.0739
10.5406
17.6168
9.88112
12.6846
10.0589
16.5063
13.2181
11.8626
11.9721
17.3744
14.0915
15.8965
17.8674
17.9192
11.6136
18.477
8.27363
12.1452
17.8538
11.021
11.0039
11.3288
14.7354
12.8217
15.9941
17.844
15.4162
10.2491
18.2595
10.9094
9.64884
8.98964
14.1972
9.25139
9.52653
11.3003
11.0982
14.6466
16.9842
16.3748
10.8873
10.6984
18.6237
8.0906
17.6769
10.197
18.4201
11.7654
12.8439
15.7783
14.4644
11.4973
14.0921
16.0378
8.46568
8.12319
13.0387
9.4502
15.3078
10.3546
12.7614
10.1744
14.0333
9.27659
8.25418
8.56245
18.4968
9.56515
15.7933
8.74719
9.18976
13.5976
13.1136
18.4674
18.3932
16.5757
14.6231
13.0046
11.918
18.418
14.632
14.3698
10.5509
8.51368
18.3971
11.4511
12.8685
9.26104
17.2062
8.30395
17.1739
9.54314
17.7522
16.0275
9.81137
14.224
11.4392
9.96056
17.451
12.4388
12.384
9.86875
12.2137
17.5878
11.9944
18.4676
18.4094
9.59389
9.95042
17.4894
12.3204
8.04811
11.0126
14.5739
16.7919
9.46727
9.21596
18.143
16.2626
14.4876
16.4611
12.7174
16.343
12.0898
10.685
16.0191
12.6164
18.7951
11.8443
18.139
18.2626
10.6604
16.7804
12.7638
18.0928
12.9514
16.1873
13.1366
10.5058
10.1929
12.6797
16.3104
14.6558
15.5749
11.1056
13.2958
8.48835
16.9929
18.8888
12.4757
8.1206
9.86772
15.1778
14.7329
16.6665
10.7927
16.4
15.5678
11.551
14.0004
9.62001
12.9782
17.6932
12.6331
17.2352
14.4928
10.1106
14.3922
13.5658
12.3851
9.31593
12.5838
8.80039
9.08646
12.5751
11.3592
18.181
12.1328
16.3364
13.8327
15.7449
10.8613
18.361
13.831
17.1446
12.0155
9.10232
15.4108
8.08536
13.2282
10.1208
14.9011
18.7736
13.1084
16.9925
13.5856
13.4542
18.2347
17.7896
16.6438
11.2588
13.9951
10.4629
12.8831
13.3263
17.148
17.8563
12.5608
8.19475
17.4795
9.91707
14.8407
8.27468
12.3946
18.8456
9.10763
12.6606
11.3786
17.956
17.5627
10.6147
8.89307
14.8985
11.7001
15.3929
8.35332
9.46739
15.5501
10.3361
17.4335
8.6445
10.3703
18.9842
12.7638
15.7326
10.0093
14.7086
15.9872
11.4592
17.1179
14.6376
12.2804
14.1341
14.3444
9.82089
12.4301
11.7777
12.4099
16.3722
13.3079
18.3435
11.2304
12.5727
16.6565
14.0063
14.0173
8.58674
12.3846
10.9781
18.9927
11.3919
17.7295
15.4386
11.7501
13.9789
17.2459
17.7171
9.76433
11.7353
11.6875
8.46249
14.5806
17.403
12.1973
16.1404
14.9047
12.1321
9.55166
15.8026
17.4002
15.5444
8.19666
10.3786
8.76428
14.2742
16.3213
9.21637
17.2217
14.1106
15.5897
18.6854
8.92049
17.9135
9.38713
12.3225
17.3658
17.9688
13.5701
14.5352
15.7896
17.1603
9.33662
16.9108
13.294
12.9569
12.6629
13.6013
18.3956
14.0302
18.485
9.98319
15.9655
16.9346
15.4704
14.6761
14.2129
17.4702
17.0381
9.34518
17.3345
12.5548
10.7907
17.5675
12.7523
16.892
10.8974
8.04322
13.4501
9.10251
16.2981
11.0368
12.8801
8.95737
11.1533
16.5964
9.66747
15.1188
18.0917
15.4782
16.9212
9.19869
10.7581
17.8399
15.8662
15.0351
15.3014
12.5562
8.49012
16.6289
15.4658
13.2008
17.8974
11.6978
11.2375
17.6008
16.7669
13.6648
9.43808
10.3658
15.2185
12.2355
17.2012
18.4495
16.862
12.153
16.6756
11.8659
9.8381
8.36733
12.2429
17.9392
10.6289
10.2716
18.668
8.27505
16.6436
11.5351
8.41237
18.0958
9.53607
14.0696
11.0146
8.71712
8.54915
9.27112
8.78504
16.3661
13.3412
11.7718
12.6021
18.2184
18.0183
15.8724
17.7315
11.5161
12.1922
14.7508
14.8599
13.2987
12.4072
18.848
17.0324
12.7848
16.0002
10.9652
9.10186
11.8767
12.4327
8.18191
16.9627
11.9511
14.3846
8.8136
9.92497
17.7866
14.6956
18.4531
18.9863
12.0905
11.2868
17.4419
18.9847
14.9261
16.7465
16.5992
11.9087
14.317
17.1636
15.5693
8.2328
11.7038
9.58923
10.5627
17.9604
8.40583
10.4178
11.4053
14.7857
13.8751
10.401
9.80665
10.6048
13.5278
10.983
18.4236
13.1025
8.64676
16.0219
11.6173
15.1884
11.0755
14.2782
16.4937
18.2081
10.8724
11.6834
13.1069
18.1989
17.9153
8.98866
9.45123
13.4506
9.17281
11.8014
9.63224
14.9964
18.4444
18.9641
12.1277
14.5891
17.4189
9.29208
15.5852
12.4973
10.2676
12.4303
8.83556
15.6495
10.7802
11.4255
9.33189
17.5113
13.4279
14.2936
14.2638
12.5154
10.1178
16.1965
9.39762
9.14261
15.8116
10.2972
11.3745
13.2275
12.9429
15.7944
14.8577
15.0884
15.8546
11.2187
11.5457
12.818
11.3821
18.8343
16.9546
9.8112
8.06154
8.47062
10.6847
9.2572
13.8667
17.4379
16.1043
10.3717
12.3923
13.5868
16.9123
17.2303
18.0069
13.6017
15.637
9.2298
14.2182
10.7356
12.7489
14.9746
10.8268
8.57404
8.11257
8.24375
8.09185
9.21391
10.6344
10.4334
18.8548
11.3661
9.40163
14.0012
17.4375
15.4587
11.2569
14.1778
15.8634
16.0091
15.3319
17.5789
17.5712
14.3683
12.7284
15.0573
17.0003
8.06217
18.912
10.0118
13.1727
17.5923
10.4754
13.2447
9.4584
12.3458
9.94849
11.9999
12.1081
18.9249
18.9429
9.26265
15.9857
8.5692
8.33211
9.15867
18.6203
18.3495
10.1332
9.7784
10.6459
13.671
14.2668
10.4375
16.3229
11.4051
18.1434
15.2239
12.7999
16.689
16.9971
11.1953
11.7369
18.2955
9.81215
8.46365
12.9946
16.8133
16.4883
18.1148
13.8652
9.10071
14.4756
16.5624
9.02661
9.89923
8.1352
14.5302
17.7541
15.3773
18.8024
8.69337
17.933
16.9548
11.4567
18.7088
11.1673
17.7824
17.6882
16.3342
14.1982
9.32003
13.8517
11.9248
16.7144
16.3394
18.0167
8.16313
16.9001
18.3231
16.6823
9.43214
8.89407
8.2293
14.9162
14.9264
18.8561
12.3785
11.651
14.8687
17.0817
18.3045
16.8344
12.6934
14.9841
17.4193
13.3967
10.3836
9.86696
8.00174
15.9006
9.22207
10.6822
11.2766
14.1642
12.3775
15.4214
8.61203
9.36333
13.4913
11.7066
11.2539
8.73731
17.8529
15.61
9.3378
8.71551
18.7236
15.4929
12.592
15.719
16.3196
16.5796
13.2567
12.7287
8.12131
18.1921
14.6364
10.2347
18.1156
18.0643
18.881
17.6146
18.9756
10.6915
17.2647
17.0533
10.5403
9.08281
18.7736
11.2563
17.5798
8.0454
8.23127
13.1246
10.6259
15.5883
14.2212
8.85234
9.78891
12.2685
10.0416
16.7144
12.5768
9.02775
13.3278
8.99922
9.41831
10.6357
17.4548
18.1707
17.0888
11.6748
10.9969
14.0407
15.9404
18.9271
9.44728
8.54221
15.6379
17.1545
17.3098
15.4631
18.4942
13.6211
18.052
18.6459
17.3187
11.4073
10.1584
14.0293
12.9832
17.6553
9.10035
10.8351
16.2698
9.04485
11.5284
12.2587
14.8485
9.73946
17.4666
12.923
18.0872
13.1466
11.0254
9.56012
8.0412
13.8537
9.17872
12.309
14.482
11.0325
9.92747
16.5219
18.4147
9.10484
9.71149
18.5601
8.41563
18.754
8.05109
17.6104
11.3806
18.3245
11.4864
15.1974
8.88036
10.6656
16.5105
13.8155
18.2077
12.7163
17.5679
12.9385
18.7717
18.5582
11.6205
17.7452
17.3237
10.3175
14.8672
8.79951
17.2038
9.92
8.77896
12.4024
14.3461
17.4041
18.7167
12.8344
8.66492
16.2403
14.2169
12.9268
11.402
13.5264
11.7255
16.3271
13.9828
17.6453
13.979
10.6209
17.362
14.1294
10.2753
14.8586
11.9349
17.2885
12.9863
15.9909
9.0509
12.3563
18.8157
16.8931
9.75935
11.0554
11.628
15.154
16.3269
16.2448
13.6086
16.919
12.8079
9.36269
14.2089
18.4753
16.7229
14.3657
15.1149
18.2362
12.7118
11.6453
18.7497
17.4979
11.5535
13.1016
12.5659
9.64005
18.536
12.4474
17.6286
10.0829
14.0266
8.26358
16.4064
14.3901
14.8815
8.56893
10.3214
