0.1
0.1
76.338
83.702
94.232
73.162
1.666
0.102
0.1
0.066
0.102
0.1
0.1
0.098
0.068
0.102
0.098
35.118
92.422
89.136
88.044
28.734
0.1
0.066
0.102
0.1
0.098
0.098
0.066
0.1
0.098
0.1
57.01
85.394
97.366
78.89
75.3
84.132
97.442
75.226
8.332
1.052
0.098
0.066
0.102
0.098
0.102
0.068
0.098
0.102
0.1
1.832
99.016
85.578
92.564
51.056
0.102
0.102
0.066
0.1
0.102
0.1
0.068
0.102
0.102
0.1
45.106
88.398
92.802
87.72
16.736
0.102
0.068
0.102
0.1
0.066
0.1
0.102
1.434
0.068
0.102
0.068
0.102
0.1
0.068
0.136
0.068
0.102
0.1
0.066
0.102
0.102
0.066
0.1
0.1
0.1
0.1
0.102
0.102
0.066
0.102
0.1
0.068
0.102
0.098
0.102
0.066
0.102
0.068
0.102
0.1
0.068
0.1
0.068
0.1
0.1
0.068
0.102
0.068
0.102
0.102
0.068
0.102
0.068
0.234
0.1
0.1
0.068
0.1
0.102
0.098
0.102
0.1
0.068
0.102
9.804
0.066
0.102
74.804
86.67
93.704
72.576
4.2
0.102
0.066
0.1
0.068
0.102
0.102
0.068
0.102
0.066
0.1
0.066
0.102
0.068
0.102
0.068
0.066
0.1
0.102
0.068
0.102
0.068
0.098
0.1
0.068
0.1
0.068
0.102
0.1
0.1
0.1
0.068
0.102
0.068
0.1
0.068
0.102
0.234
0.236
0.068
0.134
0.1
0.066
0.102
0.102
0.102
0.068
0.102
0.068
0.102
0.066
95.066
82.086
93.218
61.168
0.102
0.066
0.102
0.068
0.102
0.1
0.068
0.1
0.068
0.1
0.1
0.068
0.102
0.068
0.102
0.068
0.102
0.068
0.102
0.068
0.102
0.068
0.098
0.068
0.102
0.102
0.066
0.102
0.066
0.1
0.068
0.102
0.1
0.102
0.102
0.1
0.068
0.102
0.1
0.068
0.102
0.068
0.102
0.1
0.1
0.068
0.102
0.102
0.068
0.1
0.102
0.1
0.066
0.1
0.102
0.1
0.066
0.102
0.1
0.098
0.1
0.068
0.1
0.102
0.102
0.068
0.1
0.1
0.102
0.1
0.068
0.102
0.1
0.102
0.832
0.068
7.854
0.102
2.17
0.102
0.068
0.1
0.2
0.1
0.136
0.066
0.102
0.102
9.958
0.1
0.334
96.948
85.778
93.948
55.794
0.068
0.1
0.1
0.1
0.102
0.066
91.8
83.822
94.572
67.68
0.102
0.066
0.102
10.024
0.232
7.5
0.068
0.1
0.1
0.264
0.098
12.656
93.378
86.742
90.3
87.992
67.712
3.734
0.098
0.068
0.098
0.102
0.1
0.1
1.052
9.286
8.182
0.1
0.066
0.098
0.1
0.066
0.1
0.102
0.066
0.1
0.1
0.068
0.102
18.026
93.114
92.188
90.476
40.738
0.066
0.1
0.1
0.068
0.102
0.102
0.098
0.1
0.064
0.1
0.098
0.068
0.102
0.102
0.1
0.068
0.102
0.098
0.1
0.068
0.1
0.068
0.134
0.102
0.068
0.1
0.068
0.1
0.098
0.066
0.1
0.102
0.068
0.1
0.1
0.068
0.1
0.1
0.068
0.102
0.1
0.068
0.1
0.102
0.068
0.102
0.1
0.068
0.102
0.068
0.102
0.1
0.066
0.1
0.068
0.1
0.102
0.066
0.1
0.1
0.068
0.102
0.066
0.102
0.1
0.068
0.1
0.066
0.102
0.068
5.932
97.472
80.646
93.502
57.488
0.068
0.102
0.068
0.1
0.1
0.068
0.102
0.1
0.068
0.1
0.066
0.102
0.102
0.068
0.102
0.068
0.1
0.068
0.1
0.1
0.068
0.102
0.066
0.102
0.068
0.102
0.068
0.1
0.066
0.102
0.066
0.1
0.068
0.1
0.102
0.068
0.1
0.068
0.102
0.068
0.102
0.068
0.102
0.1
0.068
0.098
0.068
0.102
0.068
0.102
0.1
0.066
0.102
0.1
0.1
0.068
0.102
0.066
0.1
0.102
0.068
0.102
0.068
0.1
0.068
0.1
0.068
0.134
0.066
0.102
0.068
0.1
0.068
0.1
0.066
0.102
0.068
0.102
0.1
0.068
0.1
0.068
0.1
0.068
0.1
0.102
0.066
0.102
0.068
0.1
0.102
0.066
0.102
0.068
0.1
0.102
0.068
0.1
0.1
0.068
0.102
0.098
0.068
0.1
0.102
0.068
0.102
0.102
0.068
0.1
0.1
0.066
0.1
0.098
0.068
0.098
0.068
0.102
0.102
0.066
0.102
0.1
0.068
0.102
0.102
0.102
0.066
0.102
0.1
0.068
0.098
76.574
83.198
94.14
74.668
7.542
0.1
0.1
0.068
0.102
0.1
0.1
0.068
0.1
0.102
0.068
0.1
0.102
0.1
0.068
0.102
0.068
0.102
0.068
0.102
0.068
0.102
0.068
0.1
0.102
0.066
0.1
0.1
0.066
0.102
0.1
0.068
0.102
0.102
0.068
0.1
0.1
0.1
0.068
0.1
0.068
0.102
0.1
0.068
0.1
0.1
0.1
0.066
0.1
0.1
0.1
0.068
0.1
0.066
0.1
0.102
0.102
0.068
0.102
56.716
85.35
97.392
82.53
15.806
0.1
0.068
0.102
0.102
0.068
0.1
0.1
34.936
91.754
89.742
89.234
35.858
0.102
0.068
0.098
0.102
0.068
0.102
0.1
0.068
0.136
0.068
0.1
0.1
0.068
56.692
82.636
96.378
84.552
18.258
0.102
0.1
0.066
0.1
0.102
0.066
0.1
0.1
0.066
0.1
0.102
0.068
0.1
0.1
0.066
0.1
0.068
0.1
0.066
0.102
0.068
0.1
0.068
0.102
0.1
0.068
0.102
0.098
0.102
0.068
0.1
0.068
0.1
0.102
0.068
0.102
0.068
0.1
0.068
0.1
0.102
0.068
0.1
0.068
0.102
0.102
0.068
0.1
0.1
0.102
0.068
0.102
0.1
0.068
0.1
0.102
0.1
0.066
77.118
81.114
95.004
76.566
10.824
0.068
0.102
0.1
0.068
0.102
0.1
0.068
0.1
0.1
0.1
0.068
0.1
0.1
0.1
0.068
0.102
0.102
0.066
0.1
0.1
0.068
0.1
0.102
0.066
0.102
0.1
0.068
0.1
0.066
0.1
0.068
0.1
0.068
0.1
0.102
0.066
0.1
0.068
0.102
0.066
0.134
0.102
0.068
0.1
0.066
0.102
0.098
0.1
0.066
0.102
0.068
0.102
0.1
0.068
0.102
0.1
0.1
0.102
0.1
0.102
0.102
0.102
0.066
0.1
0.1
0.1
0.102
0.1
0.098
0.1
0.1
0.066
0.1
0.1
0.102
0.098
0.1
0.1
0.1
0.068
0.1
0.1
0.1
0.1
0.102
0.102
0.068
0.1
0.1
0.102
0.102
0.1
0.102
0.1
0.1
0.1
0.1
0.1
0.1
0.068
0.102
0.102
0.102
0.1
0.1
0.1
0.1
0.1
0.1
0.066
0.102
0.266
0.1
0.068
0.1
0.1
0.1
0.1
0.1
0.1
0.1
0.098
0.068
0.1
0.1
0.102
0.098
0.066
0.1
0.102
0.1
0.102
0.068
0.1
0.102
0.098
0.1
0.102
0.068
0.1
0.102
0.1
0.1
0.068
0.1
0.098
0.102
0.102
0.098
0.102
0.1
0.066
0.102
0.1
0.068
0.1
0.098
0.068
0.1
0.102
0.068
0.1
0.068
0.102
0.102
0.068
0.098
0.102
0.066
0.1
0.102
0.1
0.102
0.102
0.068
0.1
0.098
0.066
0.1
0.1
0.1
0.068
0.098
0.102
0.066
0.1
0.102
0.102
0.066
0.1
0.068
0.1
0.102
0.102
0.068
0.102
0.066
0.102
0.1
0.066
0.1
0.066
0.1
0.1
0.066
0.102
0.102
0.1
0.068
0.1
0.102
0.068
0.102
0.1
0.068
0.1
0.098
0.1
0.068
0.1
0.102
0.068
0.102
0.068
0.102
0.066
0.1
0.1
0.102
0.068
0.098
0.1
0.068
0.102
0.068
0.1
0.1
0.068
0.1
0.102
0.1
0.068
0.102
0.068
0.102
0.1
0.066
0.102
0.1
0.068
0.1
0.1
0.068
0.1
0.068
0.1
0.098
0.102
0.068
0.1
0.066
0.102
16.968
92.046
89.334
91.006
51.312
0.102
0.102
0.068
0.102
0.068
0.102
0.102
0.066
0.1
0.102
0.066
0.1
0.068
0.102
0.102
0.068
0.102
0.1
0.068
0.1
0.102
0.1
0.068
0.102
0.1
0.1
0.068
0.1
0.068
0.1
0.102
0.068
0.102
0.068
0.102
0.1
0.102
0.102
0.068
0.102
0.066
0.102
0.068
58.984
14.68
0.068
0.102
0.066
0.1
0.068
0.098
0.068
0.1
0.066
0.102
0.068
0.1
0.068
0.102
0.068
0.1
0.1
0.1
0.1
0.066
0.102
0.102
0.1
0.102
0.068
0.1
0.1
0.1
0.202
0.1
0.098
0.068
0.1
0.1
0.068
0.1
0.098
0.234
0.066
0.1
0.1
0.066
0.1
0.068
0.102
0.068
0.1
0.066
0.1
0.066
0.1
0.066
0.1
0.1
0.066
0.102
0.098
0.068
0.1
0.068
0.1
0.1
0.1
0.068
0.098
0.102
0.1
0.068
0.1
0.1
0.068
0.1
0.1
0.102
0.068
0.1
0.098
0.1
0.1
0.064
0.098
0.098
0.1
0.068
0.102
0.1
0.102
0.1
0.068
0.102
81.168
81.952
95.566
72.886
5.734
0.1
0.102
0.1
0.1
0.098
0.098
0.068
0.1
0.098
0.098
0.102
0.098
0.1
0.1
0.064
0.102
0.1
0.102
0.1
16.798
93.126
87.412
91.246
50.738
0.064
0.098
0.098
0.1
0.096
0.1
0.066
0.098
0.1
0.096
0.1
10.658
96.162
86.252
91.294
56.962
0.102
0.1
0.1
0.1
0.066
0.1
0.1
0.098
0.068
0.102
0.098
0.068
0.102
0.102
0.1
0.068
0.102
0.102
0.102
0.102
0.068
0.098
0.098
0.1
0.102
0.064
0.1
0.102
0.1
0.1
0.068
0.1
0.098
0.1
0.098
0.066
0.102
0.1
0.068
0.1
0.368
0.368
8.33
0.1
0.098
0.1
0.1
0.102
0.068
0.102
0.1
0.1
0.068
0.102
0.098
0.068
0.102
0.1
0.098
0.068
0.1
0.102
0.102
0.066
0.102
0.1
0.068
0.102
0.102
0.066
0.1
0.098
0.068
0.098
0.1
0.068
0.1
0.068
0.1
0.068
0.1
0.102
0.068
0.1
0.1
0.068
0.102
0.102
0.068
0.102
0.068
0.1
0.066
0.102
0.068
0.102
0.098
0.068
0.102
0.068
0.102
0.068
0.102
0.102
0.066
0.098
0.102
0.102
0.102
0.068
0.102
0.102
0.068
0.102
0.066
0.1
0.102
0.066
0.102
0.068
0.102
0.102
0.066
0.102
0.102
0.068
0.102
0.068
0.102
0.102
0.066
0.102
0.068
0.328
0.168
0.068
0.1
0.068
0.102
0.102
0.1
0.1
0.068
0.102
0.068
0.102
0.066
0.1
0.102
0.1
0.234
0.166
0.1
0.068
0.098
0.102
0.068
0.102
0.1
0.068
0.268
0.098
0.1
0.1
0.1
0.066
0.102
0.1
0.066
0.102
0.102
0.068
0.098
0.1
0.066
0.098
0.102
0.066
0.1
0.1
0.1
0.066
0.098
0.1
0.1
0.066
0.102
0.098
0.1
0.066
0.1
0.098
0.1
0.066
0.102
0.102
0.102
0.066
0.102
0.102
0.102
0.102
0.068
0.1
0.102
0.102
0.068
0.102
0.102
0.1
0.102
0.102
0.066
0.102
0.1
0.1
0.1
0.102
0.232
0.266
0.1
0.1
0.102
0.1
0.1
0.134
0.102
0.504
0.098
0.1
0.098
0.102
0.1
0.1
0.1
0.1
0.1
0.102
0.1
0.1
0.1
0.1
0.102
0.1
0.098
0.102
0.1
0.066
0.102
0.098
0.1
0.102
0.102
0.098
0.068
0.102
0.1
0.1
0.098
0.102
0.1
0.102
0.098
0.1
0.136
0.098
0.1
0.1
0.102
43.278
90.154
94.47
87.604
28.8
0.1
0.1
0.098
0.132
0.1
0.102
0.102
0.102
0.102
0.1
0.1
0.132
0.234
3.094
0.1
0.134
0.102
0.1
21.304
95.438
88.134
92.762
58.308
0.1
0.102
0.1
0.1
0.134
0.1
0.102
0.102
0.1
0.098
0.134
0.098
0.1
0.1
0.1
0.098
0.132
32.234
92.698
89.514
89.212
42.804
9.602
33.254
92.432
92.606
88.974
39.212
0.102
78.754
83.12
94.47
79.392
13.37
16.468
98.224
84.432
93.168
67.722
0.098
0.102
0.1
0.1
0.132
0.132
0.1
0.1
0.098
0.102
0.098
0.068
0.102
0.102
0.102
0.1
0.102
0.066
0.102
0.1
0.1
0.1
31.256
98.432
87.54
82.25
99.506
89.074
68.3
0.1
0.098
0.1
30.846
98.022
84.75
80.108
99.444
88.302
67.6
0.132
0.098
0.1
0.1
58.664
98.29
75.922
91.896
99.67
84.566
41.522
0.098
0.102
0.102
0.068
68.86
93.754
79.194
95.528
96.934
80.482
20.816
0.102
0.1
0.102
0.102
0.102
0.066
0.1
0.102
0.068
0.1
0.066
0.102
0.1
0.066
0.1
0.066
0.1
0.066
0.1
0.1
0.066
0.1
0.068
0.1
0.102
0.066
0.102
0.066
0.102
0.1
0.068
0.1
0.102
0.066
0.1
0.068
0.102
0.102
0.066
0.102
0.068
0.102
0.102
0.066
0.1
0.066
0.102
0.1
0.068
0.1
0.068
0.102
0.102
0.066
0.102
0.068
0.1
0.1
0.066
0.102
0.102
0.234
0.3
0.6
0.664
0.868
1.342
0.936
26.658
34.866
11.734
0.066
0.1
0.1
0.068
0.102
0.102
0.202
0.932
2.034
0.102
13.298
23.014
0.068
19.2
40.828
17.234
32.098
0.102
0.066
0.1
0.1
0.102
0.068
0.102
0.102
0.068
0.102
0.068
0.098
0.1
0.1
0.102
0.1
0.1
0.098
0.102
0.068
0.1
0.102
0.102
0.102
0.068
0.1
0.102
0.1
0.1
0.068
0.098
0.102
0.1
0.1
0.068
0.1
0.102
0.098
0.102
0.1
0.066
0.102
0.1
0.102
0.098
0.1
0.102
0.068
0.102
0.1
0.102
0.102
0.1
0.068
0.1
0.102
16.566
97.226
84.336
82.864
99.704
87.318
66.31
3.184
0.102
0.102
0.098
0.1
0.068
0.1
0.102
0.1
0.098
0.098
0.1
0.102
0.102
0.1
0.102
0.066
0.102
0.102
0.102
0.102
0.1
0.068
0.1
0.1
0.1
0.1
0.068
0.102
0.102
0.102
0.102
0.1
0.102
0.1
0.068
0.102
0.1
0.102
0.1
0.1
0.102
0.068
0.1
89.964
92.3
76.966
99.466
89.866
75.746
14.17
0.102
0.1
0.102
68.848
98.5
74.732
93.6
99.8
80.378
67.002
72.244
8.702
0.102
0.066
10.98
97.104
86.834
84.586
94.404
77.168
89.228
83.39
42.986
0.102
0.068
0.1
0.102
0.068
0.1
0.1
0.066
0.098
0.1
0.068
0.102
0.102
0.066
0.102
0.102
0.066
0.102
0.102
0.102
0.068
0.102
0.1
0.068
0.1
0.102
0.068
0.102
0.102
0.066
0.102
0.1
0.068
0.1
0.102
0.1
0.098
0.1
0.098
0.098
0.1
0.1
0.1
0.1
0.066
0.102
0.102
0.096
0.102
0.068
0.102
0.102
0.068
0.102
0.102
0.068
0.102
0.102
0.1
0.102
0.102
0.068
0.102
0.102
0.068
0.1
0.1
0.068
0.102
0.068
0.102
0.066
0.102
0.1
0.068
0.068
73.5
91.246
80.802
95.67
93.638
84.766
25.136
0.068
0.1
0.102
0.068
0.102
0.068
0.102
0.102
0.068
0.102
0.1
0.102
0.232
0.1
0.068
0.1
0.1
0.098
0.102
0.068
0.102
0.1
0.068
0.334
0.368
0.606
0.398
0.102
0.566
0.334
0.468
8.632
29.808
35.532
40.48
0.1
0.266
0.302
38.002
0.098
0.068
0.102
0.102
0.068
0.1
0.102
0.1
0.068
0.1
0.1
0.068
0.1
0.066
0.232
27.686
37.3
16.914
70.166
91.304
48.076
28.448
20.548
38.018
0.266
0.298
37.834
38.666
35.904
2.034
0.068
0.102
0.1
0.068
0.102
16.634
22.5
38.162
23.044
15.468
74.414
98.8
83.538
61.812
38.432
16.888
57
99.504
96.466
60.3
33.702
1.418
0.334
8.298
74.884
1.298
0.102
0.136
0.066
1.49
97.45
92.036
76.616
89.958
99.638
86.87
72.02
14.632
0.1
0.102
0.1
0.066
0.1
0.102
0.102
0.1
0.1
0.1
0.268
0.068
0.1
0.1
0.098
0.102
0.1
34.174
97.328
74.5
0.102
0.1
12.04
99.004
93.654
73.148
92.262
99.704
88.8
66.24
10.238
0.136
0.102
0.1
0.098
0.1
0.066
0.102
0.1
37.136
97.562
84.334
74.206
99.31
99.77
84.412
55.492
8.736
0.132
0.1
0.102
0.1
0.1
0.068
0.338
9.968
0.102
0.1
24.24
97.478
90.296
75.726
96.62
99.408
85.116
64.152
0.1
0.1
42.2
97.412
82.53
76.998
99.208
99.738
89.658
63.756
11.836
0.098
0.1
0.1
0.102
0.134
0.1
0.068
0.1
0.102
0.136
0.1
0.102
0.1
5.568
97.326
91.864
75.73
91.062
99.738
89.034
71.182
14.482
8.946
0.202
0.1
0.102
0.068
0.102
0.102
0.068
0.102
0.102
81.468
98.67
60.688
87.112
99.606
93.1
86.896
29.088
0.102
0.1
0.102
0.068
0.102
0.102
0.066
0.1
0.102
0.068
0.102
87.638
95.164
66.328
91.144
99.606
89.866
82.6
25.408
0.098
0.102
0.068
0.102
0.066
0.1
0.102
0.1
0.066
0.1
0.102
0.102
0.234
0.1
0.102
0.068
0.102
0.102
0.068
0.102
0.068
0.102
0.102
0.068
0.098
0.102
0.068
0.1
75.1
98.618
71.738
89.51
99.898
90.366
84.224
25.796
0.102
0.1
0.068
0.102
0.102
0.068
0.102
0.068
0.102
0.102
0.068
0.102
0.068
1.038
0.098
0.068
0.1
0.102
0.102
0.068
0.136
0.068
0.1
0.102
0.068
0.102
0.064
0.102
0.102
0.068
0.102
0.1
0.066
0.102
0.068
0.102
0.068
0.102
0.1
0.068
0.102
0.102
0.068
0.102
0.102
0.068
0.1
0.302
1.234
40.288
3.434
0.234
37.964
1.766
0.134
14.95
0.1
0.198
0.336
7.132
65.608
98.42
70.854
85.7
99.64
96.218
85.16
40.36
33.664
23.194
54.914
42.078
0.102
40.64
0.1
0.102
0.068
0.372
40.724
3.902
37.38
0.068
0.502
0.102
2.494
20.798
62.334
98.754
94.932
63.988
72.184
99.308
99.77
76.082
0.1
0.102
0.1
0.1
0.066
0.102
0.098
0.068
0.102
37.862
97.278
83.276
72.672
98.07
99.834
61.862
0.1
0.068
0.1
0.1
0.102
0.202
0.134
0.1
0.102
0.1
0.102
0.1
0.302
0.1
0.066
0.1
0.1
0.1
0.236
0.1
0.1
0.066
0.102
0.1
0.1
0.1
0.066
0.098
0.264
0.102
0.1
0.102
0.132
0.132
0.134
0.3
60.568
94.502
97.272
43.896
2.272
2.068
77.902
98.474
98.174
98.698
98.478
98.934
98.436
98.282
98.844
99.112
72.71
54.038
1.932
1.798
1.89
1.906
1.898
1.898
1.932
1.892
1.896
1.804
0.696
0.1
0.102
0.1
0.238
2.916
21.114
35.868
98.57
88.39
71.706
95.57
99.704
82.554
83.044
97.056
96.524
96.776
96.476
96.328
23.752
0.102
0.1
0.1
0.102
1.336
1.632
0.834
0.068
0.1
21.038
97.312
90.966
68.82
94.06
99.638
90.604
14.868
0.1
0.1
0.066
0.102
0.102
0.1
0.1
0.1
0.068
0.102
0.098
0.098
13.804
97.052
92.182
62.256
90.634
99.408
88.266
29.468
0.068
0.1
0.102
0.102
0.068
0.1
0.1
0.102
0.102
0.102
0.068
78.138
99.53
72.262
90.726
99.108
89.5
41.334
0.1
0.068
0.1
0.136
0.068
0.1
0.102
0.102
0.068
0.102
0.098
0.1
0.068
0.102
0.102
0.066
0.102
0.1
0.068
0.102
0.102
0.102
0.068
0.1
0.1
0.1
0.1
0.068
0.102
0.102
0.102
0.102
0.068
0.102
0.102
0.1
0.068
0.102
0.1
0.102
0.068
0.102
0.102
0.068
0.102
0.102
0.068
0.102
0.102
0.068
0.102
0.1
0.066
0.1
0.068
0.1
0.1
0.068
0.102
0.102
0.102
0.066
0.102
0.102
0.068
0.1
0.102
0.066
0.102
0.1
0.066
0.102
0.102
0.068
0.102
0.102
0.102
0.068
0.102
0.102
0.1
0.068
0.102
0.102
0.068
0.1
0.102
0.102
0.068
0.102
0.102
0.1
0.068
0.102
0.066
0.102
0.102
0.068
0.102
0.068
0.102
0.102
0.068
0.1
0.068
0.102
0.1
0.066
0.102
0.1
0.1
0.068
0.102
0.1
0.066
0.1
0.102
0.068
0.102
0.1
0.102
0.068
0.102
0.102
0.068
0.1
0.1
0.102
0.1
0.1
0.068
0.102
0.102
0.102
0.068
0.1
0.1
0.1
0.066
0.1
0.102
0.102
0.066
0.102
0.1
0.1
0.066
0.134
0.1
0.066
0.1
0.068
0.102
0.102
0.102
0.1
0.068
0.1
0.1
0.068
0.102
0.102
0.068
0.1
0.1
0.068
0.102
0.1
0.066
0.1
0.102
0.068
0.102
0.1
0.068
0.102
0.102
0.068
0.1
0.102
0.066
0.102
0.102
0.068
0.1
0.066
0.102
0.102
0.068
0.1
0.1
0.068
0.1
0.102
0.102
0.068
0.102
0.102
0.068
0.1
0.1
0.1
0.068
0.1
0.102
0.068
0.1
0.1
0.102
0.066
0.1
0.102
0.102
0.068
0.1
0.102
0.1
0.068
0.1
0.102
0.1
0.068
0.102
0.1
0.068
0.1
0.1
0.1
0.068
0.102
0.1
0.1
0.068
0.1
0.102
0.068
0.1
0.1
0.066
0.102
0.1
0.068
0.1
0.1
0.102
0.068
0.1
0.102
0.1
0.068
0.102
0.102
0.066
0.098
0.102
0.068
0.1
0.1
0.1
0.068
0.1
0.102
0.1
0.102
0.068
0.1
0.102
0.102
0.102
0.066
0.1
0.102
0.068
0.102
0.1
0.098
0.066
0.1
0.068
0.1
0.098
0.068
0.1
0.1
0.068
0.102
0.102
0.102
0.068
0.102
0.102
0.068
0.098
0.102
0.102
0.1
0.066
0.1
0.1
0.068
0.102
0.1
0.102
0.068
0.102
0.102
0.1
0.068
0.102
0.1
0.068
0.102
0.102
0.068
0.102
0.068
0.1
0.102
0.1
0.068
0.1
0.102
0.068
0.102
0.066
0.102
0.102
0.1
0.066
0.102
0.102
0.102
0.068
0.1
0.102
0.068
0.102
0.102
0.102
0.068
0.102
0.102
0.102
0.102
0.066
0.102
0.1
0.102
0.102
0.068
0.102
0.102
0.102
0.068
0.102
0.102
0.102
0.068
0.1
0.102
0.1
0.068
0.102
0.1
0.102
0.068
0.1
0.1
0.102
0.066
0.102
0.1
0.068
0.102
0.1
0.1
0.066
0.102
0.1
0.068
0.102
0.1
0.068
0.1
0.102
0.102
0.068
0.102
0.102
0.066
0.1
0.102
0.102
0.068
0.1
0.1
0.066
0.136
0.102
0.068
0.1
0.102
0.102
0.068
0.102
0.102
0.102
0.068
0.1
0.102
0.1
0.068
0.102
0.1
0.102
0.068
0.1
0.102
0.102
0.066
0.1
0.1
0.068
0.1
0.1
0.102
0.066
0.102
0.102
0.1
0.098
0.102
0.1
0.066
0.1
0.102
0.102
0.068
0.102
0.102
0.068
0.1
0.102
0.102
0.068
0.1
0.1
0.066
0.1
0.102
0.068
0.102
0.1
0.1
0.068
0.1
0.102
0.1
0.068
0.1
0.102
0.1
0.068
0.1
0.1
0.1
0.1
0.068
0.102
0.1
0.068
0.102
0.1
0.102
0.068
0.1
0.1
0.102
0.066
0.1
0.1
0.102
0.068
0.1
0.1
0.1
0.068
0.1
0.102
0.102
0.068
0.1
0.1
1.082
6.666
0.068
0.102
0.1
0.1
0.068
0.668
7.5
0.1
8.22
0.102
41.048
97.27
83.474
76.666
99.534
99.704
74.34
2.626
0.098
0.098
0.102
0.462
8.202
0.1
0.068
0.1
0.1
0.068
89.966
94.52
76.734
89.912
99.672
87.892
38.976
0.102
0.066
0.098
0.1
0.068
0.102
0.068
0.102
0.102
0.068
0.1
0.066
0.1
0.102
0.102
8.188
0.102
8.334
0.102
0.102
1.25
15.35
9.678
0.066
0.1
0.1
0.068
0.1
21.71
64.712
0.1
0.098
0.1
0.068
0.1
0.102
0.098
0.1
0.068
0.268
0.102
0.068
0.136
0.068
0.1
0.1
0.102
0.102
0.068
0.102
0.102
0.1
0.1
0.068
0.1
0.1
0.102
0.066
0.102
0.102
0.102
0.1
0.068
0.102
0.102
0.068
0.1
0.1
0.068
0.1
0.102
0.102
0.068
0.1
0.102
0.102
0.068
0.1
0.1
0.1
0.068
0.1
0.1
0.1
27.31
0.068
0.1
3.966
23.5
23.848
3.488
5.796
21.934
27.586
0.102
0.066
27.138
27.168
0.1
27.686
26.166
14.05
14.502
0.068
24.828
2.678
0.068
0.1
0.1
0.1
0.066
0.102
0.1
0.068
0.102
41.45
0.1
0.134
0.102
0.068
0.102
0.1
0.102
0.066
0.1
0.102
0.102
0.068
0.102
0.102
0.102
0.064
0.236
0.068
0.102
27.5
0.1
0.068
0.102
0.102
0.102
27.512
0.102
0.068
0.1
0.068
0.372
27.5
0.1
0.102
19.146
8.334
27.766
0.1
0.102
0.098
0.1
0.066
0.102
0.102
0.102
0.1
0.068
0.1
0.102
0.102
0.102
0.068
0.1
0.1
0.1
20.032
7.632
0.1
0.098
12.814
14.862
0.102
0.1
0.1
0.066
0.1
0.102
0.102
0.068
0.1
0.1
0.068
0.102
0.098
20.688
7.2
0.064
0.102
0.1
27.284
0.1
0.102
0.1
25.562
2.07
0.102
0.068
0.102
0.102
0.098
0.102
0.068
0.1
0.1
0.1
0.102
0.1
0.1
0.068
0.1
0.1
0.102
0.096
0.102
0.1
0.068
0.102
0.098
0.102
0.1
0.1
0.066
22.588
21.342
0.134
14.158
0.1
0.102
0.098
0.1
0.268
8
71.45
98.454
73.35
86.046
99.77
97.806
75.83
0.102
0.1
0.102
0.068
0.1
0.1
0.1
0.102
0.102
0.1
0.102
0.102
0.064
0.102
0.1
0.1
0.098
0.1
0.068
0.098
0.102
0.1
0.066
0.1
0.098
0.066
0.102
0.102
0.1
0.066
0.1
3.502
0.1
0.102
0.1
0.102
0.102
0.066
0.1
0.102
0.1
0.102
0.066
0.102
0.102
0.1
0.102
0.068
0.1
0.238
1
0.068
4.002
0.1
0.102
0.1
0.102
0.802
7.5
0.102
0.1
0.098
0.102
0.102
0.102
0.102
0.102
0.102
0.1
0.068
0.1
0.1
0.1
0.102
0.068
0.102
0.1
0.102
0.1
0.1
0.068
0.102
0.102
0.1
0.068
0.102
0.102
0.102
0.066
0.1
0.102
0.102
0.102
0.102
0.068
0.102
0.102
0.066
0.102
0.102
0.066
0.1
0.102
0.102
0.068
0.098
0.102
0.068
0.102
0.102
0.102
0.068
0.102
0.1
0.102
0.068
0.102
1.534
6.734
0.102
0.066
0.102
0.102
0.1
0.066
0.102
0.102
0.1
0.068
0.236
0.102
0.102
0.068
0.102
0.098
74.448
98.388
70.09
89.266
99.734
93.73
62.768
0.102
0.102
0.068
0.1
0.102
0.1
0.068
0.1
0.102
0.1
28.6
2.332
0.734
0.566
0.334
19.268
11.222
0.834
0.636
1.028
13.334
0.168
0.102
0.102
0.368
0.102
0.102
0.1
0.068
0.1
0.102
0.102
0.102
0.066
0.102
0.102
0.066
0.102
0.1
0.102
0.068
0.1
0.102
0.068
0.102
0.102
0.234
0.1
0.102
0.068
61.24
98.42
77.522
80.382
99.736
97.902
68.312
30.558
1.516
0.636
0.47
0.102
0.066
0.102
0.102
0.102
0.1
0.232
0.1
0.068
0.1
0.134
0.066
0.102
0.102
0.102
0.064
0.102
0.102
0.102
0.102
0.1
0.1
0.068
0.098
0.1
0.098
0.1
26.9
4.474
0.896
0.602
0.604
0.568
0.2
0.1
0.098
0.068
0.1
0.1
0.1
0.068
0.1
0.998
0.102
0.068
0.098
0.1
0.102
0.102
0.098
0.098
0.1
0.1
30.068
1.906
0.898
0.634
0.47
0.1
0.102
0.1
0.1
1.444
0.098
0.098
0.066
0.1
0.102
0.1
30.026
1.686
0.838
0.666
1.936
4.066
1.486
97.956
92.75
76.698
91.278
99.608
89.054
38.982
0.098
0.1
76.546
99.172
83.554
76.198
99.638
99.606
77.436
13.322
0.102
0.102
0.068
0.102
0.102
0.1
0.096
0.102
8.238
25.198
0.838
0.632
0.604
0.336
0.1
0.066
0.1
0.132
0.1
0.066
0.264
0.54
12.202
0.1
0.1
0.1
0.1
0.1
0.1
10.464
0.1
0.098
0.1
0.102
0.102
0.1
0.1
0.102
0.102
0.068
0.098
0.102
0.102
9.684
0.102
0.1
16.724
97.324
92.276
73.64
93.44
99.77
86.022
29.936
0.102
0.102
0.102
0.102
0.102
0.102
0.102
0.068
34.9
96.904
11.674
0.102
0.102
0.068
0.102
0.102
0.1
0.068
0.102
0.1
0.068
0.102
0.102
0.102
0.068
0.098
0.102
0.1
98.514
92.204
79.266
91.234
99.336
87.91
38.166
0.102
0.102
0.1
0.066
0.102
0.1
0.102
9.252
97.332
88.698
78.074
92.134
99.834
87.406
37.734
0.102
0.102
0.068
0.102
81.066
98.666
73.832
91.502
99.734
89.222
57.6
0.102
0.102
0.102
0.102
0.068
0.1
0.102
0.102
0.068
0.234
30.098
48.144
24.566
0.468
0.396
0.466
29.13
17.008
12.972
2.768
0.1
0.068
0.1
0.102
0.1
0.1
0.066
0.134
0.1
17.366
17.67
0.5
0.534
0.534
0.734
32.338
1.926
0.832
0.736
0.598
0.102
16.828
21.672
0.664
23.452
18.178
0.77
0.602
0.734
0.636
0.402
33.148
12.37
0.27
5.102
28.376
0.168
0.102
0.102
32.58
0.268
1.134
32.508
1.634
0.534
0.102
0.068
0.1
0.1
0.102
