42.136
45.346
43.498
44.46
45.376
42.582
46.972
42.618
44.038
46.478
40.586
45.422
43.826
43.252
43.826
47.136
44.366
43.334
43.944
43.802
43.918
44.058
45.516
43.262
44.192
43.146
43.508
47.828
42.3
44.084
48
41.856
43.802
45.64
43.472
43.454
45.208
44.32
45
44.986
46.056
42.324
46.126
44.574
44.72
43.906
47.522
41.056
44.482
44.014
45.458
45.356
44.248
46.338
46.69
42.066
44.624
44.32
44.718
47.3
44.93
44.46
43.192
47.864
43.262
44.578
48.38
42.864
45.928
43.334
46.22
42.958
46.426
43.076
45.074
48.24
44.132
44.202
47.86
44.634
43.262
44.718
46.174
45.352
49.024
41.996
45.282
47.042
45.54
47.23
44.812
46.666
43.098
45.94
43.85
44.578
46.174
45.294
43.616
45.752
44.976
44.94
50.07
45.966
42.418
44.484
44.906
49.014
42.78
44.658
44.752
47.606
43.646
48.042
43.23
44.812
45.752
43.254
44.982
45.944
45.104
43.45
44.484
47.958
43.216
46.488
46.83
44.366
43.122
44.398
45.358
45.66
47.652
43.45
46.76
44.672
44.558
44.53
48.428
42.888
44.836
46.056
45.258
43.262
45.472
46.714
42.864
47.348
45.406
47.298
46.244
48.568
42.324
46.728
44.11
46.238
47.16
46.254
46.08
45.376
45.68
47.06
46.306
44.202
48.616
41.978
45.516
45.338
44.998
45.658
46.944
45.782
45.704
50.906
46.822
45.892
47.184
43.592
45.61
51.198
44.694
47.582
47.254
45.846
45.892
45.22
48.756
44.648
47.348
45.61
42.982
45.78
46.194
48.428
42.384
46.286
45.728
44.296
49.93
43.904
47.574
44.488
45.4
46.456
47.794
45.986
44.93
45.748
46.292
44.154
48.616
43.414
44.062
45.194
45.03
46.82
45.324
45.61
42.09
46.83
45.4
44.766
48.836
44.86
43.99
45.126
46.526
44.14
48.188
42.644
45.962
45.442
44.672
44.612
48.61
44.306
43.848
46.414
43.31
44.836
46.74
42.858
44.296
46.146
45.938
45.704
45.306
42.816
44.062
44.554
43.372
48.616
42.488
44.272
44.296
46.338
45.846
42.652
47.254
42.84
44.436
44.108
44.236
46.268
44.39
41.812
45.422
44.788
45.938
42.512
45.986
44.232
44.414
50.212
38.498
45.07
45.816
43.996
46.032
44.718
45.422
43.428
48.982
42.004
46.5
42.582
44.272
45.542
43.272
46.514
42.686
46.62
44.32
44.418
47.366
45.14
42.794
44.508
44.694
45.118
47.7
44.46
42.934
46.996
44.508
44.296
48.004
42.816
45.774
46.042
42.136
44.484
46.67
42.992
45.182
46.564
46.338
43.966
49.062
42.532
44.624
44.882
45.144
48.654
42.63
45.122
44.802
46.644
43.876
47.208
46.628
43.9
44.648
45.376
46.62
42.864
47.582
43.24
43.224
47.3
46.572
43.618
46.77
46.326
44.99
45.164
49.622
43.334
46.432
45.006
45.09
46.784
46.948
44.79
45.61
45.258
44.586
47.362
45.966
42.378
45.54
46.314
43.736
47.536
47.84
43.262
47.864
45.218
48.858
44.132
44.85
48.262
44.788
44.43
45.006
47.184
46.666
46.402
46.55
43.688
46.744
45.108
45.446
45.376
46.596
45.894
43.434
47.462
48.072
43.498
48.814
44.6
46.572
44.436
46.504
46.854
47.018
45.526
48.524
45.118
47.208
44.114
48.428
47.652
47.816
45.282
46.338
45.542
49.954
42.064
47.652
46.556
45.752
45.916
47.276
45.716
47.006
46.528
46.854
44.128
47.018
46.088
45.822
49.718
45.258
44.578
47.512
45.658
46.996
47.904
44.882
46.644
44.624
50.992
47.536
50.938
43.874
48.098
48.216
48.098
44.93
47.672
44.576
47.184
47.276
46.032
47.098
49.524
46.032
44.508
48.544
46.126
46.22
49.558
44.342
46.636
46.974
46.45
46.354
51.056
45.836
46.526
47.276
48.93
46.996
48.212
45.114
46.526
47.512
50.234
41.996
47.724
47.866
44.084
48.31
45.374
45.54
49.038
45.376
44.624
45.516
45.938
47.17
46.786
46.924
44.038
50
44.022
46.714
46.55
48.802
43.99
47.958
46.53
48.756
45.328
48.708
47.206
49.39
45.586
47.934
45.752
47.888
44.186
46.362
48.826
45.658
47.716
48.586
45.918
49.17
47.464
48.104
46.072
50.846
43.052
47.966
47.184
46.478
49.812
46.878
45.024
48.1
44.896
48.31
46.83
47.09
44.93
46.204
46.718
46.652
48.64
48.568
46.924
47.91
45.208
47.09
48.262
44.624
46.384
50.118
45.752
47.066
46.154
49.292
42.558
47.276
45
45.968
46.794
47.238
45.938
43.736
48.17
42.934
47.418
44.982
47.41
46.292
42.8
45.234
45.222
45.422
49.86
42.7
46.55
43.682
47.512
45.622
45.516
48.944
43.686
46.738
46.948
42.746
44.82
45.862
47.516
43.786
47.966
47.16
44.46
47.488
46.268
47.254
44.39
45.68
46.666
48.236
46.29
43.602
48.174
45.47
48.402
45.39
47.592
44.494
44.724
45.938
45.564
45.4
47.23
46.318
46.596
43.99
45.452
47.982
47.91
44.342
45.822
48.686
45.258
49.154
45.118
46.948
48.398
45.68
46.644
50.422
45.516
47.796
43.374
46.746
46.08
47.934
45.432
47.418
47.934
48.712
45.32
46.134
46.334
49.038
47.37
44.342
47.066
51.972
44.598
49.518
46.362
47.654
47.844
48.814
44.954
45.774
46.418
45.886
49.272
48.616
42.538
46.526
49.056
48.618
44.578
48.404
47.81
44.836
49.226
45.4
45.63
48.028
47.746
46.774
49.566
48.732
47.206
48.088
44.296
47.09
44.178
44.946
45.736
42.7
44.32
43.926
46.738
47.418
41.916
45.07
45.258
44.694
44.376
46.164
44.93
45.164
46.93
42.018
49.366
43.516
44.754
47.632
47.83
44.226
45.634
42.63
44.084
44.296
44.248
44.766
47.91
44.484
43.592
46.044
44.956
46.83
45.258
44.648
45.116
47.746
44.718
44.648
48.428
47.812
46.794
47.184
44.65
44.808
47.276
42.7
44.798
46.574
43.708
50.046
43.45
45
46.22
46.712
47.464
46.338
42.464
45.456
48.656
47.16
45.074
45.658
47.888
47.794
43.78
49.098
45.47
44.486
46.694
44.86
44.968
43.288
44.084
44.366
46.362
48.004
42.966
49.544
44.084
44.272
47.03
44.156
46.572
46.338
45.868
43.568
47.864
42.018
44.404
45.846
43.638
43.826
44.93
44.39
41.924
44.178
43.332
45.54
44.062
45.586
43.498
43.662
44.884
46.22
43.544
43.592
46.206
47.3
39.474
44.276
45.282
43.77
45.422
43.896
45.378
42.09
44.54
42.864
45.516
42.288
44.052
45.306
44.084
46.056
40.964
46.456
44.098
43.262
45.032
43.592
42.864
45.568
43.826
46.874
42.934
45.704
43.47
44.508
43.708
43.686
44.062
44.286
48.436
39.414
45.15
42.7
45.728
43.85
44.014
47.09
42.018
43.864
45.798
41.784
44.718
47.126
42.3
43.78
45.634
44.956
45.492
44.554
42.066
43.732
43.92
44.016
46.69
40.422
43.85
46.456
42.864
43.568
44.272
49.516
42.716
45.586
46.268
44.112
46.408
50.6
41.502
42.756
45.326
44.784
44.882
47.23
46.666
46.198
44.56
42.612
45.302
45.752
43.112
45.26
48.146
43.45
43.802
48.272
41.15
43.85
43.866
45.212
45.282
43.474
43.79
43.732
46.972
44.414
43.286
44.414
43.698
44.126
43.53
45.752
40.752
44.062
46.456
41.478
47.7
42.058
43.708
45.68
44.248
45.072
44.648
42.77
44.578
45.234
44.272
43.662
47.404
43.798
42.38
45.868
46.666
41.032
43.744
46.018
43.052
42.442
44.226
44.062
45.516
45.982
44.972
42.746
45.118
42.608
43.932
45.702
43.122
45.328
43.944
43.686
45.608
45.188
44.342
43.428
44.128
44.256
44.202
44.554
45.664
43.112
43.044
47.236
44.108
44.248
45.376
43.976
46.606
43.028
43.824
45.892
43.026
45.352
44.038
43.896
46.982
44.72
42.144
45.67
43.708
44.086
43.84
47.664
43.378
39.436
44.244
43.912
46.06
46.056
42.176
46.808
42.878
44.342
43.968
46.01
43.474
45.306
45.328
42.724
45.212
45.564
42.16
46.784
46.55
43.17
48.874
41.69
44.426
44.694
46.572
44.694
46.83
45.306
45.986
42.386
45.674
44.178
44.114
46.01
43.474
46.104
45.47
42.724
46.974
48.204
42.558
45.774
45.07
45.042
41.598
46.024
42.782
44.86
45.868
41.784
45.724
46.902
40.846
45.658
44.132
43.98
43.92
43.896
48.6
41.738
44.93
42.724
45.41
43.802
44.344
47.442
40.762
44.366
48.146
40.686
43.968
43.944
45.782
41.924
45.774
44.272
45.094
46.986
43.146
42.018
43.91
43.318
44.436
45.07
47.154
40.742
46.016
46.606
41.432
45.048
45.492
41.644
44.882
42.456
43.918
43.586
45.702
44.498
42.84
43.78
47.128
43.94
45.556
41.854
43.944
43.708
45.846
46.572
44.686
41.878
45.658
43.878
43.85
45.256
45.822
43.404
45.352
41.06
43.944
43.874
45.728
41.95
45.22
45.496
42.89
45.306
45
44.648
42.376
43.92
44.474
46.738
42.69
45.152
44.084
44.154
46.924
42.792
45.134
42.382
45.68
41.948
44.178
43.526
43.944
47.344
43.594
42.418
44.084
45.658
44.096
44.128
43.592
44.888
45.376
44.248
41.502
43.598
45.416
44.32
43.944
48.428
40.492
43.874
43.85
46.22
41.55
45.306
42.206
44.836
44.31
44.23
44.108
45.938
45.024
40.932
43.756
44.954
43.642
47.276
42.17
44.086
45.212
46.478
41.244
47.09
43.028
42.558
43.92
43.716
43.616
45.798
44.64
42.348
43.964
44.71
43.826
47.09
42.23
44.202
43.686
47.62
40.564
45.598
44.054
45.54
43.826
43.756
45.142
44.226
46.498
42.958
41.972
43.802
43.85
43.85
45.024
44.36
44.376
43.99
45.516
43.616
44.366
45.616
43.436
42.442
44.9
45.586
44.062
45.68
43.624
44.4
42.724
45.61
45.47
41.76
44.366
43.944
44.882
42.7
48.438
39.612
45.752
44.108
44.146
46.96
44.342
41.972
44.014
43.708
44.724
44.624
45.846
43.348
45.14
45.118
45.164
48.662
43.356
47.112
44.342
43.522
44.43
46.878
43.122
44.53
45.564
45.258
45.258
45.068
43.874
45.798
45.704
45.502
49.624
43.428
45.742
48.052
44.506
45.61
46.066
50.376
42.452
46.858
45.422
45.446
48.31
45.03
46.092
44.976
47.64
46.282
46.04
49.518
44.046
48.416
43.216
45.798
46.45
48.944
43.99
45.846
47.69
46.978
47.184
44.672
45.868
45.26
45.728
47.16
44.93
44.976
45.604
48.004
44.062
46.548
43.968
48.732
47.794
43.944
46.182
47.648
44.824
47.512
45.666
47.336
46.482
49.254
44.21
47.898
46.33
47.7
44.742
48.592
44.6
44.062
46.408
45.634
49.436
44.6
48.052
45.728
47.324
44.954
45.704
47.91
42.27
45.67
44.226
44.93
46.362
45.962
44.984
44.554
44.928
44.624
43.708
46.268
42.348
43.806
43.896
48.802
42.394
44.178
45.75
43.686
44.93
44.178
45.306
42.17
48.562
40.774
44.296
43.874
45.854
45.446
43.192
47.114
42.184
46.572
41.408
44.342
45.68
44.508
42.136
44.202
46.08
45
47.112
46.154
41.268
43.41
44.108
44.46
45.104
49.268
42.254
45.14
47.16
41.384
44.108
47.63
42.254
43.858
43.846
44.976
42.746
45.996
42.84
42.888
45.586
44.178
45.306
46.126
42.726
44.238
44.436
46.38
44.508
47.09
45.258
42.292
46.032
44.694
44.718
46.08
49.976
38.216
44.718
46.046
46.184
45.046
44.18
46.104
45.34
43.322
47.112
43.016
46.292
42.418
43.972
43.896
46.15
44.414
45.916
45.094
43.24
44.296
44.192
46.714
44.508
42.206
43.968
43.756
46.384
41.268
45.514
43.356
44.508
44.108
30.482
51.6
40.61
39.906
44.426
43.498
42.888
46.526
43.076
44.202
46.854
42.25
43.92
45.68
45.14
42.77
45.938
42.3
44.42
43.616
43.85
43.756
48.99
40.704
44.624
44.678
44.624
43.756
45.9
43.286
43.31
45.248
44.202
46.996
44.788
42.442
44.27
47.066
43.122
44.108
45.868
42.254
46.722
41.198
44.978
45.184
43.732
44.226
42.306
45.376
44.356
47.162
43.428
41.456
44.618
45.352
46.056
42.476
47.16
43.146
44.172
48.356
43.24
42.254
43.99
45.198
42.676
46.268
41.762
43.874
47.184
42.254
47.16
42.37
44.72
44.202
44.052
44.32
43.568
47.394
40.61
42.888
46.174
44.436
45.072
47.348
43.176
44.366
48.184
41.224
44.906
45.812
42.324
44.178
45.924
45.634
42.888
47.738
45.258
41.854
46.128
44.32
46.212
46.164
42.418
44.308
48.414
41.854
46.62
47.816
44.724
44.6
42.724
43.896
44.062
50.034
36.89
44.084
46.19
44.414
44.39
48.192
43.688
43.028
44.436
44.672
44.622
47.794
43.064
45.4
44.624
44.788
44.414
50.596
39.986
44.296
45.352
42.982
45.118
44.344
45.916
42.37
46.854
44.672
43.598
47.958
42.746
44.262
44.092
44.58
45.046
51.768
38.474
44.482
46.01
44.578
44.436
47.63
43.756
43.146
47.794
41.338
45.864
43.076
45.298
43.512
45.854
46.852
45.14
43.054
44.508
45.514
42.816
46.344
43.852
45.516
44.402
44.456
47.136
44.53
44.716
44.154
43.906
44.812
44.864
44.578
44.998
50.032
41.55
43.78
47.066
43.554
44.838
48.334
43.122
44.248
45.262
41.292
44.686
45.544
46.032
41.85
45.986
45.61
42.656
45.516
48.686
39.508
42.338
44.178
45.306
41.478
43.944
45.63
44.154
44.414
46.714
44.55
42.974
45.916
42.206
44.954
45.492
45.564
47.562
45.07
47.066
42.982
44.554
45.736
44.084
47.558
41.104
44.272
44.414
46.924
42.09
46.538
45.752
43.068
44.39
45.938
44.896
47.724
39.978
45.846
44.262
45.97
44.462
46.652
44.322
44.792
48.406
41.808
42.818
46.15
42.558
44.55
44.464
45.238
44.812
44.822
43.45
44.122
44.63
46.284
44.366
47.512
40.986
44.132
47.63
42.91
45.582
42.394
47.394
42.914
44.272
45.9
45.986
42.536
46.856
42.91
42.934
44.3
46.062
42.508
46.042
44.384
45.9
44.206
46.362
44.276
42.19
44.108
44.712
45.326
45.126
45
44.16
44.484
44.624
43.944
43.944
47.558
41.292
44.138
44.368
44.236
44.46
46.362
46.596
42.864
42.84
45.704
44.756
44.426
46.032
42.418
46.198
44.132
46.878
41.854
47.746
42.558
44.43
47.034
41.478
43.896
45.962
45.106
41.66
44.226
45.306
44.126
44.236
44.296
44.296
45.704
46.878
44.824
40.962
44.248
44.748
45.212
42.538
46.126
45.104
42.864
46.362
44.108
44.694
44.35
42.666
45.752
43.004
44.238
44.384
44.296
50.892
39.654
44.46
47.49
43.126
44.014
45.916
40.962
44.954
48.068
41.612
45.798
44.772
46.032
42.816
45.658
44.508
44.096
49.86
38.314
44.178
43.91
44.776
45.564
48.518
42.65
45.752
49.766
48.122
40.51
46.876
42.558
44.742
48.262
41.55
44.366
48.196
45.986
42.934
47.23
44.484
45.328
44.86
42.3
44.676
45.822
45.234
46.036
45.516
42.982
43.968
45.822
44.694
44.108
45.916
43.596
43.544
47.136
43.052
44.648
47.934
42.516
45.774
44.248
44.296
44.976
49.272
39.542
44.084
45.634
42.982
44.068
48.262
42.324
44.214
48.756
41.83
45.412
44.646
42.488
44.644
45.422
44.248
45.8
49.672
43.606
41.934
45.718
44.792
44.53
45.876
42.536
44.202
45.564
45.024
42.136
45.868
46.15
40.838
45.892
44.296
45.422
42.864
48.532
40.54
45.586
44.414
44.32
46.056
47.652
41.244
46.01
47.324
41.598
44.178
44.296
45.916
43.616
42.892
44.132
46.104
47.23
43.356
45.962
46.502
42.23
44.766
46.032
45.376
47.348
45.118
43.592
44.93
44.86
44.85
48.608
42.442
44.322
45.976
46.804
41.666
44.882
46.924
44.416
47.84
47.15
43.754
46.644
46.478
44.89
41.666
44.062
46.478
46.362
46.198
42.9
46.702
44.578
47.29
44.396
43.028
46.502
42.724
44.414
44.484
44.836
44.436
48.226
45.024
42.888
44.836
45.916
44.688
44.296
46.174
43.758
43.968
48.17
41.576
44.672
48.028
42.772
45.774
44.436
44.092
44.296
46.572
43.72
42.394
44.178
45.74
43.076
46.268
46.086
42.582
45.892
45.164
43.592
45.516
44.912
43.228
45.188
44.098
44.624
46.15
47.23
42.16
44.142
43.8
44.318
44.296
44.132
45.758
44.672
42.418
44.95
44.976
44.226
44.202
48.83
39.93
44.448
44.494
44.726
46.572
47.008
43.058
43.192
45.916
44.266
44.226
47.84
42.442
45.33
45.024
42.09
44.178
46.304
42.536
44.132
46.848
43.176
44.6
48.592
43.85
42.724
44.252
45.47
42.178
45.892
46.104
41.384
45.798
45.938
40.564
46.862
44.788
42.596
44.5
44.132
44.32
44.262
50.71
38.334
45.826
41.546
47.404
44.962
47.076
43.174
46.388
45.016
48.968
43.646
46.066
49.676
43.568
46.972
45.634
45.58
45.258
49.94
40.962
44.954
43.816
45.866
45.324
49.578
43.512
43.96
48.356
46.594
43.04
45.384
47.042
44.296
46.924
46.808
44.116
49.272
43.75
48.014
44.378
45.54
48.78
42.464
45.234
43.908
45.624
45.352
48.122
46.292
44.684
44.694
46.798
45.51
45.564
47.176
43.286
49.282
46.202
44.604
45.704
49.624
43.968
45.916
47.3
45.274
46.76
49.062
40.846
45.658
45.68
46.432
46.478
51.026
42.5
46.574
50.14
43.052
45.564
47.488
46.884
45.282
47.042
45.68
45.774
51.822
43.98
47.16
46.174
45.678
45.258
47.488
43.564
45.756
49.32
41.808
45.668
49.526
44.208
46.056
47.324
47.324
44.53
45.54
48.592
43.48
45.822
45.822
47.536
46.596
47.982
42.798
47.63
48.286
43.008
47.066
46.648
43.718
45.376
45.61
45.634
47.778
47.276
45.294
47.682
43.66
45.916
46.01
47.254
44.574
48.592
44.578
45.982
50.446
45.56
44.248
46.972
46.784
44.108
45.67
47.35
43.386
45.764
47.276
44.228
47.442
45.902
44.138
47.394
45.846
45.868
45.634
51.878
40.586
46.784
45.388
46.034
47.116
49.672
43.472
48.708
44.014
46.83
44.108
45.846
47.192
43.662
47.112
44.268
47.994
45.61
45.504
50.75
40.846
47.418
44.248
46.55
44.658
48.108
43.45
45.68
50.164
44.294
44.248
47.16
47.3
43.718
45.66
44.974
44.718
46.254
44.252
43.334
46.558
43.588
44.944
48.166
45.508
41.948
46.818
41.738
45.704
45.118
48.45
42.428
47.09
45.282
43.428
49.038
42.042
46.532
44.406
43.522
44.906
45.046
44.774
44.776
48.428
43.428
45.472
45.468
45.07
45.47
47.394
42.746
45.554
45.976
47.63
42.268
48.78
43.568
45.002
46.426
45.212
46.104
43.944
49.724
40.52
44.93
44.88
44.484
48.072
45.212
43.286
46.49
47.724
42.112
44.788
48.122
42.26
45.646
44.86
44.942
47.156
49.93
41.808
45.352
44.93
44.93
45.07
46.986
43.18
45.554
46.55
45.446
45.728
45.046
47.136
45.212
45.306
46.502
43.908
45.504
48.356
45.68
41.444
46.106
47.794
46.924
45.934
45.728
43.96
45.188
44.86
47.13
45.962
41.446
44.954
45.112
46.908
45.146
47.512
46.22
43.192
45.846
42.904
44.366
47.042
43.896
45.868
43.334
46.198
44.578
47.324
45.164
42.75
44.226
45.962
43.24
44.53
44.262
46.452
45.012
43.472
45.998
43.38
46.776
44.766
47.194
43.534
45.372
49.108
42.77
44.928
46.924
44.718
45.328
45.416
47.794
43.286
49.132
39.712
44.53
44.906
44.508
44.516
47.488
42.91
44.32
47.096
43.638
44.624
46.644
44.366
46.422
44.264
45.798
46.478
45.54
43.808
44.906
46.08
45.47
46.418
42.77
44.882
44.508
47.37
43.286
43.38
46.362
44.6
44.624
44.46
46.522
45.118
48.052
43.15
45.29
47.7
47.018
47.184
49.174
47.046
43.31
47.242
43.874
44.436
44.39
46.314
44.084
43.262
44.24
44.576
44.414
48.826
43.25
43.772
45.094
44.812
44.976
44.25
44.32
47.042
43.78
46.596
44.612
46.032
44.812
46.362
44.202
44.342
44.32
45.564
43.334
49.436
40.234
44.108
44.926
45.926
46.608
48.638
44.906
44.578
47.536
42.16
44.428
48.544
42.442
44.578
44.812
46.292
44.742
46.08
45.352
43.42
43.498
44.39
44.6
47.314
42.864
44.556
44.812
47.91
44.788
42.512
43.496
45.516
45.07
44.436
46.62
46.878
45.328
44.802
47.69
41.996
45.234
44.648
46.808
42.79
44.906
44.742
44.83
46.76
45.634
41.884
44.436
45.118
44.938
45.094
47.958
43.356
46.296
46.126
41.57
45.516
47.614
43.014
45.466
46.338
46.338
43.45
48.874
44.202
42.72
43.24
44.59
46.872
43.262
48.802
43.568
46.784
47.464
42.184
47.464
45.446
43.888
45.328
44.726
45.32
45.868
51.104
40.436
46.99
45.38
45.68
47.066
44.906
46.722
44.042
43.146
43.624
47.77
44.718
47.464
45.674
46.15
44.108
47.606
45.19
47.666
45.352
44.272
48.032
46.408
45.376
46.76
44.914
45.938
45.822
49.694
43.79
44.616
46.292
43.568
44.326
45.046
46.836
44.648
50.574
43.99
43.522
46.738
44.556
46.104
43.028
46.002
43.998
48.17
42.442
44.766
46.85
48.638
42.206
48.17
46.01
45.282
44.6
49.226
45.306
45.822
45.07
46.174
47.84
46.244
49.53
46.314
50.994
42.344
46.362
48.334
45.328
47.934
46.502
48.52
47.106
50.564
42.794
48.274
46.714
46.536
46.512
50.028
43.12
46.154
46.292
48.92
45.52
46.684
48.592
46.268
47.898
45.57
47.04
48.616
45.514
50.916
42.018
46.174
45.396
47.522
43.052
46.592
45.082
49.944
42.054
48.004
43.604
45.794
45.422
45.446
47.276
48.732
41.666
50.064
42.3
44.792
45
45.892
48.076
44.154
46.292
43.944
46.996
48.104
45.782
46.292
46.044
45.414
45.644
45.352
42.604
44.814
47.63
41.956
46.338
46.668
45.564
44.718
44.882
45.352
44.9
47.274
46.816
45.868
44.86
44.976
46.304
46.502
43.602
46.88
45.586
47.888
42.464
46.556
42.724
44.6
44.578
44.6
46.15
48.31
44.132
43.404
44.648
45.128
45.846
47.488
43.732
48.312
44.366
48.638
44.89
47.724
43.78
47.606
46.362
43.568
44.392
46.55
42.746
49.014
43.944
45.188
46.74
47.57
41.892
49.98
45.786
45.412
45.8
44.972
47.994
44.32
43.04
44.882
46.526
44.976
46.854
44.742
45.892
54.508
43.708
44.788
65.68
99.248
53.568
47.114
47.794
43.45
45.576
50.422
41.644
45.328
45.086
46.384
45.148
46.478
46.714
43.436
47.206
47.808
42.482
50.212
41.596
44.718
44.97
45.102
44.44
46.338
47.782
40.178
46.268
45.094
44.848
46.984
46.56
44.38
44.08
47.296
42.746
44.352
46.644
43.262
48.464
43.302
44.936
46.41
45.388
46.314
42.652
45.774
43.53
44.736
45.864
45.118
44.788
44.86
46.252
48.076
45.446
46.854
42.888
44.976
45.492
44.672
46.15
46.392
44.038
45.188
45
46.592
44.92
48.028
41.492
44.752
47.35
41.786
44.672
46.78
44.836
46.228
43.29
46.146
46.76
41.808
45.752
43.92
45.976
49.274
41.762
45.272
46.862
45.242
45.282
49.272
44.32
44.554
43.472
44.826
45.094
45.14
44.624
44.482
51.074
41.456
43.522
46.152
44.648
44.698
46.478
42.854
47.084
47.348
41.874
44.624
46.408
46.714
42.816
47.324
43.172
46.104
43.428
46.268
42.746
44.672
45.732
43.356
46.408
44.69
47.122
47.064
43.004
44.802
45.904
43.334
47.394
44.058
44.6
44.788
47.464
44.928
45.446
44.436
44.662
44.732
44.832
44.62
46.55
46.784
40.586
45.202
47.398
45.07
45.796
50.166
44.022
47.066
44.158
46.198
46.072
47.512
46.902
43.456
47.08
46.316
43.592
45.984
46.784
42.488
44.506
44.93
46.032
42.982
46.384
43.17
46.02
48.216
42.51
47.476
43.434
45.038
46.81
43.16
45.112
45.938
48.616
40.81
46.568
46.738
43.004
46.55
45.188
44.52
46.564
45.504
45.926
43.346
45.928
46.15
49.624
44.624
44.718
47.888
45.376
45.704
49.366
40.062
45.332
47.276
43.58
44.742
48.428
43.004
45
46.384
47.094
42.196
48.692
41.62
44.906
45.4
46.69
46.006
48.756
44.226
45.07
44.718
44.624
45.47
46.666
42.982
46.948
44.694
44.672
45.024
48.31
43.112
45.164
47.846
44.414
46.76
48.826
43.206
45.432
44.914
44.99
45.868
45.4
46.716
42.958
46.632
45.246
45.046
50.552
43.568
45.798
46.478
44.6
44.966
46.854
48.568
42.206
46.292
47.536
42.306
44.906
47.146
44.272
43.476
45.234
44.524
46.58
46.902
44.508
47.118
43.802
45.586
47.348
46.312
49.896
45.752
48.06
47.762
45.37
45.694
47.23
44.508
44.578
44.892
44.718
45.328
45.852
42.018
44.484
45.04
46.69
45.118
48.334
42.974
44.732
47.878
42.112
44.718
47.512
45.07
48.2
45.18
48.74
48.8
46.884
43.576
45.242
46.142
43.614
46.76
42.452
44.788
44.788
47.464
44.174
48.122
41.878
46.478
44.568
45.054
44.64
46.456
44.836
46.902
42.042
44.766
46.632
44.976
46.714
46.188
43.544
44.722
44.742
47.394
43.92
42.724
45.948
43.292
46.596
44.694
49.122
44.32
47.524
43.23
43.38
45.118
47.632
43.92
45.254
44.906
46.478
46.97
44.272
44.508
44.648
44.648
44.86
46.456
44.202
43.538
46.01
44.546
45.164
46.738
42.982
47.84
43.582
45.344
44.578
47.97
41.854
46.62
45.192
43.474
46.408
46.808
43.052
46.126
45.892
44.554
46.442
41.502
44.694
43.544
44.836
46.46
44.788
47.512
42.16
46.83
44.39
46.924
42.794
44.546
47.066
44.752
45.234
46.362
45.024
44.93
44.93
47.63
41.738
44.742
46.68
42.794
45.704
43.746
46.79
42.642
48.596
42.816
44.46
46.124
44.728
47.606
43.756
44.014
43.944
45.774
44.624
44.436
48.192
44.288
45.388
45.07
44.788
47.534
41.902
44.648
46.056
43.182
44.98
44.882
47.904
43.292
46.198
45.024
46.244
43.498
46.746
44.202
44.044
45.846
43.086
46.338
46.572
45.46
42.754
46.15
45.874
43.522
46.62
44.226
44.694
43.474
44.578
44.648
48.522
44.554
42.316
47.7
43.286
44.906
45.846
45.188
43.45
45.998
47.184
42.16
46.502
46.65
42.91
46.408
46.104
44.936
43.742
47.478
41.314
44.484
44.826
44.886
46.62
50
40.47
46.102
43.286
45.118
44.296
46.432
43.544
47.136
43.324
45.986
45.516
46.972
44.32
45.164
45.07
46.08
43.734
46.784
44.168
43.606
44.624
45.752
45.046
48.192
41.738
46.234
44.97
45.094
44.944
46.362
45.962
45.328
45.694
43.65
46.65
45.258
47.06
44.554
46.478
43.364
47.91
43.444
47.09
43.004
45.118
44.906
46.898
48.332
44.53
46.032
43.61
45.306
45.282
44.708
49.082
42.77
46.62
43.544
48.374
43.802
46.924
44.474
46.576
43.45
45.188
45.07
46.76
43.018
46.504
44.986
45.36
44.954
47.288
44.356
45.4
46.22
45.456
44.342
46.69
44.062
45.54
45.524
46.816
46.676
46.244
44.062
46.314
43.616
45.128
44.718
46.948
43.942
43.544
44.93
47.91
44.062
47.848
43.688
46.61
44.838
53.732
45.07
45.646
48.214
43.48
44.64
49.902
42.266
45.154
48.556
43.192
44.546
45.184
46.268
45.226
44.366
43.592
44.812
46.878
45.07
46.644
47.84
47.254
44.226
43.592
45.526
44.998
47.276
43.756
46.836
45.138
44.906
46.658
43.732
47.3
44.198
43.31
44.75
45.14
44.558
43.774
46.292
46.948
25.422
57.958
28.052
56.572
25.352
38.216
22.864
