865115
1.05866e+06
1.00219e+06
1.48769e+06
1.03169e+06
821456
898685
920633
1.26065e+06
1.02893e+06
792172
936513
1.1886e+06
1.16607e+06
924184
1.703e+06
2.86171e+06
1.1469e+06
1.05187e+06
1.19683e+06
1.43976e+06
1.08437e+06
1.2272e+06
951287
909773
1.67398e+06
1.23977e+06
1.62393e+06
1.89987e+06
1.06187e+06
1.16998e+06
1.30926e+06
1.40061e+06
1.47879e+06
1.15492e+06
1.11947e+06
1.31553e+06
1.31631e+06
1.25288e+06
1.61132e+06
1.87435e+06
7.73438e+06
2.13266e+07
3.42394e+07
3.97179e+07
4.16143e+07
4.61415e+07
3.66328e+07
2.28843e+07
1.81955e+07
1.47262e+07
1.30211e+07
1.21994e+07
1.08259e+07
9.54813e+06
8.10907e+06
8.9258e+06
7.76559e+06
6.30684e+06
6.91218e+06
8.49717e+06
9.57048e+06
1.07665e+07
1.17282e+07
1.22301e+07
1.2685e+07
1.34464e+07
1.39951e+07
1.4218e+07
1.34679e+07
1.34608e+07
1.38098e+07
1.4009e+07
1.3084e+07
1.27096e+07
1.28149e+07
1.18774e+07
1.16961e+07
1.1997e+07
1.19973e+07
1.13765e+07
1.121e+07
9.47913e+06
8.77219e+06
7.23206e+06
5.02384e+06
4.62574e+06
4.00186e+06
3.59078e+06
3.45942e+06
4.11103e+06
4.4211e+06
4.45503e+06
7.49162e+06
6.65529e+06
5.44355e+06
6.15536e+06
6.49268e+06
6.95004e+06
6.84148e+06
6.48428e+06
6.22429e+06
6.69508e+06
6.52081e+06
4.16909e+06
3.93588e+06
3.8716e+06
4.00229e+06
3.94719e+06
4.35385e+06
4.35378e+06
5.09994e+06
5.77103e+06
6.84319e+06
5.27904e+06
6.49603e+06
4.47688e+06
7.5e+06
4.54936e+06
4.8377e+06
5.14541e+06
5.23598e+06
4.6083e+06
4.64848e+06
5.22292e+06
5.01892e+06
6.17143e+06
5.20248e+06
3.32406e+06
5.08178e+06
4.24907e+06
4.19982e+06
5.21949e+06
4.69473e+06
6.15293e+06
5.55091e+06
4.8964e+06
5.67021e+06
4.85073e+06
4.57189e+06
4.53648e+06
4.43785e+06
5.37525e+06
4.31292e+06
3.98341e+06
4.30085e+06
4.40624e+06
4.3748e+06
3.93634e+06
3.8465e+06
3.69216e+06
3.21706e+06
3.82083e+06
4.71835e+06
3.41576e+06
4.20328e+06
3.6553e+06
3.33587e+06
3.13736e+06
3.63691e+06
3.46999e+06
3.29112e+06
3.58206e+06
3.17759e+06
3.18326e+06
2.70199e+06
2.75607e+06
3.4246e+06
2.71683e+06
2.59558e+06
3.24668e+06
2.80027e+06
2.48427e+06
2.22741e+06
2.68476e+06
3.56094e+06
3.98603e+06
4.3823e+06
6.51159e+06
1.3757e+07
9.20381e+06
5.38494e+06
3.7158e+06
3.07691e+06
2.98182e+06
2.5083e+06
2.87303e+06
2.73693e+06
2.85262e+06
2.59756e+06
2.29981e+06
2.12401e+06
1.84323e+06
2.51645e+06
2.63577e+06
2.93417e+06
3.16536e+06
2.59603e+06
2.3654e+06
2.41059e+06
2.41118e+06
2.81764e+06
2.42013e+06
2.08774e+06
1.96423e+06
2.01077e+06
1.7813e+06
2.79952e+06
2.33884e+06
1.94307e+06
2.51824e+06
3.35971e+06
2.11982e+06
2.21668e+06
1.92245e+06
2.13134e+06
2.17418e+06
2.05334e+06
2.5007e+06
2.34529e+06
2.1572e+06
2.45869e+06
2.45145e+06
2.07406e+06
2.82371e+06
3.07617e+06
2.7336e+06
2.62758e+06
2.57188e+06
2.76304e+06
3.37323e+06
2.59675e+06
2.5737e+06
2.58558e+06
2.92606e+06
2.72199e+06
2.82609e+06
3.17553e+06
2.78307e+06
2.64658e+06
2.24962e+06
2.38065e+06
3.35317e+06
2.69104e+06
2.81595e+06
2.38823e+06
2.60751e+06
2.25821e+06
2.1199e+06
2.23483e+06
2.02921e+06
2.02264e+06
2.47713e+06
2.32272e+06
2.45193e+06
3.75199e+06
3.83585e+06
4.60514e+06
2.5982e+06
2.72158e+06
2.40211e+06
2.57365e+06
1.8697e+06
2.19534e+06
2.17911e+06
2.22477e+06
2.05117e+06
2.07608e+06
2.33849e+06
2.32237e+06
2.214e+06
1.96085e+06
2.1226e+06
2.05075e+06
1.66305e+06
1.93998e+06
1.73772e+06
2.02196e+06
2.0048e+06
2.16611e+06
1.85361e+06
1.97675e+06
2.10556e+06
1.76145e+06
2.15325e+06
1.78085e+06
2.0417e+06
1.81912e+06
1.8925e+06
2.13199e+06
2.03771e+06
2.01919e+06
1.79922e+06
1.80586e+06
1.76809e+06
2.49841e+06
2.23802e+06
2.15925e+06
2.63971e+06
2.1719e+06
2.51959e+06
2.84104e+06
2.95506e+06
2.99944e+06
3.61412e+06
3.13883e+06
2.94389e+06
3.05887e+06
3.4859e+06
3.0346e+06
3.22999e+06
3.21004e+06
3.26873e+06
4.08103e+06
4.1469e+06
3.59953e+06
3.77962e+06
3.7347e+06
3.84387e+06
3.62761e+06
3.24694e+06
3.1397e+06
3.02262e+06
3.17543e+06
2.93745e+06
2.70577e+06
2.28134e+06
2.72163e+06
2.52606e+06
1.94326e+06
2.11526e+06
1.71611e+06
1.6894e+06
1.61426e+06
1.5863e+06
1.94505e+06
1.41949e+06
2.05267e+06
1.50377e+06
1.42559e+06
1.56424e+06
1.44506e+06
1.40233e+06
1.63005e+06
1.31584e+06
1.39981e+06
1.65311e+06
1.31758e+06
1.33333e+06
1.64686e+06
1.43642e+06
1.44734e+06
1.61322e+06
1.66231e+06
1.54584e+06
2.4118e+06
2.39221e+06
2.10105e+06
1.48869e+06
2.00412e+06
1.69122e+06
2.05945e+06
2.16105e+06
2.58702e+06
3.03856e+06
3.0198e+06
3.01638e+06
3.48891e+06
3.63941e+06
4.28877e+06
4.50824e+06
3.87625e+06
3.62096e+06
4.61671e+06
4.1086e+06
4.35479e+06
4.08637e+06
4.15235e+06
4.05947e+06
4.50381e+06
4.25597e+06
4.55508e+06
3.96257e+06
4.54641e+06
4.11224e+06
3.96301e+06
4.26496e+06
4.71179e+06
4.00855e+06
3.88675e+06
4.36041e+06
3.77711e+06
4.44804e+06
4.35072e+06
4.00046e+06
3.75776e+06
3.71459e+06
3.80208e+06
4.1703e+06
5.12734e+06
5.87851e+06
7.13537e+06
5.95847e+06
5.1984e+06
4.4333e+06
4.85561e+06
4.92489e+06
4.789e+06
4.69716e+06
4.68275e+06
4.11916e+06
5.1523e+06
5.84088e+06
4.85177e+06
5.14656e+06
4.52377e+06
5.43502e+06
4.97194e+06
5.63597e+06
5.12281e+06
5.06634e+06
5.09182e+06
5.28698e+06
4.61735e+06
5.07494e+06
4.94612e+06
6.07282e+06
5.49982e+06
5.61632e+06
6.10541e+06
5.1545e+06
4.87828e+06
5.46095e+06
5.43115e+06
6.67061e+06
6.09586e+06
6.95654e+06
6.19973e+06
5.7145e+06
6.45798e+06
5.75335e+06
6.04783e+06
6.65876e+06
5.84522e+06
6.3429e+06
6.09282e+06
6.49562e+06
6.84825e+06
7.02239e+06
6.09514e+06
5.19647e+06
6.24552e+06
6.06345e+06
5.75217e+06
6.96197e+06
5.75676e+06
6.43997e+06
6.02942e+06
5.52611e+06
5.68355e+06
5.64008e+06
5.64059e+06
5.56782e+06
5.07741e+06
5.76442e+06
6.9094e+06
7.33909e+06
1.04126e+07
7.36412e+06
5.18978e+06
3.72389e+06
6.62359e+06
4.41467e+06
9.30731e+06
3.95872e+06
4.5002e+06
4.80979e+06
4.22088e+06
4.67827e+06
4.02329e+06
4.02573e+06
4.89967e+06
4.50045e+06
5.42512e+06
4.73634e+06
3.89712e+06
4.17572e+06
3.76888e+06
3.63369e+06
3.13631e+06
3.60064e+06
3.48086e+06
3.1822e+06
3.39836e+06
3.42831e+06
3.94208e+06
3.61048e+06
2.60659e+06
2.53207e+06
3.79518e+06
4.03102e+06
3.08712e+06
2.64589e+06
2.92106e+06
2.86819e+06
3.67831e+06
3.99357e+06
3.15532e+06
2.57728e+06
2.03092e+06
2.69155e+06
2.10875e+06
2.60255e+06
2.46874e+06
2.50735e+06
2.26171e+06
2.45752e+06
2.41872e+06
3.11103e+06
3.59137e+06
3.04162e+06
2.41606e+06
2.39589e+06
2.70814e+06
2.90767e+06
2.96934e+06
2.6681e+06
3.01505e+06
2.73725e+06
3.32309e+06
3.54261e+06
3.5375e+06
3.17429e+06
3.05316e+06
2.71244e+06
3.24332e+06
2.9709e+06
3.60225e+06
3.76776e+06
3.21702e+06
3.62331e+06
3.46393e+06
3.47394e+06
4.32753e+06
4.95317e+06
6.01002e+06
3.79224e+06
5.0675e+06
4.17847e+06
3.72218e+06
6.00097e+06
3.65623e+06
3.9469e+06
3.87272e+06
3.95413e+06
3.87056e+06
3.8123e+06
3.79313e+06
3.61052e+06
4.16755e+06
3.84454e+06
4.09499e+06
4.20706e+06
4.01796e+06
4.21182e+06
4.39739e+06
3.82187e+06
3.43356e+06
3.55234e+06
2.99752e+06
4.15863e+06
3.50545e+06
3.5966e+06
3.4586e+06
4.10334e+06
3.72226e+06
3.31032e+06
3.18011e+06
2.76302e+06
3.48184e+06
3.11596e+06
3.75811e+06
3.14613e+06
3.67824e+06
3.33259e+06
3.37656e+06
2.93254e+06
3.86895e+06
4.18002e+06
2.91189e+06
3.04575e+06
3.89369e+06
3.4989e+06
2.48461e+06
3.15337e+06
2.96378e+06
3.20817e+06
3.84227e+06
2.71246e+06
2.52506e+06
2.65448e+06
2.77443e+06
3.12599e+06
2.62848e+06
2.75067e+06
2.12127e+06
2.42312e+06
2.49247e+06
2.20554e+06
2.24405e+06
2.28943e+06
2.33567e+06
1.98615e+06
1.97491e+06
1.93163e+06
2.25692e+06
1.56321e+06
1.68055e+06
1.43505e+06
1.44557e+06
1.23053e+06
1.29247e+06
1.37764e+06
1.8147e+06
1.64638e+06
1.58981e+06
2.90875e+06
2.20929e+06
2.2936e+06
2.51852e+06
2.36893e+06
2.41805e+06
2.57473e+06
2.56072e+06
2.9986e+06
2.46439e+06
2.69553e+06
2.88138e+06
2.91223e+06
3.14909e+06
3.29659e+06
3.69629e+06
2.92528e+06
3.62855e+06
3.04813e+06
2.47474e+06
2.73378e+06
2.87662e+06
2.42644e+06
2.87788e+06
2.23678e+06
2.4249e+06
2.03636e+06
3.27325e+06
2.22556e+06
2.77355e+06
3.27207e+06
2.5635e+06
3.31534e+06
2.49023e+06
2.68566e+06
2.78305e+06
2.49482e+06
2.91538e+06
2.10084e+06
2.93278e+06
3.11392e+06
2.67909e+06
2.98129e+06
3.52892e+06
3.7143e+06
2.50631e+06
2.97708e+06
2.65447e+06
2.74776e+06
3.42545e+06
2.86059e+06
2.6026e+06
3.06456e+06
2.67864e+06
2.81105e+06
2.98617e+06
3.0305e+06
1.99291e+06
2.30764e+06
2.91646e+06
3.21869e+06
4.23217e+06
4.29344e+06
5.73124e+06
3.33172e+06
3.88359e+06
3.27134e+06
2.94284e+06
3.69475e+06
3.64213e+06
3.73473e+06
3.39443e+06
3.52927e+06
3.71557e+06
3.74684e+06
4.20836e+06
4.0039e+06
3.82416e+06
3.37513e+06
3.54094e+06
3.14692e+06
4.16847e+06
3.34981e+06
3.18774e+06
3.21786e+06
3.20566e+06
2.21434e+06
2.06227e+06
2.55004e+06
2.09299e+06
3.1504e+06
2.12251e+06
2.78886e+06
2.32136e+06
2.89086e+06
4.0351e+06
3.4971e+06
3.17005e+06
3.00446e+06
3.46625e+06
3.33188e+06
2.94419e+06
3.49152e+06
4.16131e+06
2.82425e+06
3.23877e+06
3.34733e+06
3.10458e+06
3.04425e+06
3.44157e+06
3.89882e+06
3.32745e+06
3.76962e+06
4.14561e+06
4.46143e+06
3.38641e+06
7.17011e+06
3.83594e+06
3.84958e+06
4.72844e+06
3.6531e+06
3.42348e+06
3.31943e+06
3.42664e+06
3.28579e+06
3.85005e+06
3.68585e+06
3.37948e+06
3.56668e+06
3.59051e+06
3.40276e+06
3.54843e+06
3.61961e+06
3.74896e+06
3.55961e+06
5.17859e+06
6.82289e+06
3.65271e+06
3.92321e+06
3.45875e+06
4.95507e+06
4.26282e+06
3.24879e+06
2.71287e+06
4.48868e+06
3.78039e+06
3.80192e+06
3.41002e+06
4.0138e+06
3.8377e+06
3.71574e+06
3.15686e+06
3.44738e+06
3.90952e+06
4.08349e+06
3.41097e+06
3.63055e+06
3.57965e+06
3.51856e+06
3.61538e+06
3.57987e+06
3.91478e+06
3.02643e+06
3.68128e+06
3.65527e+06
3.11778e+06
3.46489e+06
3.49015e+06
3.53091e+06
3.53655e+06
3.43877e+06
2.59269e+06
1.96036e+06
2.0252e+06
1.71662e+06
1.78931e+06
1.89248e+06
1.72684e+06
1.87879e+06
1.79225e+06
1.45817e+06
1.74076e+06
1.80701e+06
2.30708e+06
3.10894e+06
3.45063e+06
3.66479e+06
4.11807e+06
4.05322e+06
4.2018e+06
4.30421e+06
4.52418e+06
4.35218e+06
4.19321e+06
4.4821e+06
4.64443e+06
4.43599e+06
4.41765e+06
4.48678e+06
4.53864e+06
4.46146e+06
4.46898e+06
4.61225e+06
4.48473e+06
4.64216e+06
4.89318e+06
5.54981e+06
6.17993e+06
5.1054e+06
4.45177e+06
4.48115e+06
4.69403e+06
4.43081e+06
4.50181e+06
4.63784e+06
4.8939e+06
4.58056e+06
4.63128e+06
4.51003e+06
4.53193e+06
4.95107e+06
4.74432e+06
4.86488e+06
4.68113e+06
4.3681e+06
4.68788e+06
5.00134e+06
4.61846e+06
4.5845e+06
4.75507e+06
4.85237e+06
4.79599e+06
4.83293e+06
4.69003e+06
4.7291e+06
4.72637e+06
4.42986e+06
4.6175e+06
4.95263e+06
4.25691e+06
4.67421e+06
4.44049e+06
4.6348e+06
4.20747e+06
4.06391e+06
4.23171e+06
4.44343e+06
4.56958e+06
4.23246e+06
4.53073e+06
5.18873e+06
3.81689e+06
4.05005e+06
4.63266e+06
4.33117e+06
4.25682e+06
4.51456e+06
4.23164e+06
3.99606e+06
3.82175e+06
3.69343e+06
4.0691e+06
4.10173e+06
4.20567e+06
3.98926e+06
3.82886e+06
3.64169e+06
3.32426e+06
3.5846e+06
3.40179e+06
3.17178e+06
2.93897e+06
2.67568e+06
2.02295e+06
2.61341e+06
3.07492e+06
3.45441e+06
3.95306e+06
4.34688e+06
4.69049e+06
4.60162e+06
1.48251e+06
4.14979e+06
5.09223e+06
4.9214e+06
4.51e+06
4.85776e+06
4.63534e+06
4.75285e+06
4.60052e+06
4.46751e+06
4.60082e+06
4.46674e+06
4.81636e+06
4.41282e+06
4.28946e+06
4.80691e+06
4.54088e+06
3.97323e+06
4.15131e+06
4.4086e+06
4.41247e+06
4.01471e+06
4.45566e+06
4.51817e+06
5.21955e+06
4.52901e+06
5.01447e+06
5.09172e+06
4.95526e+06
5.12975e+06
5.52254e+06
5.46607e+06
5.18123e+06
4.97107e+06
5.41731e+06
5.38112e+06
5.64871e+06
5.23727e+06
4.5672e+06
5.011e+06
4.80209e+06
5.51204e+06
5.36537e+06
5.35911e+06
5.20697e+06
5.44184e+06
5.01397e+06
5.08729e+06
4.8893e+06
5.11397e+06
5.38073e+06
5.13576e+06
5.72646e+06
5.15268e+06
5.17914e+06
5.31327e+06
4.99007e+06
5.13569e+06
4.80992e+06
4.8375e+06
5.08122e+06
4.84634e+06
4.98801e+06
4.59859e+06
4.46723e+06
4.26125e+06
5.26343e+06
4.74124e+06
5.26867e+06
6.35562e+06
6.54863e+06
5.11053e+06
5.34507e+06
4.73841e+06
5.10702e+06
5.23546e+06
5.23362e+06
5.02958e+06
4.51424e+06
4.91071e+06
4.71207e+06
5.42086e+06
5.47692e+06
5.12532e+06
5.00168e+06
4.98077e+06
5.54313e+06
5.1788e+06
5.37491e+06
4.96576e+06
4.62561e+06
5.1556e+06
4.75897e+06
