73
71
67
74
84
90
68
79
92
87
71
90
88
93
91
93
83
82
89
86
88
80
97
94
86
93
86
89
67
94
89
86
82
80
91
90
89
81
74
94
76
88
92
78
78
75
71
80
90
87
94
77
82
87
71
79
94
98
83
70
77
73
83
89
60
73
91
80
82
96
79
82
84
74
88
86
94
73
83
76
78
76
92
83
76
78
97
83
69
71
92
91
92
77
84
81
62
83
82
96
96
89
102
89
82
80
87
85
71
73
72
94
73
83
89
83
91
91
79
72
82
71
80
87
81
97
84
88
86
81
91
79
88
99
92
81
85
82
78
84
87
70
84
85
78
91
79
87
74
90
81
89
98
81
78
77
91
87
83
65
87
72
95
86
80
62
72
78
74
84
88
72
71
72
73
81
81
92
79
95
76
82
77
79
87
87
84
86
84
79
83
82
82
85
83
84
84
83
77
72
88
81
86
93
78
80
95
80
90
90
82
100
78
71
86
75
79
90
80
86
81
83
73
81
77
84
67
90
81
86
89
97
81
82
91
77
80
90
83
82
81
99
87
67
84
84
81
87
78
88
73
100
84
92
88
85
78
85
93
85
92
76
91
89
82
91
84
83
73
83
96
78
77
82
82
80
91
87
92
90
93
85
96
80
85
83
74
85
76
91
97
95
83
91
91
94
84
97
96
89
96
83
79
84
76
90
93
85
79
97
82
87
81
87
78
78
80
80
93
74
84
80
83
88
99
79
84
71
99
79
89
83
94
98
81
78
89
80
88
92
94
94
80
85
92
70
83
67
98
89
102
86
78
84
93
87
87
87
77
83
80
92
91
90
85
81
74
89
80
75
83
81
84
89
95
91
61
91
88
74
91
84
91
81
89
81
92
75
90
92
72
92
106
93
94
89
93
75
82
78
84
92
78
74
95
88
68
74
75
81
82
92
67
85
87
71
81
80
88
97
62
87
92
75
63
86
77
77
82
90
93
76
74
78
83
75
81
87
71
89
84
86
92
95
87
90
86
83
86
83
78
70
69
74
76
69
77
81
81
88
85
81
96
92
82
87
77
91
91
76
97
89
75
91
79
75
90
68
94
93
71
78
78
86
78
80
84
90
81
78
75
98
86
88
92
90
80
94
78
75
79
76
86
80
87
82
74
74
79
80
83
100
78
78
89
81
79
92
78
85
77
88
81
78
83
68
68
83
81
83
94
82
64
77
78
72
61
80
57
80
73
79
65
63
68
70
72
68
76
83
81
68
68
59
57
57
63
73
76
77
69
73
70
90
85
83
78
85
77
91
88
90
92
95
74
94
58
88
87
82
85
71
86
79
78
86
81
77
74
77
98
98
69
79
85
85
88
65
81
97
90
90
95
76
78
79
79
81
81
77
87
90
81
95
87
83
78
85
85
88
94
75
74
85
81
80
86
84
95
90
86
90
92
91
82
85
72
90
75
90
77
85
81
77
89
91
84
87
84
65
78
99
75
79
88
86
86
75
87
87
77
91
81
78
76
72
79
84
68
70
90
86
82
91
81
79
81
78
84
94
81
79
83
92
89
79
81
92
90
78
85
94
84
72
78
71
65
64
69
84
77
71
72
76
80
77
70
81
85
84
86
76
83
83
76
81
73
81
95
89
85
87
96
92
88
79
83
89
90
89
81
89
87
93
79
81
82
86
86
66
77
81
79
85
82
81
90
67
84
79
74
75
86
75
75
78
84
84
80
87
87
75
81
77
99
77
86
64
73
83
72
86
86
87
90
85
82
80
93
76
83
87
81
80
83
88
73
63
76
80
82
72
81
87
83
83
91
81
76
89
86
91
75
75
89
90
78
86
80
75
78
84
77
88
69
78
81
89
82
69
76
89
78
91
75
86
92
85
85
74
82
72
63
84
85
90
53
82
80
92
80
79
83
77
79
76
89
85
91
77
84
81
85
94
80
87
80
79
71
84
85
91
97
79
89
77
81
82
73
90
89
93
86
75
77
92
65
84
94
71
70
85
93
93
84
76
95
90
72
83
77
83
80
76
84
82
77
69
86
100
71
62
72
62
56
55
68
95
94
70
78
92
91
90
70
72
73
84
80
82
76
71
84
84
92
91
82
80
90
100
98
83
82
91
88
85
88
79
97
74
97
83
69
86
80
95
87
96
100
102
91
80
97
90
78
109
98
85
93
94
99
80
90
91
84
92
95
86
81
97
86
82
81
81
77
89
89
87
76
99
94
90
97
79
86
89
84
76
80
87
80
72
85
82
89
86
81
98
87
79
85
83
81
98
86
72
89
94
93
86
80
88
82
87
88
76
67
79
87
75
86
92
81
91
85
83
96
78
85
68
77
88
79
96
88
89
89
92
97
86
86
82
81
76
96
79
97
80
96
94
75
88
89
88
93
80
91
93
88
85
86
87
91
84
80
86
88
74
78
84
88
65
86
87
82
85
91
81
83
93
100
90
88
91
79
85
81
87
86
74
77
84
84
90
86
90
96
80
84
84
84
82
86
82
85
96
91
85
97
82
80
95
88
89
95
87
79
73
89
87
74
84
94
91
85
79
74
84
92
83
80
94
67
77
85
84
90
89
82
86
77
81
90
84
81
91
81
77
78
101
70
84
88
93
87
96
72
86
97
83
87
86
103
89
82
88
84
89
85
90
84
87
91
77
87
82
82
85
79
94
86
74
83
79
83
85
80
81
81
91
86
86
82
89
82
76
94
90
89
91
87
79
94
79
84
82
80
88
84
90
86
80
74
88
95
85
76
93
80
88
83
77
94
94
86
74
68
76
77
89
87
79
72
77
91
89
94
69
85
79
88
81
79
87
78
88
93
79
71
78
87
79
77
79
79
69
71
82
89
80
76
81
81
86
88
83
76
76
81
74
72
67
71
77
77
68
80
74
97
90
89
68
84
81
95
76
76
76
87
86
84
93
78
91
87
81
86
86
71
85
81
76
91
90
82
79
87
88
86
83
82
87
86
74
78
85
69
80
77
83
82
87
88
85
75
95
93
85
77
81
78
78
79
92
75
75
70
79
73
87
84
79
74
64
82
86
98
92
86
80
88
76
75
90
79
90
76
92
84
87
89
63
78
83
74
99
73
92
88
84
86
88
92
82
87
87
92
79
91
82
94
87
78
81
77
81
82
71
81
83
82
93
84
94
74
87
76
98
84
80
83
66
73
84
88
69
91
86
79
83
84
71
80
63
83
85
82
90
88
86
83
87
90
86
76
85
90
73
80
83
94
78
83
74
81
82
87
86
83
56
76
82
78
91
89
87
82
74
78
82
87
66
76
79
75
84
78
85
94
75
75
70
65
58
60
60
59
57
66
75
73
65
68
74
75
72
65
66
61
67
88
80
74
73
64
82
77
87
87
91
87
75
71
67
85
85
90
88
86
86
70
78
79
87
87
79
78
79
73
85
82
95
85
89
90
94
80
89
87
84
96
80
79
80
64
74
81
83
89
86
88
78
85
84
70
72
97
91
83
74
91
71
88
95
80
73
83
78
75
75
61
96
84
82
74
86
70
91
72
79
79
80
85
89
91
78
91
84
72
82
82
82
81
84
92
99
82
82
76
65
87
76
76
89
72
68
81
87
83
88
84
78
76
75
90
88
80
75
80
92
92
90
88
84
78
79
82
90
77
87
72
84
74
88
83
76
85
85
85
100
85
86
84
95
92
77
83
79
81
79
98
70
85
90
90
93
90
75
78
93
75
78
80
88
84
86
85
85
74
92
72
76
94
92
69
76
90
87
86
86
82
80
74
87
71
80
69
81
68
91
82
77
75
73
83
75
68
79
88
82
77
72
77
81
83
76
73
64
75
79
69
78
71
77
87
72
92
86
83
89
87
84
81
72
76
79
70
78
82
91
97
103
101
105
105
89
92
91
91
95
92
94
88
62
73
87
72
67
69
57
57
77
85
74
76
70
80
80
84
83
80
75
89
85
83
85
93
90
106
94
74
98
87
82
95
91
86
81
74
80
71
86
75
82
85
91
76
84
82
77
84
77
85
95
87
81
84
84
91
86
86
77
77
82
86
84
64
83
80
78
95
93
73
86
62
86
84
78
78
79
91
70
76
93
88
83
81
90
96
81
88
70
74
64
81
76
73
83
83
62
68
84
76
81
93
92
68
84
83
85
71
78
77
77
88
80
89
89
80
72
88
72
85
85
89
82
87
69
78
87
82
78
91
83
73
75
75
83
84
85
85
86
79
85
83
78
94
83
73
67
83
81
83
68
77
70
75
74
87
85
93
75
99
84
87
82
84
76
98
87
94
92
83
76
71
84
87
90
76
89
95
84
72
83
68
93
76
93
93
88
93
84
71
72
79
79
88
80
64
78
89
82
86
81
69
68
86
93
76
80
80
82
77
78
76
73
63
63
71
82
74
75
75
89
96
75
76
89
93
85
73
77
81
63
65
66
75
58
57
78
81
83
74
68
74
71
73
74
80
78
77
83
83
84
91
93
93
91
88
84
86
80
73
71
70
69
75
82
69
70
64
66
75
81
80
84
85
87
80
71
73
74
85
82
83
85
90
82
87
88
78
88
85
81
82
76
88
83
73
75
71
75
74
80
62
66
28
68
59
20
67
61
59
29
54
86
80
68
78
89
89
89
87
81
82
82
66
53
69
71
53
70
72
75
74
87
70
77
73
70
64
68
85
70
66
80
75
74
73
67
65
79
78
76
91
87
82
92
83
82
83
67
89
80
79
87
87
77
80
84
90
87
82
83
77
86
97
87
91
75
89
77
75
83
85
83
77
75
72
79
84
71
80
71
79
83
88
78
97
81
93
77
81
74
90
77
80
88
84
78
91
83
80
77
82
81
89
87
82
83
