-20.9962
-18.4503
-21.1645
-18.1052
-19.7724
-20.3497
-21.828
-20.2957
-18.635
-20.0702
-19.5831
-19.9174
-18.7884
-20.0033
-18.6002
-20.9762
-20.3756
-18.3141
-21.5585
-20.4655
-19.2644
-18.1826
-20.5289
-19.4938
-21.6305
-18.1395
-18.1564
-21.7972
-21.8595
-18.111
-20.8641
-18.886
-20.8056
-21.4749
-18.4033
-18.9551
-18.0963
-18.1753
-18.1185
-21.2027
-19.1932
-19.9728
-21.1514
-19.9798
-19.7168
-18.0463
-20.2722
-18.499
-21.0586
-19.031
-20.6967
-20.5849
-20.4667
-19.0678
-19.0684
-21.4522
-18.0512
-18.7261
-20.4407
-21.2682
-19.4334
-20.6138
-20.2286
-18.2582
61.461
63.7668
65.9094
54.3557
61.9207
58.9746
54.1175
61.3723
55.4691
58.5428
57.1364
58.334
75.889
73.86
76.8015
72.0275
78.0575
81.3772
71.8058
76.1197
78.2601
76.9823
73.9579
78.1614
71.7274
77.1393
79.7166
71.6065
79.3212
81.6434
83.3058
73.0758
86.9705
80.8817
77.033
75.2256
81.004
85.9352
80.1684
82.4184
77.5677
78.054
76.4256
83.1236
77.5915
74.9014
77.7546
85.4899
83.7785
77.3233
86.4743
73.168
72.7669
74.0099
73.8337
73.376
82.5484
81.5808
82.3287
82.9807
84.1033
75.3088
81.9503
81.2743
87.0916
75.7118
72.9337
82.4493
83.8361
76.525
81.1271
72.9467
87.3593
73.7576
73.08
72.7046
78.8351
73.5534
83.913
86.3806
76.1623
82.0591
72.6763
78.1838
76.6868
75.6577
82.3153
74.0834
85.7711
82.6371
83.3715
86.9652
87.0777
80.8262
79.9258
77.3659
83.4491
80.6113
86.9259
75.818
76.964
77.0574
84.8959
73.5846
79.2903
78.8412
73.1702
78.5727
-1.03e-05
-9.35e-06
-1.03e-05
-1.12e-05
-1.12e-05
-1.03e-05
-1.03e-05
-9.8e-06
-1.13e-05
-9.78e-06
-1.01e-05
-9.22e-06
-15.5175
-14.6286
-16.7802
-16.1952
-16.231
-15.3168
-17.0077
-14.4105
-15.4675
-16.5104
-17.3054
-15.1508
-19.3578
-19.3459
-20.6368
-17.474
-18.91
-17.9807
-17.3627
-17.8446
-21.0296
-18.105
-20.8705
-18.0682
-21.5514
-20.4535
-18.3053
-20.165
-19.1199
-19.3764
-19.6026
-19.5333
-20.4912
-20.9049
-19.1622
-21.5239
-21.7191
-18.1337
-18.0307
-19.6687
-20.33
-19.081
-19.0072
-20.6802
-20.3742
-18.6387
-21.5035
-20.6868
-19.4441
-20.7279
-18.4447
-19.8667
-18.67
-18.1599
-19.3471
-18.597
-20.5275
-20.6896
-18.5888
-18.0927
-21.1712
-18.0082
-19.3757
-19.9783
-21.2746
-21.3542
-20.8998
-18.9888
-20.8807
-18.9862
-18.8584
-20.1885
-20.7154
-18.2122
-18.2401
-21.1367
-21.438
-20.4178
-19.7153
-21.3813
-20.9153
-20.3184
-19.279
-18.792
-19.6747
-19.1473
-19.357
-20.0625
-18.6764
-21.2247
-18.5821
-19.924
-20.9839
-19.9401
-19.4441
-19.8996
-21.3947
-21.9617
-20.5246
-21.1738
-18.058
-21.5215
-21.8162
-20.3007
-21.0152
-20.051
-19.1448
-21.409
-20.3873
-20.3175
-20.6365
-21.424
-20.9276
-18.8445
-19.8673
-21.9212
-20.2182
-21.753
-21.2535
-20.6641
-19.3975
-19.2173
-20.5737
-19.7302
-21.195
-21.0418
-19.2485
-20.8109
-19.9782
-19.2932
-19.6519
-21.5814
-19.4381
-19.1496
-19.4072
-18.8585
-20.1785
-18.5897
-21.2698
-18.9023
-20.3922
-18.5001
-21.9138
-19.8183
-21.2887
-21.0746
-20.8548
-21.3095
-18.4019
-20.714
-19.0633
-21.1435
-21.8275
-21.606
-18.4598
-19.4782
-19.4573
-18.4892
-18.3925
-19.5396
-21.9683
-20.2758
-20.4871
-19.8841
-20.6493
-21.8266
-20.3548
-18.2602
59.9147
65.913
58.6488
61.1266
55.2796
55.6942
64.4962
57.6041
57.6654
58.6466
65.5977
55.0127
80.8452
73.5917
81.3119
83.4747
73.6997
70.3662
70.5945
79.9329
70.6028
72.3584
71.5069
73.8063
72.458
84.8508
84.9047
77.8209
80.9755
81.4485
83.1482
79.5277
79.3637
81.2799
82.4163
76.7716
77.1314
76.1629
80.62
77.607
80.4837
78.3388
85.217
73.0237
80.9931
81.0476
77.9832
78.5789
84.7682
76.4602
85.9081
86.307
82.3769
84.332
81.7744
80.372
87.4319
76.4919
74.4366
76.5691
81.8275
74.9569
86.5341
78.5701
85.5926
75.9817
77.0045
72.9417
76.1182
79.8386
87.1312
78.2162
82.2346
78.8421
72.7475
80.0552
73.0534
86.1378
84.0472
78.0572
82.2422
73.7913
83.2395
85.1624
85.1477
76.5482
76.2197
80.3421
87.4841
86.7281
77.754
84.477
86.7408
76.1746
85.2845
76.2861
77.4925
75.1811
80.1132
85.4929
80.4488
73.975
76.0284
81.0057
81.3309
81.2304
73.232
84.0591
-1.11e-05
-1.03e-05
-1.07e-05
-1.11e-05
-1.05e-05
-1.06e-05
-1.07e-05
-9.75e-06
-1.04e-05
-1.09e-05
-9.82e-06
-1.11e-05
-16.3852
-15.7542
-16.3942
-15.686
-17.0817
-15.9434
-17.2839
-16.0314
-16.5132
-17.5928
-14.8703
-16.7575
-17.8133
-20.5012
-19.5704
-20.8825
-20.6053
-17.5675
-17.8072
-19.5885
-19.2703
-17.9273
-17.7767
-19.4457
-18.0501
-21.323
-21.0585
-20.9723
-17.9195
-18.045
-20.0378
-21.8019
-19.2143
-19.2225
-18.3888
-20.5318
-20.5538
-18.3758
-19.8379
-20.6352
-19.9421
-20.6643
-21.2311
-20.7101
-20.4317
-21.3801
-21.5678
-19.5243
-18.687
-21.2646
-18.849
-21.7089
-18.0857
-21.6781
-20.3502
-21.0922
-19.5877
-21.9598
-18.9042
-19.0513
-18.2057
-21.7619
-19.8241
-20.6994
-20.7498
-21.498
-20.6597
-20.2481
-20.8413
-21.0039
-18.7437
-18.4387
-18.2994
-19.4962
-19.992
-20.4626
-21.8321
-19.3232
-21.0435
-20.1254
-18.8804
-20.4612
-21.8687
-18.4972
-20.0291
-18.2064
-19.2849
-20.4824
-21.3642
-20.9213
-19.8514
-21.6369
-19.2109
-21.0159
-19.896
-21.5945
-21.1897
-21.6059
-18.857
-20.6726
-20.9539
-20.9697
-20.016
-18.045
-19.0457
-19.2932
-21.4081
-21.3635
-18.4187
-21.7993
-18.7298
-19.6574
-18.8606
-21.4413
-20.9976
-19.4141
-20.7275
-18.7375
-19.5292
-19.5084
-18.9517
-21.5052
-20.7154
-19.1198
-18.9685
-18.0718
-19.3863
-20.1071
-19.1108
-20.8018
-19.647
-19.2653
-21.7562
-19.0512
-19.593
-19.5292
-18.9648
-18.8699
-19.2095
-21.4569
-21.0683
-20.724
-19.8284
-20.031
-19.0686
-18.2973
-19.3242
-19.9823
-18.2293
-18.3529
-19.0521
-19.4683
-19.5733
-18.4715
-18.9033
-19.0466
-18.2705
-19.3044
-18.2889
-20.8138
-19.5442
-19.307
-18.5061
-18.906
-18.9308
-21.9408
-21.3414
-18.061
61.402
57.0709
55.2525
62.4672
55.5793
59.3249
61.586
60.6539
65.7315
63.4289
63.2903
58.2671
68.5276
79.563
83.5959
74.5694
83.3799
70.554
72.907
70.995
75.6227
80.5141
73.5781
82.1747
79.9101
78.6523
83.7466
72.8869
83.5362
75.1284
75.7281
80.7753
85.5666
80.442
81.5594
83.5813
75.9969
85.0653
78.53
74.6609
77.4467
75.7862
75.5081
76.368
74.7451
82.5179
81.1173
82.2103
77.4686
84.282
74.0441
81.1057
76.3767
80.4096
77.1473
84.6143
86.2258
83.8477
74.7794
76.3673
86.7028
78.9892
87.0519
78.273
87.2214
86.8049
82.5618
72.1355
78.3991
86.5728
86.1549
74.9922
78.3857
85.3668
81.2447
85.5554
85.2237
86.5183
73.8743
74.3223
73.3238
86.9629
79.6013
73.028
77.1442
77.6224
84.9527
83.7674
83.0299
72.3496
86.5709
75.4486
82.0647
72.9889
73.3042
72.153
81.0548
82.07
72.8074
76.6477
85.6232
73.6209
75.4647
78.7902
85.4763
76.0775
87.9541
77.6841
-1e-05
-9.47e-06
-1.06e-05
-9.71e-06
-1.05e-05
-9.67e-06
-1e-05
-1.1e-05
-1.07e-05
-9.53e-06
-1.05e-05
-1.05e-05
-14.6898
-15.8906
-15.2341
-15.8948
-16.8866
-14.9064
-14.7946
-15.2618
-17.4473
-16.793
-14.4623
-15.6832
-18.2684
-19.7305
-19.0437
-20.9837
-18.1209
-19.5374
-19.9688
-20.4502
-18.8428
-19.9178
-18.4443
-18.9522
-21.4098
-21.6252
-20.7083
-19.3414
-21.11
-17.9586
-18.2637
-20.4803
-19.0117
-21.6311
-19.5863
-19.5597
-20.6792
-21.0366
-19.8704
-18.8258
-21.0595
-19.2506
-18.6705
-20.4937
-18.3324
-21.8504
-20.4967
-21.9085
-19.3494
-21.8778
-18.5763
-18.157
-18.1261
-19.8531
-18.3262
-20.0423
-19.3038
-19.3363
-20.5359
-18.6464
-21.0662
-20.3281
-21.6598
-19.4594
-21.9309
-20.3033
-21.8936
-18.1082
-20.9119
-21.2665
-18.2127
-20.3159
-21.2078
-20.2442
-18.2553
-20.7738
-18.2424
-21.2699
-18.1721
-18.5496
-19.1004
-20.5335
-21.9054
-18.4713
-18.5708
-19.4755
-21.3449
-19.8689
-19.2864
-20.2448
-19.0421
-19.6046
-19.3304
-21.2166
-21.697
-21.0383
-19.7563
-20.0173
-18.5003
-20.9875
-20.3859
-21.6098
-18.8024
-21.0389
-20.7387
-19.0634
-20.6695
-21.6975
-21.6737
-20.8785
-18.1923
-21.4891
-20.6311
-19.2417
-18.749
-18.4648
-18.2009
-21.0164
-18.9434
-18.097
-19.5891
-19.9304
-18.6769
-18.1762
-18.7565
-20.7164
-18.329
-20.2201
-18.5856
-18.7828
-19.5723
-18.4033
-18.6928
-19.3958
-19.3187
-20.9971
-18.2991
-21.4418
-21.2649
-21.064
-19.2375
-21.2915
-18.7312
-18.4976
-18.1798
-21.7572
-19.232
-21.6705
-19.0905
-21.6303
-21.6157
-21.6947
-19.9846
-21.4638
-21.8031
-19.2985
-19.6755
-20.877
-19.2014
-21.0152
-18.2956
-20.094
-18.4893
-19.1733
-19.0345
-21.3557
-18.7741
-21.2338
63.5275
59.9866
56.8061
56.7228
59.5791
54.1057
60.3762
65.4334
55.8565
60.8801
65.5413
64.3263
81.3258
80.8921
73.0972
81.9374
82.7084
75.936
73.7895
74.6963
73.4799
71.6288
77.8004
76.9515
78.6073
72.7982
83.9028
74.0509
73.0947
81.1495
77.5945
72.2274
76.9122
83.505
81.0255
77.0265
74.9187
81.9445
86.0285
82.1757
84.8364
80.1838
83.3206
86.1669
84.2021
86.3845
78.7404
86.2946
81.9123
85.8864
72.601
82.4926
85.5334
74.7573
82.5556
85.1652
76.5765
78.4525
81.0798
80.2746
72.6212
73.5729
73.6016
76.1902
75.9278
83.8688
81.1574
84.2169
73.1125
79.757
77.1742
85.5922
83.3233
85.9068
72.7417
83.5318
80.6388
85.1986
80.1133
80.6421
72.8271
82.695
76.369
72.3139
73.0628
87.3163
77.537
85.8889
87.3546
87.092
86.1073
86.3172
76.6239
74.4233
82.2279
79.8094
73.5799
82.8406
81.0057
85.809
81.7469
81.1831
79.052
79.4045
87.27
74.2151
79.1395
82.4932
-1.01e-05
-9.8e-06
-9.8e-06
-9.69e-06
-9.92e-06
-1.1e-05
-1.03e-05
-9.71e-06
-1e-05
-9.43e-06
-1.11e-05
-1.01e-05
-17.5373
-15.5121
-17.0763
-15.2204
-14.6437
-14.5015
-16.3397
-15.397
-15.8193
-17.0197
-15.1939
-15.3877
-20.5261
-19.1722
-20.4582
-18.718
-18.8097
-17.9218
-20.7988
-20.7236
-21.0594
-18.8254
-20.4235
-18.8734
-19.6587
-21.1494
-18.5598
-18.7302
-19.1048
-20.9835
-19.3347
-19.2772
-21.8193
-19.3789
-18.8392
-20.3289
-21.1736
-18.2492
-20.4428
-18.1139
-20.0732
-18.9975
-19.1958
-19.8366
-21.6737
-20.8093
-21.7126
-20.6069
-18.0227
-19.0562
-21.6162
-20.5672
-21.9196
-18.6179
-19.1809
-19.4432
-19.3001
-19.0019
-19.7675
-20.5626
-19.245
-18.3188
-20.8341
-19.8361
-20.2259
-19.8216
-21.5614
-20.235
-21.6931
-20.0423
-19.1704
-19.4218
-20.0885
-20.12
-20.7494
-18.898
-20.6354
-21.1144
-20.7064
-19.9273
-21.9667
-19.6193
-18.4264
-21.286
-18.8488
-20.8531
-18.7159
-18.0675
-18.6392
-19.508
-18.4265
-18.7907
-21.0585
-21.0795
-21.27
-21.3646
-19.6817
-21.4702
-20.1037
-19.8824
-20.8741
-18.8553
-21.158
-19.7179
-18.5092
-18.4772
-18.6596
-21.5623
-21.9638
-19.4279
-19.1686
-18.8751
-21.2953
-18.8368
-21.6964
-20.6694
-21.5885
-20.216
-20.7627
-20.4778
-21.3248
-21.3434
-20.3592
-20.53
-21.6875
-21.7195
-20.657
-18.031
-18.4176
-21.4318
-18.3389
-18.8541
-18.9222
-20.4009
-20.3065
-19.1577
-18.8304
-21.0581
-21.7418
-18.2112
-18.5327
-20.5687
-21.2178
-21.1648
-20.8787
-21.5497
-18.8694
-18.4292
-20.4615
-21.2891
-20.3282
-21.852
-21.1823
-20.8032
-18.241
-18.431
-21.1394
-18.793
-18.1153
-21.643
-21.5632
-18.8739
-21.1208
-18.1919
-19.1402
-20.4947
-21.0527
-18.0416
57.9145
56.5721
65.9854
62.0518
58.8681
54.9078
61.184
61.7004
63.7969
57.4629
65.7771
59.2736
72.8983
73.6964
76.2977
82.6379
79.5744
77.1721
70.8747
70.6702
76.0334
79.4764
79.8154
71.8339
72.8656
77.3699
85.8239
79.9186
76.3504
76.4064
73.3723
78.7759
83.8152
86.622
79.2253
73.9287
82.7614
83.9404
73.0009
85.431
85.0986
79.4015
80.8048
83.2477
82.6623
72.12
73.811
74.4522
84.0572
79.0097
80.6958
84.3293
77.4247
83.9487
79.0452
78.0037
77.2977
87.4041
84.3178
72.2942
87.3117
84.4003
74.3808
73.2156
76.925
81.9803
81.8582
76.4075
79.1245
75.3842
72.8034
80.2651
77.5506
80.6848
87.1427
74.2927
72.0302
73.2289
79.4021
83.3096
81.2909
79.917
77.6622
76.9584
78.0203
81.7859
74.6838
84.3415
81.2038
76.3063
80.0182
87.4042
72.3276
75.1921
79.1738
82.2148
75.3956
86.9024
82.2811
86.0389
77.269
85.2632
78.0515
76.044
86.5864
73.4754
87.0862
79.3362
-1.12e-05
-1.03e-05
-1.08e-05
-9.23e-06
-1.02e-05
-1.07e-05
-1.08e-05
-9.54e-06
-1.01e-05
-1.01e-05
-9.43e-06
-1.01e-05
-16.9827
-15.3606
-15.7842
-17.4751
-14.5015
-16.2929
-16.779
-16.8348
-16.691
-16.7246
-14.5888
-16.1092
-20.2866
-17.6412
-17.3263
-20.4079
-20.0152
-18.8629
-20.8911
-20.2237
-20.9966
-20.8486
-19.1282
-20.1781
-20.5114
-21.0758
-20.9815
-18.464
-18.7835
-18.9104
-21.1038
-21.073
-19.8215
-20.1607
-21.1372
-19.0964
-18.1716
-19.8985
-21.6202
-21.128
-19.4353
-18.2299
-20.5148
-21.3038
-20.6267
-19.6688
-18.4638
-21.6085
-19.0977
-18.8911
-21.2571
-21.9179
-20.634
-20.4927
-19.2716
-18.0759
-18.7612
-20.3312
-18.5993
-21.5285
-18.7526
-20.0884
-20.0481
-20.4158
-19.3097
-21.4941
-19.7772
-20.8006
-20.5436
-18.4686
-20.4906
-20.2028
-21.5944
-21.5235
-18.6038
-18.3267
-19.1784
-21.9465
-18.0863
-20.6916
-20.4341
-20.5863
-18.8731
-18.9069
-19.7226
-18.3834
-18.2985
-18.3534
-20.2919
-19.591
-19.1745
-19.2633
-18.8291
-19.646
-18.8122
-20.7922
-18.4957
-21.793
-18.3593
-21.7738
-21.3332
-20.7228
-21.6492
-18.5569
-18.7053
-19.0086
-18.9792
-19.2434
-20.3025
-18.1127
-19.5291
-18.9855
-20.4265
-21.9407
-20.0706
-19.7027
-19.473
-21.1398
-18.2879
-21.8391
-19.6717
-19.2548
-21.8963
-21.7435
-20.5677
-18.074
-20.9941
-19.3422
-19.5531
-18.635
-20.0938
-20.9782
-19.092
-21.7549
-18.7789
-18.265
-20.5775
-21.3973
-21.8125
-21.0687
-18.7986
-21.9106
-21.6777
-18.6527
-20.2351
-20.2221
-19.7701
-21.9371
-18.2385
-20.5088
-18.8212
-20.1093
-21.119
-18.9869
-19.5734
-21.8031
-21.0459
-20.2909
-18.888
-19.7012
-21.0962
-21.2822
-18.9784
-20.6482
-18.38
-18.0928
-20.1947
-18.8975
54.9469
62.7579
59.9757
63.5553
61.9673
62.7577
57.6883
57.1593
61.2105
56.401
63.7849
60.275
71.8502
77.9026
82.7645
69.6478
70.062
81.2264
70.0658
68.9985
73.6885
75.4939
77.0556
76.111
85.7448
83.4557
86.8636
78.8271
72.6158
86.4156
71.3452
83.5734
71.7755
83.3376
86.137
77.4459
75.7037
75.4692
79.7077
74.5847
82.6012
77.7379
77.0154
79.2218
80.52
74.1223
83.1576
85.9549
76.4172
74.8563
84.1344
74.9067
72.631
81.8751
75.8057
74.7191
87.6706
76.6392
86.4205
74.8216
85.0968
80.0259
73.2517
83.731
86.2663
74.6023
83.6028
79.1145
84.0552
83.4162
72.4198
74.8535
79.5352
86.9361
77.4719
82.0607
72.1922
83.3767
81.6478
83.445
86.4732
74.3428
76.1842
87.9311
74.5003
83.5298
83.6009
82.9276
75.6388
75.4419
82.6612
74.9798
82.5847
79.8802
78.1858
76.8035
87.1612
80.1294
80.98
87.188
82.462
87.3256
73.7018
85.5462
77.3666
84.9677
85.6901
76.3438
-1.01e-05
-1.07e-05
-9.42e-06
-1.08e-05
-9.44e-06
-1.11e-05
-9.78e-06
-1.04e-05
-9.46e-06
-9.77e-06
-1e-05
-1.02e-05
-14.4002
-17.2437
-14.4246
-16.8758
-15.9059
-16.0764
-15.0665
-16.3436
-16.1191
-14.9256
-15.162
-14.6141
-17.5345
-17.3329
-18.1266
-19.8899
-18.4943
-18.5961
-17.7865
-19.4898
-18.5938
-19.8771
-20.1272
-19.5252
-18.9514
-19.8742
-18.8557
-21.4388
-20.897
-19.8122
-21.6869
-20.0255
-19.1596
-18.2348
-20.0136
-21.2701
-21.4325
-20.3856
-19.5424
-20.5682
-21.0149
-19.6151
-19.8732
-20.6893
-21.4722
-21.1302
-18.0606
-18.4679
-21.4043
-21.3285
-19.549
-20.3306
-21.6165
-21.6393
-21.1256
-18.8323
-20.9144
-18.3985
-21.5688
-18.5906
-20.6494
-20.441
-21.1076
-20.2063
-18.2383
-20.8234
-19.5326
-19.2811
-21.9667
-20.3616
-20.8429
-20.1053
-21.0799
-21.0083
-20.6286
-21.991
-19.8392
-20.8248
-21.1911
-19.5041
-19.8287
-21.8767
-18.1292
-19.3412
-19.9449
-18.0059
-21.5965
-19.145
-19.0308
-21.2813
-19.1119
-20.6305
-21.286
-21.1699
-21.1278
-18.3546
-18.3194
-19.2271
-18.1438
-20.0017
-19.5791
-20.2281
-19.1952
-19.943
-19.339
-18.7808
-20.5975
-20.6937
-21.3169
-21.499
-20.8178
-20.75
-18.2267
-18.4391
-21.2503
-18.9318
-19.4223
-18.5812
-18.7806
-21.1017
-19.0474
-19.7961
-18.6067
-20.7117
-20.9131
-19.4468
-21.139
-18.9596
-20.7676
-20.9199
-21.8746
-18.9293
-18.3748
-19.0521
-18.4914
-18.6788
-19.3365
-19.656
-21.6149
-18.7825
-21.887
-21.2406
-21.5259
-21.7178
-21.013
-21.1551
-19.7513
-20.0418
-21.7299
-19.513
-18.1678
-21.051
-20.2926
-21.2595
-18.3022
-20.4849
-18.9908
-21.6131
-18.4396
-21.3723
-18.3542
-18.1004
-18.9402
-19.3322
-20.5061
-18.5269
-19.7493
-18.8171
64.2636
54.5396
58.2713
61.5765
64.9571
64.4159
64.7423
54.7542
64.0911
63.359
64.8292
57.7389
82.2588
74.5201
78.0383
74.8475
74.9003
76.7089
73.8101
80.4496
78.0313
78.8843
71.9117
83.1375
81.7372
74.4036
83.1678
74.0316
72.284
79.6364
80.0478
74.2732
76.7983
86.261
75.7945
73.7442
87.7052
76.6832
82.7183
75.5536
80.6403
78.0242
87.2105
78.767
81.1841
86.942
87.6521
73.4793
85.315
78.0826
81.4847
77.9696
78.3865
74.5119
81.1318
80.7152
74.9997
80.6354
87.5346
83.3972
79.6893
86.6504
81.1985
74.1548
80.7537
74.8896
84.2733
87.4678
77.7669
78.9524
78.7376
76.5587
84.7055
81.8823
73.0237
85.4195
74.9922
87.665
78.0254
81.8619
73.244
77.5134
84.8363
79.6341
86.4734
81.202
86.8569
87.7215
79.2621
81.0422
85.3585
75.5443
85.7858
81.4705
83.6077
73.2774
84.2589
76.9725
84.8837
80.1464
76.3938
87.2441
84.2409
87.7709
77.8315
82.3875
81.7854
83.0009
-9.29e-06
-9.81e-06
-1.11e-05
-1.01e-05
-1.12e-05
-9.65e-06
-1.13e-05
-1.06e-05
-1.08e-05
-1e-05
-1.11e-05
-1.03e-05
-16.579
-14.7034
-16.4214
-17.2131
-14.9705
-16.7607
-14.4813
-17.3639
-17.5453
-15.5334
-14.7426
-16.5074
-17.3946
-19.1327
-18.3236
-19.0976
-17.3502
-17.4782
-17.3413
-19.6575
-19.4308
-18.1753
-19.7631
-20.6754
-18.9564
-21.1574
-20.4848
-17.9902
-19.3446
-19.8708
-20.7594
-18.9953
-21.7555
-20.5723
-19.3353
-18.241
-18.6955
-19.9185
-19.9468
-21.0372
-20.8713
-18.775
-20.3472
-18.0536
-19.5628
-21.0227
-19.5667
-21.3082
-21.8976
-20.4223
-18.5741
-19.5125
-18.0322
-20.4044
-21.2795
-20.5132
-21.1376
-21.1928
-21.3972
-19.0606
-21.4851
-20.6164
-19.1589
-21.9492
-21.8007
-20.2978
-21.3728
-19.046
-19.6641
-18.7359
-20.0804
-19.984
-18.8513
-20.6912
-18.4712
-18.2468
-19.5396
-19.6393
-19.279
-19.0318
-19.3551
-18.6535
-19.6138
-21.6184
-18.8977
-20.7378
-18.5671
-19.4156
-19.2847
-21.7481
-19.7119
-20.7619
-20.4099
-18.5641
-21.7582
-19.3835
-18.179
-19.2018
-19.3425
-18.371
-20.4799
-19.3871
-20.5165
-18.027
-21.9282
-18.6821
-20.6373
-20.8631
-18.6864
-18.4468
-18.6103
-18.9873
-18.6729
-20.696
-19.6833
-20.1512
-18.1893
-21.445
-18.6823
-19.4406
-18.2876
-18.5472
-20.6632
-20.7703
-20.7079
-20.2085
-21.8101
-20.0287
-19.7976
-18.9902
-18.3954
-20.1926
-19.2596
-20.0961
-18.8245
-21.3527
-21.9988
-19.2896
-21.3693
-21.4919
-21.9843
-19.3709
-21.0242
-18.9152
-20.4992
-20.8194
-20.9645
-18.8287
-21.3949
-19.6839
-18.8655
-20.1701
-21.4534
-21.8684
-20.9928
-18.0225
-18.5388
-18.3051
-18.4049
-19.5321
-19.354
-18.4547
-21.5289
-20.4617
-21.1859
-19.4862
-19.6409
-19.2705
59.2611
61.3245
59.9158
64.055
64.8017
59.6362
56.877
65.3423
62.8205
61.6815
62.945
54.9118
69.4279
70.7274
70.6413
74.7942
70.7925
81.3888
77.1871
73.9976
69.4583
77.3836
70.1713
79.6969
83.9957
79.8966
73.6497
83.7439
76.156
74.8068
78.7336
85.8947
75.9904
85.6244
72.1299
72.603
83.0106
74.8994
76.9118
74.0336
77.1613
76.3344
83.6138
83.0659
87.1043
83.4236
82.9508
82.941
86.093
76.7091
76.7708
83.8259
75.629
86.5577
80.5243
76.7713
84.3838
76.9663
87.3775
87.6927
82.6621
73.8122
76.2052
80.2403
85.6163
74.9522
73.6646
73.1858
80.1051
86.1483
72.6719
75.3911
83.0908
85.2125
84.917
84.5597
74.0756
78.3545
87.7545
87.8208
81.6375
83.3469
87.2191
79.1976
74.1896
82.7029
87.3614
83.155
84.8529
78.7637
73.5432
74.7019
87.7222
79.8907
72.1921
87.2856
79.9644
85.3802
80.7753
73.6272
81.8491
87.9583
72.5558
85.4687
75.7676
78.3018
77.9633
86.3807
-1.02e-05
-1.01e-05
-1.09e-05
-9.32e-06
-9.39e-06
-9.26e-06
-1.06e-05
-1.03e-05
-1.1e-05
-1.02e-05
-9.67e-06
-1.09e-05
-15.3418
-17.3942
-15.2014
-14.9367
-15.9786
-14.5617
-14.5165
-15.9872
-15.0883
-14.4299
-15.3474
-15.9276
-18.7941
-17.8002
-19.506
-20.0077
-19.8741
-18.792
-17.8084
-19.198
-20.6993
-19.0799
-18.0314
-17.6373
-21.6015
-20.8043
-19.0979
-19.028
-21.4082
-18.5606
-19.979
-20.6872
-19.4289
-18.0143
-18.7597
-21.4344
-20.0603
-21.2277
-20.1904
-21.7396
-21.6019
-19.8997
-19.2423
-20.374
-20.6664
-19.9614
-21.2551
-18.7033
-19.3315
-20.7389
-18.9807
-19.7531
-21.8479
-20.4969
-21.7893
-20.8831
-20.892
-20.3609
-18.5629
-20.0724
40
40
40
40
40
40
40
40
40
40
40
40
40
40
40
40
40
40
40
40
40
40
40
40
40
40
40
40
40
40
40
40
40
40
40
40
40
40
40
40
40
40
40
40
40
40
40
40
40
40
40
40
40
40
40
40
40
40
40
40
40
40
40
40
40
40
40
40
40
40
40
40
40
40
40
40
40
40
40
40
40
40
40
40
40
40
40
40
40
40
40
40
40
40
40
40
40
40
40
40
40
40
40
40
40
40
40
40
40
40
40
40
40
40
40
40
40
40
40
40
40
40
40
40
40
40
40
40
40
40
40
40
40
40
40
40
40
40
40
40
40
40
40
40
40
40
40
40
40
40
40
40
40
40
40
40
40
40
40
40
40
40
40
40
40
40
40
40
40
40
40
40
40
40
40
40
40
40
40
40
40
40
40
40
40
40
40
40
40
40
40
40
40
40
40
40
40
40
40
40
40
40
40
40
40
40
40
40
40
40
40
40
40
40
40
40
40
40
40
40
40
40
40
40
40
40
40
40
40
40
40
40
40
40
40
40
40
40
40
40
40
40
40
40
40
40
40
40
40
40
40
40
40
40
40
40
40
40
40
40
40
40
40
40
40
40
40
40
40
40
40
40
40
40
40
40
-8
-8
-8
-8
-8
-8
-8
-8
-8
-8
-8
-8
-20.7
-18.3813
-18.7481
-20.6538
-19.9067
-20.9452
-19.1232
-20.6317
-18.7078
-20.1748
-21.8312
-20.5129
-18.2
-21.955
-18.6275
-20.8723
-20.1301
-19.1774
-18.7092
-18.7108
-21.4336
-21.4917
-19.8606
-18.4145
-21.5367
-19.9481
-19.755
-19.6294
-19.4601
-20.104
-20.4182
-19.8657
-21.5866
-19.2706
-20.3132
-19.1998
-21.0134
-18.4085
-18.7548
-21.2048
-18.7328
-20.503
-21.881
-20.0916
-18.7496
-19.2828
-21.2938
-19.4066
-20.894
-21.1094
-20.0047
-21.1329
-19.2676
-20.0646
-20.7462
-18.6723
-19.0945
-20.6081
-20.6214
-19.9732
-21.1823
-19.9282
-21.5253
-20.9436
-19.2588
-19.581
-20.6707
-21.5778
-18.7148
-20.0587
-18.4751
-19.1178
-20.7439
-18.3109
-20.6494
-21.6032
-21.8775
-18.8665
-20.9956
-21.7055
-18.3655
-19.6561
-21.6776
-18.8111
-21.735
-20.1088
-18.3996
-19.7995
-19.305
-19.1288
-20.1659
-19.9344
-19.9279
-18.3526
-21.2093
-19.9258
-21.2836
-21.2984
-19.2685
-18.0174
-21.645
-21.0428
-18.429
-20.8069
-18.0801
-18.111
-20.1033
-18.3841
65.572
64.726
61.7977
54.7645
57.898
58.4607
59.7706
56.0268
60.9301
59.2292
65.3676
65.2343
76.9952
78.1941
70.4945
71.7945
82.0909
79.0273
71.2793
77.0672
82.6084
73.6466
71.2245
82.7188
78.5864
77.8891
75.5183
85.4027
84.6746
77.6634
71.7649
78.355
74.1448
73.5409
77.5066
72.8494
87.1448
72.6151
78.2651
74.454
82.8549
73.1145
80.5874
84.2009
87.0266
83.0101
73.4447
73.2695
83.6721
75.4151
79.1242
87.5909
85.0845
85.5113
85.738
81.88
83.8694
77.7123
87.9399
76.4434
81.4336
76.5069
73.7872
81.0749
77.6474
81.325
80.9324
80.6697
73.9669
79.0366
84.9853
77.0361
79.1
79.9
85.8023
82.4883
73.6021
85.8414
85.3117
84.057
79.4557
84.1194
79.6586
83.7846
86.0815
86.2484
79.273
85.7492
73.6231
73.6289
80.772
82.4293
74.4477
79.5546
73.5096
81.6333
85.6814
83.8022
78.0526
87.9006
82.6069
85.0439
82.7151
87.8306
85.1417
80.3107
77.87
82.9144
-1.04e-05
-1.05e-05
-9.92e-06
-1.01e-05
-1.04e-05
-1.09e-05
-1.08e-05
-9.46e-06
-9.72e-06
-9.27e-06
-9.23e-06
-9.68e-06
-16.9578
-17.2952
-15.6537
-16.2022
-16.6594
-17.4494
-17.3214
-14.583
-15.1941
-14.5573
-16.3729
-16.6736
-18.4638
-20.5588
-19.0188
-21.1138
-17.2815
-17.7004
-18.4389
-17.3779
-20.2842
-17.4826
-20.1561
-17.4819
-18.8588
-21.1942
-21.6299
-19.5008
-21.7047
-20.3435
-19.506
-21.0415
-19.0279
-18.9107
-20.4612
-19.4055
-18.514
-18.2386
-21.1175
-20.6705
-19.6158
-21.5504
-19.612
-20.8078
-21.6018
-21.3287
-20.0123
-20.6894
-19.6484
-20.5822
-19.0241
-19.7327
-18.8322
-18.1469
-20.3476
-21.4509
-18.0965
-18.7781
-19.8344
-20.657
-18.6849
-18.2268
-20.0762
-21.2748
-18.1409
-19.3975
-20.6541
-18.523
-18.9438
-20.142
-21.8129
-19.1494
-19.9501
-19.5997
-21.5896
-18.2876
-20.2646
-21.3845
-21.9525
-20.7949
-19.5197
-19.6473
-19.4067
-20.4145
-20.9576
-21.2779
-19.6664
-20.8668
-21.6649
-21.6833
-20.8161
-20.5476
-20.1261
-18.7328
-18.4945
-19.9428
-18.6378
-20.308
-20.5828
-20.1025
-18.1457
-18.2309
-18.4534
-18.6146
-21.9595
-19.378
-19.1679
-18.2091
-20.5413
-20.6088
-18.7018
-21.677
-21.202
-18.9213
-19.9434
-19.8336
-19.3941
-21.2705
-18.4371
-19.6613
-19.7121
-19.8749
-21.4454
-18.8727
-18.4117
-20.4712
-18.6953
-18.2997
-19.7066
-18.8786
-19.4449
-19.0388
-18.3705
-20.2414
-18.1081
-21.8655
-19.3653
-20.7806
-21.2415
-19.1164
-20.995
-21.3297
-18.9653
-21.97
-18.0828
-18.868
-21.1201
-18.7765
-20.793
-21.4221
-21.8369
-19.897
-21.8844
-19.6465
-18.8725
-20.0557
-20.5993
-19.8319
-20.2679
-19.6656
-20.099
-21.8104
-19.9993
-19.0127
-21.035
-19.3503
-21.2648
-18.2274
57.9861
55.1323
55.0238
61.9007
58.624
64.4577
60.1969
57.5441
62.6507
61.4882
63.5951
61.7231
70.9386
78.5887
74.3515
75.4398
82.4078
73.8715
77.7018
73.9249
69.8399
75.2936
77.4753
74.5941
77.4682
84.2748
71.7502
75.9621
84.1382
85.8612
77.8108
85.3585
74.4311
74.7874
84.6837
85.5876
75.4138
72.8033
73.2983
76.0297
84.0148
79.9995
79.1308
81.1835
86.0711
73.3
82.9494
86.655
75.3834
85.3702
83.1351
72.2026
75.6755
81.6608
80.0064
80.4148
75.6806
82.7669
76.2322
78.1997
77.8964
82.7458
73.4382
75.2826
75.2019
73.7289
75.3155
81.7064
83.708
82.5582
79.5966
72.8331
87.3427
74.688
82.6934
86.6049
83.1631
75.4876
77.0515
72.4821
81.8028
81.8066
83.6067
72.1748
85.0852
83.8191
74.2539
77.5618
82.2161
79.9325
73.8413
73.3973
84.503
74.4952
74.7532
85.2945
81.7942
81.6754
79.6695
81.1039
81.6283
87.4852
75.5675
75.433
72.9154
82.5311
80.7846
73.7798
-9.96e-06
-9.58e-06
-9.89e-06
-1.12e-05
-1.06e-05
-9.23e-06
-9.73e-06
-9.24e-06
-1.07e-05
-1.02e-05
-1.13e-05
-1.07e-05
-16.0573
-16.9751
-16.6554
-15.1801
-16.0968
-16.1792
-15.8439
-14.9734
-15.1148
-15.2994
-14.4328
-17.3342
-19.9146
-19.9281
-19.4777
-19.927
-21.0504
-18.759
-20.0161
-18.6606
-20.5605
-20.5748
-20.7447
-17.301
-19.0392
-18.3874
-19.6574
-19.8219
-18.8714
-20.7266
-18.9264
-21.2442
-18.561
-19.3132
-20.325
-20.258
-18.2828
-21.3508
-20.3596
-21.4451
-21.4362
-20.1514
-21.6085
-21.3594
-21.7976
-21.3678
-21.2508
-19.8456
-18.8421
-21.6359
-20.8835
-19.1209
-19.3578
-20.7377
-19.9049
-18.3201
-18.5599
-20.9759
-19.3081
-20.0242
-21.0665
-21.0047
-18.6681
-18.3936
-20.3646
-20.9665
-18.5962
-19.4878
-21.4811
-21.7769
-19.8163
-18.3181
-19.0308
-18.9319
-18.9559
-19.9755
-20.3329
-18.49
-21.5574
-20.4799
-20.389
-21.9491
-20.5126
-21.7158
-19.145
-18.9605
-20.0661
-20.0344
-18.9059
-20.7986
-18.1185
-20.7625
-19.8287
-20.756
-19.9083
-21.9093
-19.3387
-21.9303
-18.2599
-20.735
-19.8169
-21.2886
-21.1585
-21.2008
-18.379
-21.2895
-18.8562
-18.1027
-18.871
-19.9171
-20.9684
-18.8745
-18.452
-20.5839
-21.9356
-20.4035
-20.7642
-20.2447
-21.1294
-21.9032
-20.1765
-19.6672
-21.4414
-21.8789
-18.5167
-20.3127
-21.1698
-20.1334
-19.6368
-20.6209
-19.0805
-19.3965
-21.9691
-20.5459
-21.4917
-21.2311
-20.6091
-21.3629
-19.1486
-20.5485
-20.3624
-20.4897
-18.6745
-19.109
-19.1466
-20.4078
-21.8902
-21.8163
-18.9088
-19.2194
-18.1442
-19.5953
-21.3387
-21.663
-18.946
-19.0632
-18.8834
-19.4004
-21.219
-20.5874
-21.1438
-20.3321
-19.0309
-18.912
-18.036
-21.1239
-21.3885
-21.0731
54.8928
63.1467
54.5492
55.2671
59.2857
59.7138
63.7934
62.1543
55.8398
56.7138
57.4281
55.4841
72.7722
79.4747
72.0693
81.0975
75.5367
73.3086
74.6688
79.1844
76.2552
68.5106
82.4193
69.4031
86.1478
71.7259
83.4923
79.7492
79.2907
72.4328
75.0617
83.5963
85.3976
79.6612
76.877
72.2295
82.749
76.3022
72.7345
82.4883
79.612
72.047
73.6272
83.0209
72.8727
85.6837
76.8273
73.2718
84.1225
80.3587
76.8755
78.4662
72.3137
82.5701
77.8212
83.3912
82.0179
82.3871
84.6524
82.0657
78.6933
78.2326
73.9074
84.4643
84.171
75.9347
85.796
81.4175
79.6526
72.2742
78.1176
82.2442
73.4348
79.3518
87.8936
83.4633
80.7486
80.5272
72.6991
87.3156
86.8495
82.9171
73.583
75.3241
74.9423
80.313
75.3246
83.1325
80.7234
72.2823
83.9046
75.021
85.1979
77.6805
77.4177
72.1888
87.8036
81.792
78.7636
73.5459
83.1863
76.5236
87.8124
87.2087
83.7647
87.5371
73.6901
76.4786
-9.73e-06
-9.36e-06
-1.12e-05
-9.34e-06
-1.1e-05
-1.08e-05
-9.99e-06
-9.25e-06
-9.23e-06
-9.63e-06
-1.02e-05
-1.02e-05
-16.2729
-16.8703
-15.6075
-14.9132
-16.9602
-15.4646
-15.318
-16.8458
-17.3892
-17.3279
-14.8398
-16.0101
-17.6366
-20.9701
-18.1065
-18.0381
-20.6933
-20.9965
-19.9589
-17.7447
-19.1457
-20.4158
-19.4783
-17.7892
-18.5381
-21.2849
-19.9473
-20.6568
-19.3363
-19.9689
-21.7331
-19.1643
-20.5336
-18.5405
-18.3391
-20.9655
-21.3422
-20.6402
-18.603
-18.932
-21.6101
-19.1242
-21.2414
-19.1131
-21.723
-21.6232
-18.144
-21.0479
