0.0652293
0.0622723
0.0640046
0.0602946
0.0525395
0.0444965
0.0454085
0.0613743
0.0754436
0.0845906
0.0671908
0.0578054
0.044451
0.0358272
0.042423
0.0532625
0.0472283
0.059754
0.0542453
0.0364968
0.0338814
0.0513731
0.0672275
0.0600719
0.0555008
0.0471302
0.0431811
0.0315531
0.0335329
0.0360835
0.0655547
0.0838566
0.0665198
0.057254
0.0551635
0.0412175
0.0567138
0.0613257
0.0651245
0.0589301
0.0630748
0.06529
0.0390533
0.0633326
0.096957
0.0719424
0.0622493
0.0610826
0.06494
0.0582255
0.058091
0.0520819
0.0460939
0.0463458
0.0595217
0.0754941
0.07389
0.0599079
0.0524474
0.0407055
0.0350619
0.0528215
0.0485057
0.0331156
0.039109
0.0333943
0.0251442
0.0289293
0.030003
0.0302059
0.0327282
0.0282313
0.0295761
0.0324097
0.0360098
0.0412524
0.050619
0.0719276
0.0833318
0.0715323
0.0617527
0.0516854
0.0410468
0.0376082
0.0337848
0.0338361
0.0326967
0.031417
0.0313102
0.0306917
0.0431322
0.0350433
0.0420487
0.0412378
0.0352133
0.0313951
0.0304783
0.0323409
0.0370156
0.0417389
0.0482967
0.0669107
0.0789526
0.07595
0.0631607
0.0537168
0.0432118
0.0422134
0.0424357
0.0470749
0.0416718
0.0394204
0.0462425
0.0381881
0.0556359
0.045894
0.131776
0.0391329
0.0271942
0.0308781
0.0322594
0.0413096
0.0381268
0.0428917
0.0485965
0.0600573
0.0647958
0.0624031
0.0524079
0.0444088
0.045242
0.0426939
0.0498892
0.055741
0.0557856
0.0425376
0.0478263
0.0468405
0.0608383
0.0730931
0.0697018
0.0639721
0.0431026
0.0413551
0.0481598
0.0543925
0.0578137
1.93784
0.0386476
0.101948
0.114158
0.100932
1.59742
0.0660725
0.0842712
0.0713939
0.0712055
0.0896504
0.0879522
0.0772643
0.077288
0.0734897
0.0694432
0.0732976
0.0742429
0.0656987
0.0536936
0.050719
0.0414019
0.0455135
0.0468159
0.0655915
0.082537
0.0910306
0.114257
0.112215
0.0924363
0.0758553
0.0925827
0.0547305
0.0616501
0.0601694
0.0584011
0.0569592
0.0552235
0.0532477
0.0511177
0.0508795
0.0539328
0.0536217
0.0507438
0.0490144
0.0397487
0.0404411
0.0415917
0.0603443
0.0715884
0.0877738
0.0947762
0.087932
0.0777162
0.0668289
0.0642373
0.0584481
0.06
0.0605713
0.0590967
0.0459744
0.0515062
0.0463142
0.0473623
0.045375
0.0396844
0.0403009
0.0381501
0.030695
0.0342613
0.0379124
0.0456078
0.067701
0.0818434
0.0999277
0.1071
0.0923435
0.0767829
0.0637726
0.235019
0.0471752
0.053573
0.039658
0.0486976
0.0429491
0.044459
0.04799
0.0424239
0.0493159
0.0388231
0.037175
0.0355203
0.0315649
0.0309475
0.0366961
0.0422473
0.0583041
0.0762998
0.0880398
0.0977601
0.0845054
0.0679854
0.0617786
0.0590635
0.0561985
0.0590906
0.076621
0.0576641
0.034422
0.0474283
0.0452152
0.0400915
0.0415421
0.0368635
0.0372822
0.0358079
0.0310102
0.0315941
0.0335279
0.0355122
0.0439005
0.055672
0.07399
0.0808708
0.0716248
0.062504
0.0554892
0.0523419
0.047598
0.0507908
0.0486192
0.0483628
0.0409543
0.0473805
0.0512268
0.0475224
0.0433965
0.040536
0.0362655
0.0365214
0.0333697
0.0333413
0.0339208
0.039405
0.0477106
0.0629135
0.0780792
1.4087
0.0491944
0.0783426
0.0668606
1.41551
0.0296156
0.0522851
0.0534427
0.052702
0.049937
0.0540406
0.0551824
0.0598174
0.0655245
0.0464873
0.036231
0.0447722
0.0413575
0.0368154
0.0400717
0.0587514
0.0501348
0.0713851
0.0578331
0.0811101
0.104045
0.086403
0.0748552
0.0649576
0.0568278
0.0602324
0.0657315
0.0607005
0.049578
0.0448657
0.0548975
0.0416805
0.0491093
0.0466605
0.0445667
0.0392124
0.0432503
0.0422318
0.0506169
0.0571997
0.0688215
0.0784157
0.0935055
0.103797
0.111472
0.0916643
0.0807935
0.0678842
0.0656017
0.0631997
0.0738094
0.0702374
0.0399001
0.0545811
0.0505698
0.0497225
0.0495343
0.0586676
0.0530036
0.0440133
0.0371011
0.034529
0.0411538
0.0441295
0.0682763
0.0760052
0.0929922
0.101078
0.0907154
0.0730824
0.0628338
0.0550938
0.0515226
0.0517427
0.0516078
0.0507005
0.052006
0.0537768
0.0504096
0.052935
0.0499763
0.0414553
0.0395158
0.0371884
0.0329886
0.0344495
0.037229
0.0436233
0.0597807
0.0722857
0.08773
0.131836
0.0837986
0.0542478
0.0675829
0.0589281
0.0562914
0.0558104
0.0579608
0.0526895
0.0496749
0.0480573
0.0465336
0.0430262
0.0396914
0.0445037
0.0421162
0.0338776
0.0304634
0.0294352
0.0344338
0.0345459
0.0526417
0.0600511
0.0728836
0.0773726
0.0673841
0.0600639
0.0536456
0.0510399
0.0439064
0.0491583
0.0488072
0.0430031
0.0402395
0.0442762
0.0529774
0.0563119
0.0556736
0.0502845
0.0489076
0.0406076
0.0390248
0.0381395
0.0447174
0.0463651
0.0626538
0.0727224
0.086285
0.0898279
0.0802011
0.0766177
0.0718984
0.0718861
0.089
0.0615587
0.061766
0.0586636
0.0541894
0.0556064
0.0574413
0.0578952
0.0560542
0.053026
0.0572569
0.0528725
0.0477209
0.0465127
0.0471402
0.0468945
0.0959969
0.102264
0.117564
0.116576
0.10571
0.0879074
0.0829167
0.0860543
0.0961228
0.108823
0.108029
0.115533
0.0966733
0.120914
0.124646
0.120184
0.121677
0.0962214
0.0967009
0.0957837
0.0775152
0.068609
0.0711646
0.0684051
0.0925691
0.086985
0.151611
0.130474
0.0899594
0.101433
0.090841
0.0814596
0.071777
0.0703105
0.0700451
0.0656593
0.0567614
0.0556163
0.0573558
0.0554188
0.0605995
0.121902
0.0518305
0.0495443
0.0465317
0.0770836
0.0509984
0.0455338
0.0768564
0.0528045
0.050137
0.0927555
0.105776
0.0821421
0.0736049
0.0734527
0.0654811
0.0602655
0.0604409
0.0592366
0.0527338
0.051029
0.0493782
0.0550198
0.0405696
0.105804
0.123472
0.129647
0.141233
0.132621
0.139712
0.0424702
0.0579113
0.0738153
0.0857825
0.0943674
0.0469447
0.0692015
0.0591853
0.0682345
0.123456
0.125967
0.0334392
0.109476
0.0937358
0.106263
0.11763
0.0884789
0.100296
0.100528
0.0976158
0.0975684
0.102862
0.140766
0.129106
0.108982
0.145963
0.239967
0.12884
0.0688614
0.0899664
0.078111
0.064067
0.220064
0.114847
0.070484
0.0817299
0.0945862
0.311372
0.234289
0.098054
0.163369
0.171938
0.137286
0.113699
0.0897019
0.0879668
0.0915083
0.141966
0.0512468
0.111782
0.0857022
0.0546564
0.0685791
0.0590366
0.0523169
0.0549883
0.104114
0.0982946
0.0562953
0.0669968
0.101326
0.0954598
0.122439
0.122291
0.0846762
0.106301
0.111725
0.116212
0.112324
0.0959294
0.109968
0.0869495
0.0772389
0.0939022
0.0973532
0.0913585
0.250437
0.0428836
0.0646289
0.0574278
0.0961916
0.102135
0.056032
0.0669851
0.0969773
0.0925454
0.118713
0.139657
0.0834807
0.0924907
0.0971386
0.100892
0.0942962
0.0938184
0.0831419
0.0713819
0.0659647
0.0744382
0.0749755
0.0671464
0.0670625
0.0572194
0.0557511
0.0631072
0.0863541
0.0872902
0.0510227
0.0617387
0.0907938
0.0935931
0.0998069
0.0667601
0.0742248
0.0807385
0.0866872
0.0916549
0.0917531
0.101814
0.0959989
0.117271
0.133966
0.142863
0.10587
0.105364
0.0882987
0.0741804
0.0913722
0.0553862
0.0926055
0.0866243
0.0527212
0.074368
0.0935502
0.0938611
0.111477
0.111701
0.136211
0.0996892
0.0940372
0.0977256
0.0987211
0.0938536
0.0963345
0.0833534
0.177393
0.0497205
0.0979714
0.0962364
0.0865274
0.0687752
0.0591447
0.0667165
0.0793988
0.078286
0.0532592
0.0710309
0.0869323
0.0904002
0.12344
0.233134
0.0879245
0.101437
0.100919
0.103345
0.0927337
0.0964
0.0891076
0.0759894
0.0858486
0.0998021
0.105118
0.100223
0.086136
0.072349
0.0687342
0.0586439
0.0705466
0.0974271
0.0637218
0.0499069
0.0557742
0.0777142
0.0944986
0.0986558
0.085992
0.0947139
0.0800303
0.0938456
0.115155
0.106351
0.100245
0.129435
0.0486094
0.0791089
0.0813043
0.0769641
0.0713677
0.0599361
0.0617435
0.0531718
0.0643285
0.0480204
0.0495616
0.0435174
0.040721
0.0392795
0.0391466
0.0580121
0.0745678
0.0757796
0.0791595
0.0899501
0.0563837
0.093999
0.0601573
0.0596035
0.0711276
0.0769673
0.0786202
0.0741212
0.0663564
0.0648487
0.0589636
0.0567252
0.049444
0.0513662
0.0501508
0.0451276
0.0462825
0.0421419
0.0426897
0.0511433
0.0988474
0.0766125
0.0737386
0.0840132
0.079395
0.0717556
0.0534581
0.0611834
0.068162
0.0833408
0.0808367
0.0779654
0.0696147
0.0629263
0.0567994
0.0564025
0.0552806
0.0703111
0.053562
0.0403469
0.0446944
0.0418757
0.0500294
0.0479484
0.0514487
0.0396701
0.0361727
0.0308958
0.0353635
0.0337923
0.0416547
0.146504
0.0449609
0.125354
0.100754
0.100266
0.0791512
0.0774376
0.0605776
0.0602121
0.060151
0.0841752
0.0932248
0.0837045
0.0997734
0.10047
0.0865829
0.0745134
0.0408701
0.0306131
0.0334567
0.0297227
0.0356542
0.0471537
0.0669947
0.0823178
0.0878036
0.104937
0.108788
0.101025
0.115072
0.0942893
0.0832923
0.0747824
0.0863963
0.0903199
0.0916929
0.0944837
0.091359
0.0912693
0.0895435
0.0947286
0.0440271
0.0356639
0.0345265
0.0372591
0.0364957
0.0463912
0.0461332
0.0690418
0.0837768
0.090265
0.114012
0.108911
0.098525
0.0748025
0.135166
0.0508985
0.0614589
0.0551949
0.0602495
0.0784204
0.0836391
0.0895198
0.0972791
0.0982432
0.050483
0.0417978
0.0421861
0.0412123
0.0457965
0.052361
0.0515436
0.106325
0.0899218
0.0899218
0.09
0.0973559
0.086977
0.0814879
0.0724441
0.0676993
0.0587311
0.0506334
0.0623975
0.106241
0.0816747
0.0842444
0.0922943
0.0954574
0.0456766
0.0410497
0.041014
0.0478435
0.0457266
0.0629252
0.0665654
0.0821348
0.0953119
0.0961871
0.113057
0.0882437
0.0895794
0.0739642
0.0825544
0.0639318
0.0626726
0.0554739
0.0647487
0.0591537
0.0769563
0.0645194
0.0737891
0.100283
0.0495903
0.0422898
0.0584583
0.047977
0.0507571
0.0528083
0.0735835
0.084883
0.0917446
0.0939275
0.0880435
0.0815926
0.0777674
0.0770511
0.0747504
0.0668609
0.091624
0.0662642
0.0679168
0.0611785
0.0623579
0.0632751
0.0686438
0.0956501
0.0599736
0.0620127
0.0681145
0.0562567
0.0564311
0.0498022
0.0740924
0.0945314
0.0987024
0.109571
0.118784
0.101613
0.102438
0.112093
0.103125
0.0864824
0.0834725
0.0815493
0.105739
0.0799499
0.0779771
0.073899
0.0770924
0.0698273
0.192373
0.0612976
0.0635441
0.0588995
0.0622675
0.0728202
0.0842724
0.0954718
0.127432
0.0780069
0.0989351
0.0953816
0.0951401
0.0911391
0.0871292
0.0789929
0.0724924
0.0698632
0.0818661
0.0899119
0.0965572
0.100699
0.113349
0.11681
0.0719285
0.0677312
0.0516284
0.0539813
0.0611191
0.0990177
0.197377
0.147706
0.0708636
0.126357
0.132933
0.106204
0.106563
0.120106
0.115923
0.104172
0.117945
0.097224
0.112797
0.114633
0.121171
0.120316
0.124019
0.135856
0.0724514
0.069595
0.0487391
0.0443971
0.0493717
0.0754785
0.102249
0.368622
0.110498
0.0705396
0.133066
0.145551
0.134534
0.129317
0.129758
0.118902
0.111258
0.132865
0.108309
0.109137
0.103101
0.111313
0.117277
0.169919
0.0485809
0.0392673
0.0387782
0.0515077
0.0807588
0.108555
0.112541
0.108798
0.118442
0.131811
0.121927
0.108043
0.108043
0.0611786
0.107601
0.100548
0.0991143
0.0999349
0.0993391
0.0984653
0.0960973
0.0967702
0.101436
0.0983361
0.0904087
0.106672
0.110414
0.104541
0.111937
0.111231
3.12685
0.0444376
0.130114
0.135086
0.124519
0.108455
0.109786
0.102796
0.113582
0.0836455
0.0620122
0.0701202
0.0908307
0.0687417
0.0572766
0.0641097
0.0604898
0.694608
0.0563592
0.0530636
0.0529044
0.0538069
0.0618031
0.0796186
0.0901533
0.104207
0.119424
0.128282
0.126096
0.111087
0.123632
0.104104
0.0854875
0.0773913
0.0747064
0.0726178
0.0862157
0.0720455
0.0667904
0.0756057
0.121839
0.0939558
0.0456191
0.056751
0.0551873
0.0555144
0.0614167
0.0743023
0.115238
0.0659058
0.114221
0.123031
0.111175
0.129228
0.102974
0.0849216
0.0806913
0.239954
0.0464652
0.0746741
0.0748373
0.0746559
0.0696217
0.0835616
0.103538
0.0750993
0.0589067
0.0562293
0.0582725
0.0617536
0.067712
0.0804172
0.0838194
0.096849
0.115221
0.124272
0.121054
0.0972443
0.102226
0.0986788
0.0872049
0.0823471
0.0725787
0.0913905
0.0732816
0.0742918
0.146268
0.113589
0.0969626
0.0794693
0.0982659
0.0732037
0.0817869
0.084371
0.0792102
0.246843
0.0780115
0.129392
0.157849
0.733247
0.0855468
0.178765
0.170376
0.132433
0.165117
0.126695
0.102188
0.0697143
0.161761
0.0757876
0.0754784
0.064977
0.0718188
0.111342
0.0919489
0.108259
0.0846165
0.0991374
0.106463
0.111418
0.128956
0.148315
0.148235
0.11933
0.144374
2.11618
0.117001
0.129179
0.111105
0.0913339
0.0944917
0.155668
0.0663732
0.0960315
0.108283
0.103462
0.0995535
0.110948
0.142342
0.123266
0.148856
0.122171
0.0746794
0.0626153
0.0856857
0.131207
0.54948
0.0674037
0.111192
0.111761
0.117657
0.107478
0.0948305
0.0904705
0.08125
0.0837716
0.0837715
0.080272
0.0937238
0.0842024
0.0823477
0.0801486
0.0795203
0.0773251
0.0816541
0.0840653
0.0891852
0.0984149
0.289321
0.0772615
0.155388
0.162078
0.158376
0.131705
0.152018
0.124649
0.108665
0.106101
0.0985632
0.104048
0.0858653
0.0870528
0.0842102
0.0873264
0.0804479
0.100083
0.112095
0.0910759
0.073959
0.0798658
0.0591047
0.063284
0.0998718
0.10076
