0.0657076
0.0488833
0.0446335
0.0437058
0.0405548
0.0395984
0.0376497
0.0273856
0.0399749
0.0512578
0.0768638
0.084454
0.134916
0.130772
0.122636
0.116319
0.113075
0.0957581
0.0948387
0.0883891
0.0805347
0.0838054
0.0699472
0.0719724
0.0716866
0.0751682
0.070183
0.0624853
0.0591022
0.056449
0.0495854
0.0428014
0.06172
0.0787395
0.104476
0.137399
0.173003
0.160667
0.140448
0.145413
0.105281
0.10971
0.119234
0.109707
0.1125
0.0806234
0.0751757
0.0643361
0.0632748
0.0527572
0.0587526
0.0675053
0.0630648
0.0542713
0.0454438
0.0427844
0.0754888
0.12163
0.104147
0.116853
0.163841
0.134169
0.119639
0.105258
0.1394
0.1729
0.143414
0.113113
0.102432
0.0945905
0.0876892
0.0769918
0.0660642
0.0686516
0.0630868
0.0668716
0.066568
0.0642972
0.0545993
0.0488021
0.0657415
0.083135
0.0972619
0.128294
0.142421
0.143631
0.107874
0.128459
0.153945
0.121012
0.122206
0.119244
0.125719
0.105527
0.107926
0.101285
0.0782248
0.0794423
0.0666718
0.0679685
0.0628317
0.057628
0.0515857
0.0459336
0.0593971
0.0690847
0.0845134
0.128931
0.133378
0.133667
0.110244
0.124468
0.129587
0.116791
0.131854
0.123548
0.106281
0.0875408
0.0848959
0.0850236
0.0888183
0.0806446
0.0916818
0.0951011
0.0823131
0.0839484
0.071405
0.0668454
0.0898321
0.0864338
0.0963192
0.133951
0.129698
0.113882
0.103264
0.123671
0.118403
0.120855
0.128104
0.123615
0.103994
0.0921825
0.0784539
0.0691608
0.0860685
0.0812937
0.0766594
0.0688846
0.0831017
0.0562209
0.0542359
0.0529632
0.0573677
0.0808138
0.0828771
0.0984824
0.133707
0.125449
0.112797
0.133261
0.114242
0.109732
0.110627
0.132359
0.108308
0.112767
0.0867071
0.0666477
0.0610063
0.0633565
0.0577608
0.0592826
0.0586066
0.0602439
0.0581115
0.0536248
0.0759214
0.0956814
0.145669
0.0781401
0.126856
0.135876
0.123629
0.11278
0.108265
0.101018
0.119724
0.105198
0.104039
0.087628
0.0786526
0.0785494
0.072088
0.0690721
0.0646454
0.0581058
0.0471131
0.0470864
0.0441112
0.0398035
0.0531553
0.0831355
0.0858264
0.11486
0.140924
0.145906
0.119805
0.105261
0.114985
0.121788
0.123
0.101587
0.105029
0.0886813
0.076381
0.0720992
0.0846785
0.0863692
0.0858272
0.0881661
0.072551
0.0504151
0.0539956
0.0498294
0.0638204
0.0896588
0.0983348
0.156195
0.113283
0.121479
0.117583
0.125575
0.125865
0.129348
0.122638
0.102814
0.08875
0.0884565
0.0861376
0.0786027
0.0796965
0.0731963
0.0628108
0.057536
0.0501961
0.0441026
0.0395596
0.0612002
0.0658501
0.0704762
0.0902773
0.123727
0.125622
0.122831
0.10142
0.114629
0.125455
0.125721
0.117919
0.108774
0.0938828
0.0868649
0.0619216
0.0658013
0.0715577
0.0710602
0.0672566
0.0576547
0.0647784
0.0429639
0.0369493
0.0667548
0.0781134
0.0569483
0.0875995
0.128207
0.12309
0.110472
0.118647
0.124588
0.117697
0.125596
0.112483
0.083969
0.0694922
0.0620278
0.0605489
0.0551867
0.0505964
0.0578483
0.0493202
0.051738
0.0433963
0.0352477
0.0292563
0.0570789
0.0647459
0.0498529
0.0787314
0.106375
0.10786
0.111375
0.108213
0.104781
0.102242
0.136987
0.107729
0.0817498
0.0739984
0.070339
0.0576832
0.0548765
0.0514774
0.0539698
0.0497205
0.0473874
0.0363286
0.0298359
0.026843
0.0470332
0.0762165
0.06735
0.0817728
0.135342
0.103471
0.104528
0.11083
0.114667
0.115459
0.119266
0.122647
0.106795
0.0827593
0.0724266
0.0713252
0.0639625
0.068665
0.0754482
0.0718976
0.0666692
0.0498382
0.0471448
0.0418933
0.0506091
0.0692015
0.0692015
0.0724772
0.137659
0.110409
0.115994
0.105377
0.109313
0.0955579
0.115785
0.109774
0.0816581
0.0825985
0.0901674
0.0776923
0.0674664
0.0651014
0.0701068
0.0780706
0.0710585
0.0706099
0.0600668
0.0437102
0.0566702
0.107801
0.07596
0.0859259
0.124217
0.0986076
0.113973
0.118855
0.1101
0.114843
0.120839
0.111239
0.109753
0.104363
0.0920825
0.0878866
0.0919845
0.0936327
0.10409
0.0873058
0.0787763
0.086012
0.0747025
0.0703701
0.0783659
0.110487
0.0803856
0.0619231
0.1198
0.113601
0.124457
0.10799
0.101995
0.104291
0.119104
0.118211
0.118211
0.118211
0.0885949
0.0801347
0.0899249
0.0973896
0.0805698
0.0730491
0.0734754
0.0722497
0.0732498
0.0676326
0.0724244
0.0896696
0.0784364
0.0962137
0.156112
0.118901
0.132743
0.114932
0.12895
0.122663
0.117896
0.113001
0.0856885
0.084163
0.0767938
0.0789443
0.0845344
0.0913032
0.0925147
0.101166
0.0886551
0.0797572
0.0728995
0.0740776
0.0722648
0.0683807
0.0948214
0.0938634
0.130261
0.111312
0.0984197
0.116709
0.113533
0.125556
0.115387
0.110234
0.0929907
0.0869395
0.0907491
0.0838778
0.0804286
0.0788681
0.0821278
0.0842051
0.0806014
0.0680498
0.063153
0.0551473
0.0601333
0.0610478
0.0709155
0.0837617
0.121817
0.118094
0.0936154
0.0994203
0.0964052
0.100709
0.115931
0.105705
0.103413
0.0962059
0.0869073
0.0886683
0.0852366
0.0830543
0.0863149
0.0808889
0.0844656
0.0788088
0.084656
0.0568825
0.0727329
0.0826939
0.0840904
0.0908172
0.135629
0.125981
0.121022
0.12705
0.105649
0.111732
0.114984
0.112511
0.0994947
0.106245
0.0854833
0.0872797
0.0819312
0.0881
0.0955753
0.0987903
0.0889931
0.0847321
0.0879425
0.0664155
0.0831809
0.0926953
0.0890782
0.116447
0.150505
0.120997
0.121716
0.130247
0.12217
0.120845
0.137653
0.124419
0.119978
0.102034
0.0973707
0.0990193
0.104034
0.103341
0.104043
0.0923658
0.0908755
0.0832805
0.0718163
0.0641237
0.0730696
0.087764
0.079393
0.11324
0.135289
0.140439
0.132291
0.0986139
0.107056
0.122393
0.118734
0.131208
0.120161
0.102637
0.0927383
0.110487
0.0917787
0.0896811
0.0854007
0.0681546
0.0555157
0.053004
0.0474216
0.0435638
0.0628516
0.0907293
0.0794046
0.124388
0.192708
0.155311
0.115978
0.122092
0.118667
0.114611
0.11695
0.111555
0.117184
0.107725
0.0907093
0.0940831
0.0903179
0.0942023
0.0980129
0.0961187
0.0836267
0.0662049
0.0627621
0.0654652
0.0682557
0.108736
0.0956589
0.121595
0.169947
0.138292
0.122438
0.124916
0.103655
0.120435
0.127615
0.116647
0.119007
0.123243
0.103788
0.103912
0.103183
0.0813955
0.0997409
0.0937477
0.0944382
0.0806839
0.081176
0.079875
0.101464
0.0946193
0.103779
0.131771
0.164244
0.114065
0.0978027
0.118575
0.144545
0.115585
0.13898
0.117599
0.12799
0.11869
0.112857
0.104221
0.110081
0.10949
0.132456
0.112317
0.0978863
0.0939727
0.0917096
0.0860937
0.0917391
0.0846818
0.0921989
0.137547
0.194765
0.137315
0.123309
0.101875
0.113898
0.123738
0.125499
0.124308
0.107933
0.114069
0.1142
0.115864
0.132262
0.0852321
0.085404
0.0957724
0.0809021
0.0813665
0.0686846
0.06375
0.0718086
0.099078
0.101892
0.131941
0.198534
0.131197
0.135933
0.137407
0.135081
0.12745
0.134807
0.146736
0.140641
0.124902
0.107755
0.09731
0.105857
0.104513
0.0998375
0.0816805
0.0678761
0.0752767
0.0670264
0.0796249
0.0888173
0.0894524
0.11095
0.184171
0.126061
0.122429
0.113668
0.121189
0.120177
0.126299
0.160228
0.130101
0.132857
0.106024
0.109565
0.112048
0.10908
0.108367
0.0944127
0.0868382
0.0871462
0.0835324
0.0797774
0.0870854
0.107431
0.103408
0.131054
0.149263
0.149196
0.116387
0.133109
0.113487
0.134677
0.133652
0.162853
0.129088
0.129151
0.0959275
0.120017
0.139963
0.1335
0.11544
0.0934608
0.100649
0.0751342
0.0717509
0.0848198
0.0985913
0.111722
0.144886
0.158951
0.168668
0.153682
0.122563
0.1514
0.136943
0.129286
0.11657
0.100236
0.132018
0.121481
0.117149
0.0993429
0.0867047
0.101101
0.0985993
0.0790525
0.0890993
0.0801248
0.0816735
0.10848
0.123552
0.123781
0.154624
0.218536
0.174148
0.139515
0.144715
0.130278
0.164317
0.146094
0.158755
0.137076
0.117379
0.112779
0.140034
0.127083
0.103283
0.0950206
0.114839
0.11162
0.11521
0.0884778
0.0781188
0.0926107
0.105254
0.147014
0.184961
0.200205
0.167687
0.143217
0.128607
0.176341
0.1907
0.207095
0.170642
0.166081
0.140209
0.121964
0.121059
0.111311
0.105853
0.0939016
0.0974674
0.103975
0.100103
0.0934496
0.0931726
0.101034
0.123641
0.168444
0.191602
0.177751
0.136206
0.131743
0.1367
0.135974
0.153162
0.176701
0.149261
0.140223
0.123385
0.113982
0.102061
0.0899291
0.103081
0.115312
0.0971056
0.0887619
0.0767574
0.0635458
0.0615453
0.0844965
0.12508
0.152824
0.160897
0.208504
0.159443
0.126083
0.147287
0.139073
0.152278
0.175958
0.172836
0.15901
0.145224
0.149355
0.131402
0.124854
0.120876
0.11288
0.0948548
0.0760051
0.0601775
0.0721494
0.109337
0.12738
0.180517
0.175753
0.144706
0.139488
0.156717
0.156969
0.173802
0.195833
0.159928
0.156681
0.130604
0.120631
0.117578
0.100229
0.11086
0.100556
0.0928301
0.0887169
0.0751711
0.0671932
0.0569876
0.0739645
0.0940489
0.088442
0.119948
0.135165
0.12856
0.120032
0.116625
0.115021
0.124337
0.110401
0.148208
0.146278
0.110633
0.129879
0.107172
0.109739
0.102515
0.094913
0.0821229
0.0739107
0.0707963
0.0606612
0.0442401
0.0616064
0.0953426
0.0802471
0.139587
0.172919
0.145016
0.152935
0.126654
0.134632
0.139772
0.156115
0.16161
0.14234
0.124218
0.112733
0.109907
0.103028
0.108101
0.10934
0.0928143
0.0860547
0.0710621
0.073246
0.053619
0.0822508
0.094796
0.096919
0.144831
0.174156
0.151114
0.152806
0.146851
0.162199
0.189219
0.15752
0.158473
0.135728
0.101354
0.100434
0.113808
0.104941
0.0976578
0.101289
0.0807769
0.077008
0.0724774
0.0632071
0.0492577
0.0694444
0.111746
0.0953485
0.138809
0.158723
0.142033
0.118189
0.123485
0.155339
0.171588
0.154666
0.144745
0.142985
0.101298
0.0898818
0.0887995
0.0915184
0.0882031
0.0940313
0.0947101
0.0783
0.080747
0.0641913
0.0538819
0.0753577
0.115963
0.0939848
0.13737
0.171899
0.134025
0.116202
0.111481
0.121878
0.121111
0.127411
0.129568
0.113125
0.0918464
0.083811
0.0901893
0.0848633
0.0827653
0.0729182
0.0687188
0.0652911
0.0597657
0.048923
0.0477129
0.0638228
0.103052
0.0895652
0.124128
0.215017
0.154131
0.151511
0.129569
0.137255
0.141398
0.127036
0.144791
0.117415
0.118756
0.119006
0.113554
0.0979018
0.108439
0.0995096
0.075467
0.0701579
0.0633381
0.0578227
0.0540689
0.0800538
0.0942072
0.110804
0.141097
0.211732
0.181084
0.158333
0.128908
0.116029
0.120866
0.133739
0.143019
0.124923
0.105074
0.0983081
0.09317
0.091882
0.0894471
0.10203
0.0903077
0.104688
0.0749254
0.0649183
0.0571681
0.0727166
0.092596
0.107063
0.140642
0.197115
0.19117
0.103025
0.134268
0.13125
0.119453
0.142299
0.121895
0.128389
0.107594
0.134993
0.137509
0.118356
0.0995683
0.10075
0.0836118
0.0892145
0.0810109
0.0740128
0.0661502
0.0658904
0.0658904
0.0795053
0.100915
0.150614
0.161642
0.18617
0.120856
0.139668
0.148098
0.150741
0.12805
0.123236
0.113632
0.103065
0.102137
0.116293
0.0962192
0.0926035
0.0993384
0.0854255
0.0726259
0.0689721
0.0659613
0.0546968
0.0795278
0.0923462
0.105987
0.165223
0.175538
0.151849
0.177138
0.12136
0.131616
0.145436
0.131875
0.145089
0.138505
0.123758
0.117988
0.110224
0.107445
0.103782
0.0956507
0.101652
0.0850061
0.0855481
0.0793293
0.0749841
0.0956683
0.0981014
0.110381
0.135074
0.163688
0.147275
0.118717
0.154738
0.134536
0.131928
0.126748
0.120754
0.118396
0.103738
0.100345
0.0984735
0.0985118
0.095414
0.0860727
0.0821032
0.072764
0.0627529
0.0587381
0.0479363
0.0682143
0.0759543
0.106374
0.0969247
0.170033
0.124548
0.114636
0.103448
0.116266
0.12661
0.130183
0.120177
0.111587
0.0976241
0.0948384
0.0840584
0.0743294
0.071233
0.0668421
0.0719213
0.0600398
0.0555158
0.0490917
0.0423601
0.060654
0.0777567
0.0873805
0.129605
0.158345
0.138107
0.15068
0.116778
0.0966951
0.123993
0.110816
0.129307
0.125941
0.102138
0.0941742
0.109445
0.0872681
0.0890061
0.0870618
0.0841055
0.0761148
0.0600058
0.054296
0.0519529
0.0924405
0.109405
0.122962
0.147909
0.152699
0.154188
0.115841
0.110201
0.110076
0.108673
0.106679
0.107908
0.11951
0.101548
0.111957
0.101444
0.0753491
0.0653881
0.0892468
0.0813058
0.0938608
0.079748
0.0663934
0.0646178
0.0873961
0.10959
0.126039
0.125468
0.156303
0.147432
0.133877
0.12989
0.141054
0.117336
0.137373
0.113038
0.110821
0.0996883
0.111058
0.145936
0.16586
0.171937
0.183754
0.173424
0.126895
0.107447
0.0718668
0.0693064
0.136761
0.161497
0.183986
0.190462
0.19428
0.170563
0.181725
0.155088
0.127297
0.127476
0.138673
0.124585
0.119408
0.105145
0.104638
0.125439
0.120748
0.0994585
0.10984
0.0994903
0.108298
0.109547
0.129508
0.14333
0.121094
0.110545
0.101602
0.0762835
0.0875486
0.127487
0.125506
0.11415
0.148713
0.159177
0.125173
0.125468
0.136341
0.140141
0.135181
0.126969
0.122722
0.112064
0.102249
0.0998235
0.0981009
0.0950111
0.0947378
0.0939592
0.0895994
0.0939749
0.0869841
0.0758333
0.103484
0.12434
0.12356
0.143133
0.153293
0.144976
0.148345
0.121405
0.125107
0.137014
0.145498
0.12922
0.125492
0.112601
0.108785
0.104249
0.0923049
0.0836208
0.0923567
0.0781175
