19.6587
18.0969
19.3874
21.227
21.1897
19.9787
19.8903
20.318
18.8776
20.1042
18.0442
19.9022
19.3442
20.6995
20.5534
19.5233
18.0291
19.0091
20.5334
18.2895
18.4306
20.5881
21.0231
19.2862
19.9587
21.7828
21.7822
19.23
21.24
20.3758
21.9019
19.9105
21.0988
21.0725
19.9897
21.1825
19.0442
18.489
19.7007
21.7745
20.003
20.541
20.4966
18.5303
19.5612
20.8278
21.888
18.6721
19.6418
18.3804
18.9695
19.507
20.1626
18.9223
18.9103
21.1113
21.8506
19.2945
20.752
19.0323
21.7118
20.6916
21.2107
18.1974
69.3397
68.3755
65.1848
64.769
69.0883
70.8082
61.6511
68.9167
63.5182
63.1089
69.6744
65.4278
76.6825
75.4272
79.9022
77.1363
84.7929
75.309
81.3292
73.8332
77.7358
78.4159
74.9478
77.162
76.0096
71.6634
74.9977
82.7018
83.8294
76.0243
78.0575
72.1623
75.3382
83.9607
81.2056
74.8406
76.0277
84.9667
75.2549
77.2537
82.5306
80.8806
79.2787
86.2922
75.4247
83.7621
74.4556
81.7535
85.9094
79.3074
83.5687
85.1059
74.1586
83.2732
86.6966
81.2024
74.96
74.0133
76.1375
73.6385
80.2105
73.1118
75.5708
79.0348
79.5788
81.0425
83.2858
72.7522
73.2864
72.9702
78.7666
72.6661
83.9365
75.5673
87.0266
79.7817
79.1405
84.4878
83.4097
81.7162
86.9615
78.7554
84.9357
78.0807
85.4134
76.1514
76.6281
82.8458
75.4033
75.6663
76.8841
82.8627
86.23
82.7929
85.2449
80.6968
73.1027
73.6074
80.8702
77.2448
75.5291
79.4601
82.6639
78.1598
84.8406
83.8163
83.7586
87.763
30.6895
32.9262
34.2751
32.509
33.8528
31.4525
32.5791
29.1563
35.1089
33.9201
34.3604
33.2435
20.9935
20.299
24.0337
21.9356
21.3421
22.6763
22.0456
23.0795
22.3274
23.2836
23.9833
21.0361
19.7814
20.2212
22.3726
19.9284
19.993
21.1086
20.149
22.3282
22.0957
20.5349
21.073
18.6697
20.8827
20.9288
19.5301
18.9693
21.7643
19.8014
20.7138
18.2204
19.7506
21.3711
19.6441
20.5106
18.8575
19.685
21.7314
20.2853
21.6285
21.6288
21.7975
21.6023
18.0304
21.7569
18.5676
18.1771
18.2251
19.3994
20.4871
19.613
18.1057
19.9098
19.7723
21.0314
19.1221
18.8737
19.0274
19.2186
20.3967
19.8861
19.3476
19.4973
19.4837
21.8896
18.932
21.2722
20.8328
18.0223
21.9727
21.0258
20.7298
19.6213
20.2208
19.0131
18.1419
21.3441
21.5859
18.6499
21.1482
20.9646
18.7135
19.6873
19.691
21.0399
21.3506
18.3791
20.2519
21.047
21.1448
18.592
20.102
21.4302
19.2741
19.7005
21.2174
18.3573
21.438
19.2446
18.0058
18.9366
18.358
18.3695
20.7713
18.8559
21.739
20.0658
19.8404
19.7371
20.7704
19.8091
18.5144
21.5207
19.7136
18.296
20.1175
20.5894
19.1023
21.2014
20.6791
20.6014
19.6833
21.8477
19.0968
20.3108
19.2362
20.9792
18.1912
18.1836
21.2434
19.7371
19.3647
20.4301
20.8076
18.8048
18.7417
21.8326
20.3587
19.5605
21.2058
20.1006
18.9667
18.8269
19.5874
21.4396
18.2458
18.8741
21.5726
18.4869
20.5185
18.854
20.4235
19.5324
18.4067
20.3299
20.7322
20.7211
20.5481
20.0009
20.0779
20.5426
20.761
20.6195
20.3478
18.6234
18.8425
19.0409
73.7074
71.5278
68.719
64.628
62.7081
73.4231
73.3403
62.7055
72.0421
67.2744
65.606
71.2518
79.3744
81.9461
70.9936
74.7845
74.7958
74.9578
77.6385
74.2324
76.7368
75.5479
81.2518
79.2063
81.9633
74.9171
76.7448
71.9046
73.2916
75.7834
72.6091
81.1523
87.4423
73.1714
84.6288
73.4577
82.6194
82.1918
86.3397
73.7345
76.9547
73.3643
78.4239
86.4816
84.403
83.4661
80.4318
86.0324
79.1721
74.3771
85.3809
76.4559
72.8407
73.9988
81.7253
81.6937
76.1447
83.6148
84.358
86.7072
81.3551
84.4667
84.0456
76.1213
76.9599
79.6519
72.3012
76.7547
79.5783
73.7256
74.0169
79.408
83.6946
85.3392
80.7402
79.5952
78.1477
75.0865
74.3443
84.6695
79.4393
84.6443
83.2645
75.1016
80.1648
79.1041
78.7818
80.681
87.7131
85.0062
86.4592
72.4741
74.2452
73.3561
76.2115
79.0701
82.2728
80.0133
86.4509
87.0377
74.6163
85.6466
79.7075
79.2532
84.559
73.4902
86.1199
82.7338
34.4017
35.1646
32.1152
29.3969
29.8657
30.8712
29.4627
34.0182
30.6999
35.0457
33.2966
29.9099
22.2927
22.2516
22.3665
22.5599
20.2997
23.2346
22.3426
23.7035
23.8128
21.1928
20.3769
23.3105
22.4369
20.2615
19.4954
19.0737
19.6094
19.7752
20.1682
21.1165
19.5509
18.6408
19.9609
21.9367
20.0894
21.9641
20.1106
19.1953
18.8634
20.8778
20.2422
20.514
21.1214
21.004
18.2607
21.3121
20.1501
19.5856
20.1694
20.4694
18.6159
19.6885
19.3609
19.4203
18.383
18.6573
18.6652
19.5116
21.5821
18.8277
19.6685
19.2501
21.1536
18.204
18.7898
18.8462
21.9761
20.287
18.5594
19.0925
18.6713
18.4984
21.1887
19.983
20.5248
19.325
20.2148
19.0303
19.2321
20.609
18.6014
20.4689
21.4089
18.4817
21.5898
18.3178
19.3956
20.442
20.2377
18.3856
21.1957
21.8926
18.7249
21.5805
20.2272
21.7437
18.7043
21.1681
18.2391
21.5328
20.6966
19.481
18.7619
21.2661
20.413
19.4417
19.7753
21.3062
19.3557
18.3585
21.6451
19.5494
19.3936
18.8176
21.5897
18.87
20.5467
21.5231
18.1397
21.3152
19.6424
20.6319
19.4896
20.7821
19.0172
18.0877
21.7912
18.0655
21.2964
18.6766
19.5689
21.29
18.8237
21.4628
19.991
19.4646
20.6498
19.3656
19.3892
20.9341
19.2393
18.8031
21.2306
21.2215
19.9903
20.1066
20.7843
20.0371
19.6682
21.9796
18.5906
20.3709
21.5435
20.7489
21.5237
19.3453
19.088
21.4051
19.5765
20.8387
18.591
21.0234
20.1959
19.0744
19.978
20.7878
18.0475
20.5499
20.1664
18.8811
21.0119
19.2138
19.1074
19.8849
20.7046
21.7154
18.5654
19.5859
62.1111
71.5163
67.2892
70.8142
65.5818
72.6827
68.4737
74.0331
62.2719
68.1942
71.6238
69.3621
70.2
84.9307
74.4691
73.7088
77.3774
78.2543
81.7328
75.9436
76.6682
78.1426
75.9609
84.0338
85.1063
78.8039
71.5711
85.8965
73.5454
75.4567
73.9912
74.4278
84.337
80.7844
86.7737
75.249
79.6744
87.5337
85.1208
83.5575
74.9336
84.2093
77.468
80.392
81.6485
81.6517
83.524
82.4881
73.0764
79.2985
82.6045
76.7175
76.9904
73.9753
78.679
87.7682
76.5467
80.4837
83.8717
72.1986
86.4029
78.1811
85.9017
72.6197
74.327
77.1568
77.5237
85.5606
72.1758
82.2538
74.0974
85.1674
84.4564
79.998
75.4023
82.1511
74.4994
75.0397
82.0263
87.8588
86.2561
81.4889
80.6158
87.9733
80.7582
78.7217
86.5527
75.7468
73.5603
82.1453
73.5335
77.9702
78.7771
80.7605
87.8664
75.5356
78.0121
74.1158
81.7218
83.6427
79.7132
75.9333
81.9342
80.6265
74.7389
78.4909
78.9631
87.7219
34.2354
33.5
34.4882
33.5071
34.5818
29.1491
31.7188
33.5801
32.5331
29.9211
30.9791
30.8338
21.3308
21.6972
22.4665
23.9898
23.4843
23.9019
24.1185
22.0244
21.7102
20.4182
24.3286
20.4549
21.4677
19.9807
22.3182
20.1507
21.7768
19.5898
19.6571
20.8712
22.5197
20.552
22.2671
21.6525
21.2851
19.8386
19.64
18.8578
21.9607
21.9424
21.089
19.2771
19.0718
22.0598
18.3538
21.4769
19.4405
19.6944
21.3484
18.38
19.4353
21.829
20.8162
21.0399
21.0502
18.2598
18.8309
19.9842
19.4763
19.6474
21.1298
18.0622
20.6459
18.0039
18.2557
19.6369
21.3679
18.5836
20.2224
20.718
18.9181
20.0493
21.6456
20.0489
18.6293
20.5113
20.3688
18.1078
18.3624
18.6271
18.5452
19.0379
19.8164
19.4869
21.5626
20.4484
21.5046
20.1082
18.3595
19.8531
21.2881
18.7764
18.3649
19.3177
19.5556
19.225
18.541
19.0034
20.7291
19.5437
20.5302
20.1452
20.1962
18.9942
20.0862
18.0944
19.727
20.2905
18.728
19.0262
18.8781
18.2822
19.3914
21.9159
19.4155
19.8421
20.6123
20.594
21.7996
21.4303
21.1758
21.8065
18.9231
20.4682
21.5488
20.4966
21.9097
18.4014
19.7573
21.9095
19.5183
20.9582
18.1216
20.7793
21.7385
19.5308
18.0852
18.1116
21.5681
20.8901
18.4267
18.2184
21.2193
21.2394
18.4821
19.2061
21.1201
20.1016
21.8263
19.9243
20.7078
20.0391
21.7719
19.5946
18.9192
19.3065
21.4111
19.9918
19.417
20.177
18.5329
18.0214
19.1223
20.42
20.8467
21.3064
21.7067
19.6484
20.9621
18.2987
18.2301
18.4992
19.7943
18.8451
19.1477
20.5915
19.4341
20.2295
66.8087
63.498
62.2067
64.4127
61.9847
69.6131
72.0218
65.8205
66.4647
72.3002
64.2275
62.8206
77.6174
79.8689
79.1466
80.9193
70.7208
76.4857
73.5426
81.6216
83.3848
74.2063
71.3178
73.7732
73.2222
76.6958
80.1275
87.0534
77.9196
75.0675
74.2208
74.32
74.6311
83.6911
72.5386
87.4307
80.2665
80.6115
77.6278
82.9444
79.4478
77.1723
76.1507
86.7062
76.5638
78.8875
77.5123
73.2908
74.957
75.014
83.0784
78.4865
84.4912
83.3232
75.0548
80.9872
83.8664
82.109
81.5807
83.8137
72.905
83.6987
76.3588
81.1461
75.8732
85.417
79.6851
82.2831
84.7012
86.3209
83.709
74.3767
85.6717
81.8965
81.7504
86.7406
75.9806
75.8327
80.2103
84.013
79.1551
82.1415
79.2396
81.7654
85.156
74.8875
83.1259
84.5986
79.1536
77.1716
72.2166
84.7535
77.2469
77.7168
77.376
79.9797
83.24
84.3498
78.2811
82.6096
83.5309
76.7506
73.5459
86.3146
82.8338
82.3697
72.9424
85.0859
32.4227
34.2265
35.0372
34.9254
34.279
28.8701
34.4686
29.2804
34.2476
30.5931
32.7044
29.0436
23.6149
20.6604
21.9999
23.8222
23.2752
20.1871
21.9656
20.3478
23.1773
24.5009
23.0956
21.1652
19.887
22.4324
19.3497
20.732
20.0723
21.579
21.9848
19.8281
21.137
20.6809
19.5725
19.5459
20.2513
18.7054
21.3452
18.3637
18.4665
19.4619
18.561
19.9983
19.6928
20.9875
21.9167
21.1151
18.7358
21.763
19.5873
19.9159
19.7052
19.1405
21.6009
19.3475
20.3339
18.9783
21.2098
21.117
19.1889
20.7302
20.8195
20.2539
20.4063
20.3017
18.331
20.685
19.8829
19.7576
21.4441
18.0964
19.0053
18.4856
18.1414
19.1027
21.9539
19.0809
20.6548
18.4732
20.4074
21.9379
19.1674
21.3923
21.9903
20.3542
19.2376
20.6941
21.3794
18.6854
19.8101
19.2768
19.1334
21.4433
19.6866
19.3563
20.414
18.8776
18.9196
20.0812
19.6371
19.1799
18.2158
20.0831
21.2664
21.4055
18.9418
20.3986
21.4235
19.6349
21.7285
21.6119
18.8325
19.0359
18.7218
18.7842
21.6314
21.7246
18.2076
20.3744
20.2569
19.5622
20.5268
21.7895
18.681
18.4816
18.1336
19.4553
19.3505
19.7233
20.0132
21.0313
19.5685
19.3225
21.3075
21.3992
18.9311
19.2587
21.3005
18.3176
19.3034
19.7934
18.7483
18.7197
19.6994
21.0181
21.3609
21.9169
18.2959
18.8667
21.0265
20.1624
19.3107
18.8224
19.1219
19.7172
18.7086
21.8569
18.4304
21.9423
21.3676
19.6926
20.9593
20.6861
18.8531
19.3563
20.0525
20.5514
20.1716
19.8919
19.7726
19.9931
19.7374
20.1653
21.5519
20.5313
20.8905
20.3899
20.5721
20.3134
61.5654
74.7945
61.6571
66.574
62.6296
62.5182
71.992
66.9926
72.0955
64.9099
64.6879
64.6167
79.4026
82.4888
76.8591
75.7259
84.95
71.652
77.3925
76.1797
71.3629
74.0025
70.2814
83.4503
81.2352
84.5301
79.8628
81.1026
82.7144
86.009
73.0272
76.8314
82.8444
86.8096
87.1668
81.7164
75.0075
73.8187
87.0321
78.8481
75.0269
86.8379
73.584
83.5727
81.9058
73.3157
77.3271
74.3096
81.6524
79.6147
72.0511
87.5903
77.5747
76.113
75.541
74.5232
87.9651
76.7033
78.4694
85.9211
82.2663
77.8954
86.3691
83.9916
75.6428
82.2959
86.7542
79.9395
83.7338
87.5335
83.0426
73.6355
75.9122
81.5208
76.4082
87.3198
78.4849
79.3149
83.2248
80.3872
78.1136
73.2255
81.5423
85.8805
82.972
78.1038
74.0435
85.0612
87.0678
78.2122
83.6581
78.5721
80.0361
85.3835
73.3346
80.4852
75.4339
77.4369
82.3108
72.4356
81.5012
76.535
82.7117
74.2653
83.773
82.3302
87.5398
86.5797
30.6131
28.9748
32.9944
32.6585
28.9755
29.5851
32.5421
34.6357
34.6016
29.7695
31.2613
29.0765
22.2623
23.5338
23.6991
22.3955
20.5895
21.8685
24.3358
21.1887
21.5925
23.5058
23.4464
24.2467
20.0217
20.5398
20.3464
22.2321
21.5832
21.8376
18.9772
21.6754
20.2055
18.5276
18.6781
21.2087
19.5816
21.5755
21.0376
18.1735
20.8471
18.8595
19.7848
20.5973
21.594
19.9195
21.3359
21.2333
19.677
20.0231
20.8219
18.142
21.5839
21.0995
19.0159
21.9458
18.7355
21.6771
19.3164
21.0728
19.8293
20.9499
18.6267
19.0817
18.403
21.4647
19.1889
20.7819
21.285
21.6098
18.4287
21.5762
18.789
20.9476
20.9154
18.034
18.8825
19.9676
19.6801
21.6743
19.439
21.7479
19.8377
21.8574
20.9494
21.3173
18.4195
20.3446
18.5708
19.1905
20.4943
20.9049
18.1567
20.1238
20.2613
18.3153
20.0028
20.8554
18.2129
21.0411
20.3057
21.3329
18.8723
21.3331
18.3782
19.6153
18.7979
21.5041
20.8197
18.1014
18.0381
19.165
18.5731
20.5212
20.6552
21.7678
21.8082
20.6356
18.0227
19.436
20.0526
19.9967
20.4134
21.8422
21.5408
18.4356
19.0639
21.3324
21.2972
19.1015
20.9224
20.6881
19.8941
18.8058
21.5546
20.7114
18.676
20.8192
20.9657
21.5475
18.8914
21.955
18.6136
20.4028
20.6287
19.6758
19.9002
21.5636
20.5811
19.988
18.5134
18.0294
18.4999
21.8247
21.0563
21.8685
18.1428
20.7209
18.1772
21.1282
19.5238
18.3831
20.2722
19.1205
20.6383
20.6327
20.82
21.9699
19.5468
19.8613
21.2184
20.3135
18.149
21.3723
18.206
18.6833
18.4083
18.3117
18.1027
18.2201
67.2172
64.6388
62.9209
70.1584
64.2751
61.4577
66.8905
65.4219
65.533
67.2557
70.2972
69.5841
84.3863
77.875
77.1743
73.1522
81.5635
72.0248
77.4624
76.3789
80.0568
84.0815
84.5312
72.4442
75.7319
84.4762
79.8107
78.7731
82.8698
81.141
87.0062
80.8555
78.9788
80.201
84.427
81.312
82.2539
87.438
81.7961
77.9909
82.9615
82.4523
72.1349
79.3819
83.7858
79.8887
84.3726
79.1191
87.7121
76.6679
73.4563
78.8613
80.648
77.5669
75.8583
82.7331
78.0153
82.0822
84.4449
84.1558
78.0012
81.0825
79.1907
85.9288
86.056
77.4961
73.4643
74.6777
77.8683
81.0241
82.5046
77.2982
82.6792
87.003
82.4314
74.5363
81.2739
80.6696
85.9304
77.6041
78.7664
81.5778
80.39
83.5035
72.6461
81.0161
73.9466
77.0432
82.5859
74.5185
76.9413
83.2479
82.4127
73.4565
81.2361
74.3559
76.0363
79.3473
73.7495
87.8983
74.6459
84.501
85.2774
87.9114
78.8584
85.9855
87.3206
74.7663
31.8684
29.1841
32.7726
32.521
30.1064
33.9066
29.0385
33.9598
28.9705
33.0037
29.3041
30.4078
23.3942
21.4162
22.4501
24.2603
20.3824
23.7936
20.4524
20.728
20.6945
24.6136
20.9672
24.1775
22.4909
20.004
21.0168
21.6232
20.0403
19.0948
20.2087
21.5937
21.63
19.3763
19.1487
22.2026
18.2632
21.0395
18.273
21.4541
21.7254
19.2818
18.3836
20.0184
19.286
19.763
20.7591
18.9297
19.4465
21.1505
20.5948
19.3236
20.677
21.0815
20.3895
18.9762
18.0183
21.2318
21.311
20.8104
18.3098
20.3448
21.2882
19.5624
18.7956
20.3544
21.3093
18.199
20.3917
20.5766
20.4134
20.6041
20.5255
18.5216
18.9397
20.476
18.0708
20.539
20.6615
18.9567
20.3925
20.1364
19.0428
19.8519
21.6385
19.7064
20.5194
18.1414
18.3112
18.3252
21.113
19.401
18.9104
20.9893
18.6798
18.986
19.7237
19.3258
20.3416
19.3514
19.5718
21.4515
21.5381
21.3108
21.4593
20.2789
20.5849
20.2287
21.1424
20.204
18.4443
21.2383
21.0423
21.2812
18.7617
19.0865
19.183
20.0323
18.5355
19.5415
18.7286
19.0591
20.8256
21.4192
18.0916
20.2636
18.1442
18.341
20.8203
20.9424
21.2559
19.897
21.4392
18.6674
18.9989
18.538
21.1901
18.9147
18.622
20.4924
18.3083
18.1796
18.4269
18.001
20.788
20.2489
18.8395
18.932
21.2439
20.0073
20.7941
19.811
18.9509
21.8816
20.2626
18.5239
19.6244
19.3173
18.8563
21.7338
21.5237
18.7966
19.4086
21.0493
18.834
20.3663
20.7992
20.6159
20.8256
20.8268
21.8592
19.386
21.5144
18.0872
19.1528
18.1946
20.6048
18.4032
21.3828
20.5864
61.5919
70.921
72.9237
70.1912
61.6151
72.8677
71.1615
66.3469
65.6694
67.7256
72.9926
64.628
71.407
83.2592
70.248
83.9787
74.5852
77.7276
71.8932
83.843
81.4775
84.1829
80.4437
72.7064
76.4707
79.3108
81.2258
86.3024
77.6744
82.7497
86.8519
73.9914
85.2885
78.2589
83.2164
76.2364
77.2509
72.3472
87.4374
84.9132
73.4145
87.8866
81.5824
85.5569
72.9789
78.1373
82.6152
73.6145
79.8033
79.0639
75.4385
76.7859
87.4529
76.6
75.3967
80.56
82.7155
83.5814
84.0478
72.5719
78.2964
84.3793
86.4735
81.6313
72.8334
78.3426
73.1841
83.9726
73.0126
74.9681
78.6676
79.3986
78.503
79.4136
83.411
77.9076
80.7632
76.8532
77.6573
81.82
79.8471
83.5678
80.9678
84.8564
79.0944
79.8564
82.7194
75.5398
78.1747
81.9973
72.4619
78.9914
81.5814
87.4778
86.0321
76.4917
80.1153
72.9026
75.852
84.3977
73.973
76.123
87.1046
85.1817
84.5092
85.8329
83.9937
73.9294
32.106
31.6432
30.7914
34.1379
31.7705
29.1859
30.5598
30.2632
34.4799
32.9436
32.3864
32.0425
23.0725
23.5418
22.6436
24.3635
24.5362
24.6191
23.1589
24.3381
21.9721
24.011
24.2331
24.2105
21.8351
20.0974
19.0829
19.7999
21.5748
19.3859
20.391
20.7479
20.9054
22.2647
21.1415
21.6527
20.4251
21.4367
19.1461
18.9299
21.8095
20.8736
20.7854
19.9646
19.6004
20.3198
18.571
19.914
19.8405
20.1727
20.5585
21.8502
20.6285
21.5556
20.2446
20.5274
18.2969
18.5508
20.3382
19.6017
21.1993
20.1766
21.5333
21.8935
18.5941
19.5831
20.6639
19.2256
19.0718
21.259
21.9257
21.0993
20.0947
19.77
20.1586
19.8514
20.0116
18.8138
21.615
21.0181
20.7239
21.7997
19.1376
18.3246
21.3046
21.9937
20.3137
18.2352
21.1219
18.295
20.1601
19.1101
21.6601
19.8053
21.5939
19.1963
19.5495
21.7885
18.8053
20.314
19.554
21.0967
18.5172
19.7489
20.7957
19.6281
18.2341
20.8204
20.0128
18.0452
20.4506
21.6795
18.4441
20.3627
20.9147
18.2831
18.0905
19.8568
21.1647
18.6429
21.3465
20.6263
19.3287
20.0633
21.8623
18.8657
19.9981
20.4979
18.5521
18.1741
18.0538
19.2988
18.2958
21.2151
21.9893
18.2452
19.7309
18.1029
18.536
19.2917
19.5748
21.7591
19.5833
19.9851
18.9823
18.0005
21.5973
18.3269
21.857
18.5234
20.4195
21.9976
18.5539
19.6958
21.1217
18.1288
20.7591
18.3215
18.9461
18.6403
21.6293
18.7218
18.1617
20.3505
19.3847
19.6228
18.4763
20.9929
20.4062
19.4569
18.6863
20.3738
21.1144
19.2496
18.1034
18.8574
20.7296
21.9564
18.0535
19.2246
62.0435
65.5024
66.7204
73.7237
62.2956
71.769
66.5793
72.2332
68.1823
61.7342
74.0684
62.3252
79.116
83.4614
71.078
78.4364
82.633
85.1478
81.0816
74.1597
80.6973
80.7935
80.7035
83.0981
72.9577
73.2923
81.7564
86.7385
78.9767
86.8448
86.4873
85.9279
86.0383
85.8549
84.6075
82.6209
72.3037
74.0271
74.0587
72.2898
73.7786
86.6119
82.5217
76.9008
84.5921
79.7181
74.1849
86.0487
77.4
83.1618
76.6311
79.9819
85.0396
74.4906
87.615
73.1059
80.5248
86.6356
87.1102
75.6956
74.3002
83.5864
72.6681
79.76
84.7376
80.9602
75.0046
79.7889
86.7362
81.8715
83.5398
77.3765
75.015
76.0895
80.5301
76.4828
80.6707
83.3239
83.7495
74.6342
84.0061
82.7622
72.1914
72.9413
82.3398
78.1391
74.3375
72.7102
74.5502
87.3201
83.6409
80.4431
87.0645
81.9056
83.6102
76.5223
81.4237
74.2956
78.4717
72.5318
75.466
73.1979
78.2044
85.4885
78.0469
85.3062
82.5039
80.1524
30.3161
34.7018
29.1469
33.209
32.7759
31.6227
30.338
31.5564
34.3857
34.1553
34.8248
30.7699
21.8942
20.2439
24.3844
21.6357
21.9707
24.227
22.5192
22.6965
20.9495
22.394
24.2736
22.6631
19.477
18.5597
19.8095
20.7773
18.6065
20.9297
20.5759
21.641
18.5503
21.6304
20.5655
19.9497
21.9665
18.73
20.2621
19.3765
20.2065
20.3061
18.4459
20.7436
20.6365
21.179
18.4508
19.2811
20.6202
18.5647
20.7303
18.2536
19.3583
21.4074
21.1174
20.5988
21.5025
20.8571
20.0968
21.9399
20.7834
20.4094
19.6393
21.6138
19.1865
18.0403
18.7906
18.4416
19.2797
21.3076
20.6101
18.6795
21.1553
20.0169
20.0509
19.4484
21.4585
19.2733
18.3766
19.2109
20.8614
20.6303
18.7521
18.4471
20.6435
20.7055
19.4646
21.3712
21.9128
18.8226
20.3083
18.0214
20.8522
19.6571
18.7731
21.0089
21.2426
18.4447
18.164
19.3363
20.504
21.1737
20.1842
20.323
21.1994
20.1154
20.4446
20.0649
21.5218
18.9421
19.056
18.5118
21.2779
19.6471
19.3916
21.9254
21.7072
21.888
18.5692
21.565
19.3148
18.0506
19.5652
20.0368
18.4329
20.1507
21.2779
19.5106
19.4106
19.3552
21.6924
18.195
19.7803
19.0584
21.5752
18.3842
19.6458
19.6273
21.5536
18.862
20.5796
18.5376
21.8159
20.3721
20.505
19.7351
19.3691
18.8507
20.416
21.8182
19.4392
21.5326
18.5951
21.7445
19.4019
19.5189
19.8514
20.873
20.8786
19.9184
20.0926
18.12
19.2172
19.3841
20.2349
20.2332
20.8396
20.8681
18.9408
21.0807
18.0784
20.8646
18.4082
20.9186
20.1085
19.749
20.7627
18.1455
18.8939
20.4658
21.3889
19.5244
19.035
20.0749
20.4893
19.6804
21.5068
20.0938
18.1433
18.8922
19.8026
20.7909
18.879
21.905
19.2742
20.1299
18.0759
21.5396
21.1553
18.7818
21.7329
19.2634
20.7687
21.2759
20.9637
21.6703
21.4571
21.9784
18.7304
19.219
20.5449
20.9322
20.1384
18.2957
21.3664
21.8435
19.6221
18.8992
18.0773
18.9492
20.7997
21.6464
18.3741
20.213
20.7821
19.1055
20.2796
20.861
21.3509
19.81
20.9914
19.2071
18.8522
18.7493
19.4355
18.1435
19.132
20.6089
20.5917
18.2942
19.1497
20.2782
19.2742
19.672
20.8512
18.0371
19.1056
18.5695
18.5104
21.8362
19.5062
20.1084
20.9353
18.1898
18.9641
21.3286
21.448
19.4918
19.4994
21.0276
19.1803
18.4684
19.0301
19.5494
18.2088
19.9147
20.96
20.055
18.2876
19.7606
20.8356
18.2324
18.2394
19.4824
18.7799
21.7391
20.3254
19.1493
20.8191
19.4997
18.5285
18.9489
20.571
18.2075
19.0908
18.8332
18.8045
20.731
21.3033
20.8635
20.5829
21.6658
18.2336
18.6699
19.6576
19.4898
19.6722
18.8258
18.598
20.0368
21.7122
19.5679
18.1734
20.8247
19.1644
18.9804
19.297
20.8953
21.2753
20.3522
19.2899
19.2419
18.4972
21.7332
20.5526
18.1079
20.6495
19.7886
21.8902
21.2763
18.6853
20.8804
19.9423
18.7482
20.795
20.1896
18.1215
20.5864
20.5399
18.5763
19.396
20.3436
18.5551
21.4109
18.1099
18.4113
18.4644
20.1124
20.4805
19.615
19.1547
21.2373
18.2731
19.1212
18.1565
18.0556
19.4135
18.7793
19.0735
21.2838
18.6519
21.1209
20.7002
19.3058
20.1862
19.7777
18.5136
21.6287
20.2785
21.521
21.2953
18.3191
18.8291
18.581
21.3231
21.4498
20.1119
18.4167
18.5425
21.2542
21.7168
18.7979
18.0446
19.3238
18.122
21.3119
19.966
20.5674
19.6459
19.382
18.8888
21.0821
20.7822
19.4429
19.2845
18.005
18.2542
20.493
20.0584
19.7392
21.31
20.0156
19.538
18.645
21.2828
20.305
18.3698
20.5956
19.7003
21.2455
21.6757
20.4019
20.9265
18.2264
20.241
21.0214
19.987
20.3742
21.5958
18.7924
18.393
20.7626
21.2914
21.402
20.5666
21.3329
20.8027
18.3495
21.0482
18.7174
18.9464
19.5786
19.2583
19.2866
18.677
19.1755
18.0787
19.8916
21.0744
21.449
21.2817
19.6658
20.9217
19.1516
18.2222
20.7039
20.5952
21.2065
20.4644
18.6276
21.4126
20.509
21.2304
21.0964
19.1915
18.2982
18.706
18.3714
18.9736
19.8381
21.6272
21.4881
20.8744
18.0964
19.3656
20.7294
18.5161
21.2044
21.6583
19.4164
20.8234
18.5928
20.7633
18.0858
18.6031
20.8395
20.8474
20.5647
67.6922
70.3788
71.7237
74.3442
73.2855
72.0057
70.6487
69.0085
62.8403
63.4516
72.3558
72.1251
79.3764
76.6508
70.244
74.9178
76.3683
77.3799
84.2631
71.5272
77.8928
75.5502
85.2063
83.2161
78.5465
87.4672
79.7437
74.2258
80.4086
75.1656
81.6879
86.477
84.0717
75.9124
76.2892
72.67
76.482
73.3938
79.8952
83.2336
83.9181
72.8649
77.3464
76.5188
73.5804
77.7062
76.697
82.0534
86.1122
79.2584
83.9265
74.3183
86.2987
74.4236
75.0556
73.6857
76.9364
80.8192
87.7868
84.6736
78.0832
81.2096
81.969
85.1595
83.7792
81.1048
82.703
83.9307
74.1267
75.2037
83.0134
85.6027
78.5474
87.6774
75.4564
78.6664
78.0556
86.8839
76.5653
79.5319
74.995
80.3395
85.7176
76.8639
84.9725
86.5808
73.1672
84.1026
76.0853
74.8051
81.6178
83.2895
78.316
72.6266
86.5391
83.6918
76.3466
79.9498
72.4447
77.4285
80.3605
80.2755
75.3309
84.4279
76.7818
81.2865
76.3443
78.8027
30.1281
32.8512
31.5237
28.9031
28.9803
31.8153
29.9726
32.5443
31.4124
32.9883
34.8953
32.1839
23.6875
23.5336
24.2896
21.1188
23.8664
24.2167
21.9196
21.5659
24.4251
22.9718
21.8654
23.7074
19.6791
19.1546
20.6601
20.7512
21.8143
20.304
21.7685
19.7072
20.7887
19.2859
20.0108
21.9445
18.9545
21.3429
19.2233
18.225
18.5282
21.0842
19.1397
20.7155
20.8966
19.4735
19.9952
19.7092
21.8103
19.2983
18.7513
19.4811
20.6979
20.8094
21.7171
21.5477
19.1717
19.8397
21.0092
21.6869
19.3524
19.7816
21.6021
19.4377
19.9259
21.6222
21.213
18.9774
19.3029
19.4156
21.6551
22
21.096
19.9373
18.0407
20.79
19.5574
20.5319
20.4268
19.9233
21.7775
18.0926
20.8485
19.6394
20.8552
20.7009
18.041
19.1414
18.7564
18.6679
20.9139
18.9582
19.899
18.988
20.3209
20.8823
19.3243
20.4121
21.2994
18.3769
20.8427
19.2926
18.4906
20.1826
18.905
21.2854
18.1716
18.3946
20.084
20.3558
20.9195
19.037
21.367
21.8126
19.9962
21.0421
20.0994
18.2779
19.3044
18.3499
21.9555
18.9161
20.5436
19.1374
20.613
18.8416
21.1411
18.4432
21.5806
21.3617
20.7152
18.2697
18.8343
21.4374
18.4879
18.6237
20.176
19.0967
18.8883
20.3033
19.4903
18.5622
20.1394
19.548
20.9381
18.411
20.4825
19.746
19.6242
18.9292
18.1217
21.3908
19.3056
20.7244
21.7903
20.26
19.5886
19.0731
21.7362
20.7283
20.6611
19.7046
21.3802
20.8547
19.1327
20.3983
19.7208
18.0264
21.2305
18.4913
20.0398
19.3449
19.3684
19.9095
21.9881
19.6335
18.7293
20.4544
18.9452
18.4222
61.8824
61.5112
67.0638
67.0035
63.7234
71.8627
62.9581
73.6483
69.191
61.5756
74.2964
65.388
76.8236
74.2519
81.1451
77.3778
71.8944
71.4572
81.0978
73.5195
71.9786
77.5911
82.2989
74.1667
75.9644
84.83
73.9191
81.3764
86.7565
84.9481
72.5511
76.6559
73.8323
86.6647
87.2484
75.3053
82.6159
85.3635
75.648
74.9129
72.0928
78.4971
86.2873
86.3439
73.955
75.1793
78.4345
84.3886
81.77
80.2023
81.4514
73.5215
79.6235
87.8519
73.3975
80.2887
76.712
80.6193
81.1616
81.2201
85.6312
78.2322
80.2578
72.1714
84.6287
76.1481
85.0608
76.2466
72.1692
74.4737
87.7667
77.1131
73.7405
73.8994
76.9647
72.6016
80.183
75.4191
80.3082
74.2515
78.877
81.5659
72.9913
78.3792
76.8402
75.8456
81.6724
81.4165
82.091
74.542
76.5712
75.3547
80.6479
79.3769
77.2846
84.5761
73.5036
87.5983
73.8647
84.3691
77.8917
85.8442
73.1867
77.9955
77.3671
87.8905
87.7688
75.0368
32.8317
32.2273
29.788
29.8738
35.1312
31.6975
29.6051
30.1747
30.5174
32.0699
30.9475
31.7121
20.9059
21.6237
20.475
24.1459
21.0504
23.5509
21.726
22.2853
21.4648
23.2801
23.9436
21.4425
19.4241
21.2232
19.2313
21.0528
18.8188
20.9721
20.5349
18.8986
21.0907
20.2611
19.3213
19.8795
20.0643
18.4544
21.9352
20.7614
18.4985
21.3936
19.3828
20.4851
19.2003
21.0341
20.9923
20.3052
18.9819
19.0331
19.5502
18.5979
19.3692
20.7573
21.3439
19.3489
18.9525
21.351
21.5835
19.6589
18.1111
20.7838
21.1402
18.0756
20.384
20.3574
19.5186
21.0031
19.7165
20.7111
20.0723
18.9975
20.426
20.9476
21.8956
19.5204
18.2579
21.9519
20.4952
21.7858
18.4153
19.3681
18.5357
21.342
21.5214
20.0052
18.7464
18.5085
20.3527
20.0255
20.7792
19.2208
19.6095
18.0854
20.4406
19.6926
21.6791
20.5671
19.5948
19.0544
21.6211
18.0651
19.3076
21.774
20.6161
20.1309
18.8141
21.3335
18.8168
18.993
18.7674
18.6326
21.8132
20.4081
20.5513
21.8173
18.9223
18.0237
20.3955
20.0314
19.9106
18.2475
19.8177
19.1502
19.0983
18.8895
19.3301
19.4125
19.2351
21.915
21.7309
20.298
21.9242
21.9648
19.4238
19.7808
21.8362
20.4345
18.8517
20.7575
18.823
19.3574
18.9102
18.9799
18.0186
21.5228
19.184
18.3455
18.3479
20.2241
21.9717
18.5801
18.3985
19.7532
20.2533
19.1775
19.2101
19.6979
19.2566
21.6613
18.1678
18.9383
21.2342
21.3358
18.4462
21.8951
20.7734
19.0904
19.8242
19.1886
18.6001
19.1647
20.3204
21.3039
19.4541
19.3916
19.872
20.5782
21.0065
19.3072
69.1744
66.4953
70.943
63.4396
64.6942
66.9944
73.296
68.9972
74.3294
62.6046
67.4584
66.8995
79.1552
82.4417
82.8993
80.2414
79.7966
84.5689
75.7948
82.7648
84.1417
77.4687
81.1557
75.6913
74.0948
80.8958
74.6927
78.8457
85.4503
72.936
72.0519
81.2134
76.8332
78.2149
78.0204
72.9456
71.9706
86.2711
75.3942
78.7227
87.4458
85.1259
73.6384
80.0401
83.5808
83.0745
84.0725
79.2241
74.7968
79.4189
82.3464
81.7179
73.1108
73.0217
87.4231
74.411
76.693
84.2619
78.536
74.8855
79.4719
81.0993
79.2405
86.699
76.5515
82.5774
73.7932
78.2728
83.8519
75.5934
81.4324
74.4514
73.6425
80.371
82.7994
73.8132
86.6836
75.6116
73.9189
75.2425
74.7124
73.4501
84.7646
79.9278
78.2162
87.2099
77.936
74.6714
76.3845
75.8233
79.9797
76.6639
80.2568
82.7085
84.4366
83.3624
75.2894
73.8544
80.6792
75.1826
73.3589
80.4335
77.2287
84.0984
77.027
87.6594
84.1363
72.9231
32.0568
32.4008
33.2499
31.9859
31.894
31.1548
30.5373
34.8557
30.8326
29.2059
29.8706
34.2866
22.7881
23.6489
23.7833
23.8481
22.6267
20.9535
20.8241
22.7314
21.802
22.6601
22.3932
22.8578
18.5635
18.5665
21.3877
19.223
21.1034
20.6708
22.4534
21.8538
20.1242
20.9568
18.9124
20.0146
21.036
20.589
20.0336
18.7959
21.3144
19.1843
21.3841
20.5446
19.5845
18.2496
19.0205
21.6598
21.2923
20.3189
19.8844
20.6083
19.8841
20.597
19.2481
21.3745
20.8276
19.3384
21.3431
19.9685
