0.532838
0.48366
0.476442
0.430172
0.370468
0.327747
0.345799
0.458294
0.597031
0.717708
0.628824
0.588384
0.43137
0.345467
0.374479
0.467618
0.42353
0.540993
0.457628
0.29712
2.58637
0.989893
0.563328
0.476728
0.413036
0.338346
0.313968
0.23606
0.232183
0.25149
0.45567
0.664009
0.615422
0.539525
0.550953
0.401199
0.543892
0.5644
0.577012
0.495537
0.544463
0.56637
0.332204
0.559799
0.79094
0.601759
0.519919
0.481757
0.494391
0.402106
0.390801
0.360381
0.318917
0.329416
0.435181
0.598755
0.638178
0.565587
0.516295
0.392102
0.327421
0.49322
0.409999
0.284992
0.330568
0.278553
0.207567
0.231124
0.238758
0.240014
0.251465
0.201623
0.201254
0.216521
0.236426
0.266836
0.334192
0.464275
0.581988
0.586533
0.541995
0.465542
0.362538
0.325497
0.284527
0.282179
0.266194
0.25133
0.245867
0.240692
0.338271
0.266575
0.309224
0.29601
0.247982
0.213128
0.200776
0.209153
0.238646
0.261616
0.304906
0.445144
0.535866
0.567719
0.540897
0.477773
0.381394
0.359206
0.344576
0.392948
0.341597
0.30078
0.33642
0.305141
0.448937
0.358118
0.94656
0.278022
0.193992
0.209616
0.218808
0.273184
0.25726
0.287153
0.313525
0.370568
0.410107
0.451242
0.417342
0.38329
0.386446
0.35873
0.41124
0.441354
0.466218
0.340755
0.391369
0.380499
0.464595
0.507827
0.506791
0.468097
0.329348
0.332247
0.405727
0.418033
0.448435
8.41464
0.258194
0.653892
0.669163
0.698539
10.4528
0.470929
0.688609
0.570687
0.601529
0.716809
0.683617
0.584994
0.593656
0.56376
0.537268
0.572434
0.543427
0.482264
0.383527
0.349501
0.299825
0.316484
0.334175
0.460945
0.566813
0.562964
0.644147
0.721187
0.709506
0.633966
0.919051
0.436799
0.529542
0.509168
0.4439
0.438537
0.42724
0.408486
0.394103
0.387002
0.394295
0.3845
0.359557
0.327875
0.256625
0.256088
0.259837
0.384016
0.436213
0.524421
0.593602
0.592774
0.571871
0.553453
0.53886
0.47817
0.52285
0.495303
0.468976
0.371271
0.411913
0.363459
0.367292
0.344082
0.296078
0.296388
0.262861
0.209226
0.241878
0.255726
0.297722
0.445927
0.510129
0.600258
0.618303
0.659313
0.589175
0.535336
1.49276
0.417481
0.443884
0.338466
0.39387
0.331547
0.339658
0.36887
0.328353
0.399083
0.291145
0.270822
0.249957
0.208295
0.216723
0.245887
0.277297
0.371444
0.453532
0.506517
0.547614
0.521387
0.488467
0.511313
0.492561
0.47935
0.488602
0.570127
0.439956
0.270463
0.366587
0.350878
0.303625
0.319117
0.275382
0.268326
0.25183
0.210278
0.208724
0.214822
0.223234
0.264764
0.336645
0.424834
0.465717
0.484599
0.4552
0.439075
0.424597
0.372789
0.383294
0.353305
0.350036
0.29226
0.339306
0.35676
0.331501
0.298604
0.284487
0.24894
0.247994
0.218874
0.218144
0.215317
0.247312
0.289805
0.370715
0.444541
9.62758
0.299316
0.600257
0.516878
10.5523
0.236278
0.398388
0.39147
0.369402
0.360516
0.381611
0.386481
0.427347
0.452946
0.322811
0.245316
0.304141
0.268666
0.250987
0.258279
0.422283
0.290541
0.429787
0.355203
0.487421
0.663245
0.629866
0.612021
0.530361
0.468315
0.475247
0.515511
0.467559
0.418504
0.380975
0.536259
0.34695
0.401619
0.380387
0.367295
0.309246
0.338191
0.327432
0.374677
0.413187
0.469015
0.520907
0.60446
0.605735
0.682806
0.706102
0.70072
0.594383
0.592165
0.551354
0.608883
0.691649
0.332274
0.465759
0.421471
0.419897
0.411997
0.479998
0.411945
0.334917
0.270648
0.24238
0.274941
0.289314
0.423232
0.466611
0.523253
0.58222
0.617321
0.552955
0.510387
0.452663
0.435567
0.453078
0.432723
0.418721
0.433316
0.455294
0.433696
0.432864
0.402606
0.321699
0.289217
0.266278
0.236805
0.247918
0.260832
0.300109
0.392499
0.440181
0.507863
0.776052
0.564876
0.446935
0.599305
0.539156
0.487767
0.476289
0.441625
0.402771
0.373886
0.357918
0.335693
0.320566
0.289116
0.314846
0.299486
0.23309
0.201063
0.20404
0.227263
0.231202
0.345985
0.36245
0.398439
0.430577
0.456182
0.460301
0.423716
0.427415
0.370982
0.392529
0.374785
0.322961
0.304857
0.333823
0.423355
0.442277
0.44237
0.385479
0.356943
0.282629
0.26056
0.266122
0.301016
0.310637
0.410687
0.463073
0.493108
0.544516
0.551596
0.592682
0.60341
0.647925
0.648013
0.489787
0.453518
0.435354
0.402201
0.406934
0.399298
0.397139
0.385018
0.359738
0.37967
0.337633
0.30496
0.304933
0.301978
0.303107
0.512721
0.544464
0.551234
0.553495
0.611475
0.598813
0.623376
0.581542
0.567904
0.662729
0.635894
0.660412
0.544378
0.682796
0.703522
0.701214
0.689928
0.552423
0.584776
0.546281
0.478517
0.460037
0.42096
0.427053
0.549322
0.525252
0.830721
0.703326
0.531785
0.657001
0.627151
0.570953
0.538716
0.508012
0.500471
0.46593
0.387813
0.380338
0.381977
0.388667
0.403493
0.75426
0.336313
0.308559
0.29832
0.464432
0.308753
0.291212
0.452342
0.304835
0.297348
0.48571
0.535809
0.55247
0.55468
0.535467
0.467778
0.426954
0.427393
0.404486
0.350204
0.339554
0.324572
0.349281
0.274486
0.749951
0.786538
0.816173
0.868192
0.784014
0.844178
0.261589
0.349869
0.423038
0.465359
0.540637
0.310451
0.519199
0.436339
0.503602
0.833675
0.875981
0.223802
0.725673
0.614656
0.691651
0.766413
0.543644
0.583195
0.618745
0.559451
0.567614
0.572049
0.844724
0.733433
0.587585
0.796235
1.29679
0.772949
0.455893
0.608003
0.548453
0.446146
1.55457
0.75865
0.493098
0.555308
0.64022
2.1203
1.53391
0.63162
1.03594
1.04113
0.842248
0.697977
0.52348
0.551489
0.568276
0.866892
0.289193
0.644707
0.525504
0.3629
0.500301
0.438339
0.407287
0.429309
0.705734
0.657358
0.395966
0.46259
0.712777
0.696524
0.863011
0.89482
0.571347
0.664167
0.681146
0.733196
0.667334
0.603446
0.65697
0.497522
0.424977
0.514797
0.564027
0.583974
1.36256
0.316803
0.461527
0.391439
0.664007
0.738111
0.431863
0.511419
0.685791
0.682388
0.669145
0.741439
0.514685
0.626788
0.640202
0.656394
0.5899
0.610863
0.560081
0.463537
0.421426
0.45439
0.463081
0.480588
0.500382
0.465553
0.43361
0.496783
0.606651
0.626607
0.371988
0.428587
0.614654
0.582711
0.584351
0.443356
0.446554
0.469229
0.489383
0.160042
0.14263
0.136408
0.206435
0.36003
0.450892
0.564708
0.53094
0.570281
0.499488
0.427912
0.65014
0.254707
0.338479
0.230554
0.220324
0.211605
0.178756
0.169106
0.169174
0.166264
0.332318
0.193808
0.13609
0.154181
0.132043
0.175192
0.190733
0.264385
0.484584
0.254405
0.492096
0.551471
0.51529
0.431736
0.321267
0.490512
0.584304
0.544943
0.373287
0.500801
0.613113
0.579918
0.74747
1.52512
0.517482
0.579997
0.570246
0.595623
0.588968
0.571378
0.506287
0.411307
0.448947
0.511619
0.551945
0.533693
0.541203
0.464481
0.441773
0.388858
0.441963
0.58581
0.374043
0.297058
0.343655
0.453558
0.544586
0.565615
0.48884
0.510071
0.434404
0.558055
0.711525
0.613503
0.601267
0.67537
0.267389
0.388656
0.416957
0.44659
0.430319
0.371727
0.360141
0.343091
0.410909
0.281366
0.295097
0.258614
0.236877
0.226811
0.228572
0.346341
0.413801
0.41326
0.427908
0.553245
0.359995
0.547353
0.332505
0.29915
0.338713
0.393803
0.413565
0.446305
0.398478
0.381793
0.347513
0.361427
0.307724
0.306667
0.300692
0.274865
0.264504
0.258296
0.281759
0.320198
0.596304
0.457267
0.428945
0.469533
0.45564
0.407852
0.304635
0.326486
0.378022
0.429691
0.421697
0.484168
0.444613
0.434237
0.390201
0.397313
0.36687
0.417927
0.34077
0.26067
0.299584
0.289433
0.290488
0.270638
0.294909
0.234792
0.224502
0.208237
0.230379
0.217073
0.270446
0.784133
0.225891
0.624102
0.54009
0.636013
0.538367
0.526973
0.423724
0.439475
0.436876
0.599085
0.598102
0.574486
0.65441
0.676326
0.625671
0.518763
0.306509
0.222543
0.238742
0.216867
0.260681
0.349202
0.48534
0.500499
0.499003
0.649104
0.652727
0.620838
0.873594
0.703273
0.629699
0.559662
0.60211
0.59918
0.601518
0.623031
0.613732
0.591015
0.597202
0.617226
0.287022
0.231902
0.224
0.241493
0.233556
0.280215
0.275579
0.386395
0.462706
0.504761
0.587333
0.571371
0.543939
0.493924
0.841898
0.348113
0.40814
0.362813
0.387078
0.480271
0.495409
0.55062
0.584733
0.591701
0.284195
0.237721
0.229569
0.231456
0.250608
0.283509
0.292765
0.539751
0.460583
0.460583
0.458415
0.531832
0.520626
0.520362
0.469806
0.43367
0.381056
0.310463
0.382683
0.664007
0.501236
0.494123
0.547747
0.566933
0.255686
0.229467
0.220397
0.257295
0.248276
0.316675
0.34215
0.408964
0.455752
0.480086
0.526419
0.490074
0.527739
0.488338
0.500554
0.407356
0.403069
0.379248
0.441555
0.391388
0.478375
0.428994
0.47876
0.616206
0.309624
0.256096
0.346764
0.283938
0.289805
0.282763
0.381442
0.431515
0.462682
0.449031
0.459005
0.532975
0.501922
0.49619
0.454019
0.43791
0.597533
0.422481
0.450587
0.396806
0.390865
0.38297
0.427849
0.595515
0.315128
0.303507
0.355228
0.276665
0.270216
0.223144
0.348475
0.441001
0.5
0.542157
0.578035
0.546826
0.64735
0.658978
0.620016
0.496723
0.468162
0.452319
0.601839
0.434088
0.428344
0.403791
0.425364
0.386666
1.03635
0.31918
0.333869
0.298698
0.30723
0.348001
0.38647
0.447908
0.648676
0.355133
0.488045
0.51144
0.523532
0.522225
0.511465
0.465431
0.448606
0.444531
0.480818
0.512234
0.533638
0.545867
0.619642
0.634364
0.373
0.357238
0.260393
0.293515
0.330351
0.536033
1.10579
0.766062
0.404038
0.663882
0.709337
0.584465
0.672526
0.757396
0.721707
0.631485
0.667462
0.550251
0.621858
0.652819
0.653821
0.67138
0.762688
0.796465
0.370001
0.353122
0.257429
0.241682
0.26159
0.411768
0.572416
1.6912
0.582982
0.414933
0.755877
0.774006
0.809245
0.845029
0.809376
0.698642
0.654196
0.727339
0.587542
0.583723
0.579169
0.636099
0.71062
1.12772
0.261333
0.212648
0.215434
0.286087
0.442251
0.561652
0.60601
0.569009
0.583897
0.693068
0.619728
0.601786
0.601786
0.350365
0.602443
0.578242
0.539501
0.54843
0.553867
0.541021
0.544577
0.495286
0.533503
0.516875
0.449937
0.512907
0.570214
0.542444
0.595045
0.560089
14.1273
0.220689
0.577987
0.631517
0.604616
0.576851
0.586969
0.613912
0.632854
0.46651
0.353405
0.386992
0.483967
0.375827
0.304162
0.337421
0.316438
3.30105
0.278108
0.246928
0.248928
0.253599
0.283797
0.367999
0.392581
0.495107
0.546083
0.584732
0.627286
0.607119
0.715906
0.564072
0.480102
0.445944
0.429299
0.396101
0.464349
0.395229
0.368032
0.420177
0.665741
0.479604
0.231133
0.26938
0.272713
0.259763
0.285472
0.352307
0.561882
0.293241
0.508001
0.573168
0.550655
0.703482
0.566382
0.483885
0.453808
1.24587
0.254473
0.415239
0.408733
0.422322
0.383567
0.452569
0.560936
0.380814
0.28643
0.26688
0.272372
0.301484
0.323712
0.365766
0.415673
0.472999
0.525169
0.572118
0.583958
0.551389
0.564357
0.540753
0.50584
0.468413
0.419721
0.510609
0.401648
0.406225
0.775991
0.621424
0.498037
0.403113
0.483905
0.362582
0.3928
0.401281
0.384175
1.10436
0.396107
0.666887
0.809309
3.25034
0.461364
0.911514
0.972122
0.773511
0.927267
0.701987
0.570588
0.374173
0.87872
0.410178
0.405703
0.353194
0.373147
0.582762
0.472167
0.545005
0.438515
0.47719
0.526521
0.56432
0.649943
0.760449
0.721757
0.630177
0.690362
16.4382
0.609509
0.755199
0.654656
0.519371
0.529381
0.861031
0.350753
0.490844
0.563041
0.554028
0.512966
0.562367
0.728187
0.596792
0.711774
0.575155
0.330396
0.288681
0.403388
0.64337
2.31899
0.343178
0.585579
0.618009
0.645469
0.595419
0.550024
0.490252
0.438234
0.463242
0.452807
0.439542
0.505334
0.461577
0.423332
0.39918
0.391259
0.379254
0.398809
0.401934
0.417724
0.45422
1.27389
0.375298
0.704823
0.781345
0.768679
0.715992
0.843768
0.672999
0.634806
0.593019
0.54237
0.573458
0.486845
0.48936
0.44793
0.479469
0.405943
0.499382
0.512362
0.439007
0.35448
0.391626
0.270987
0.310193
0.477793
0.469675
0.454564
0.404239
0.435052
0.512328
0.528824
0.462799
0.451068
0.360419
0.326827
0.344385
1.33574
2.64658
1.82097
0.676871
0.245191
0.456543
0.320692
0.225372
0.21277
0.344308
0.440247
0.454963
0.559765
0.543029
0.664867
0.787771
0.61214
0.572236
0.716432
0.709742
0.632262
0.610339
0.576845
0.602286
1.77438
0.320781
0.54687
0.538545
0.538761
0.615731
0.25144
0.231532
0.25883
0.38591
0.505359
0.530896
0.696599
0.627818
0.746467
0.931584
0.623455
0.646148
0.673104
0.730649
0.657061
0.58208
0.564687
0.546337
0.555121
0.529312
0.510878
0.491152
0.522
0.52188
0.35512
0.315652
0.263618
0.28646
0.309667
0.353186
0.436076
0.502246
0.549284
0.588089
0.654857
0.649969
0.652925
0.519969
0.486096
0.459643
0.41416
0.412065
0.384181
0.372935
0.42395
0.41822
0.44819
0.428403
0.363232
0.340616
0.331957
0.316251
0.335284
0.358704
0.421027
7.4906
0.252864
0.581023
0.637177
0.632037
0.574429
0.577585
0.534778
0.549567
0.556396
0.441151
0.430824
0.483385
0.461466
0.453391
0.443285
0.533919
0.454834
0.251456
0.235181
0.305643
0.474538
0.482451
0.48061
0.601294
0.627994
0.714286
0.689013
0.669391
0.724363
0.673409
0.660539
0.598319
0.536489
0.541967
0.523636
0.495623
0.608517
0.492776
0.567942
0.604127
0.296783
0.217403
0.194654
0.429078
0.533744
0.535142
0.524095
0.59068
0.60318
0.617023
0.67366
0.620155
0.646838
0.605412
0.673526
0.548219
0.520512
0.457605
0.211032
0.195874
0.123991
0.145673
0.249133
0.297459
0.123743
0.157845
0.12152
0.136963
0.131991
0.207022
0.173109
0.233367
0.253277
0.361301
