18.6835
21.9563
20.9023
18.1971
20.8151
19.6487
19.2288
18.6162
21.3596
18.2554
19.1593
19.2255
18.6436
20.0327
18.0468
19.2039
21.7345
19.2421
19.4418
19.8927
20.2468
21.2348
18.7613
21.487
21.0302
20.8906
18.3472
18.0866
20.3761
21.4525
20.3378
18.8529
18.3621
20.7984
20.8871
18.6901
18.1128
19.6331
20.3309
20.824
21.2398
20.4421
18.4435
20.7303
21.9367
21.6223
21.4867
19.2087
21.0032
21.4044
20.7133
19.0022
21.8153
19.8033
62.9654
62.693
70.0063
67.1529
62.485
71.269
72.0708
71.0657
63.9507
70.5809
61.3458
65.3495
76.0297
82.803
75.8989
70.0149
75.3084
77.5833
84.5686
84.4449
72.6472
72.7135
72.3757
82.0841
71.6638
73.5906
80.1237
75.5052
73.0368
77.2915
75.929
79.6966
87.1417
73.5449
77.4958
86.3903
85.9267
78.2144
83.0834
73.3176
83.3006
87.4606
80.5031
79.8799
74.9071
82.042
81.3493
82.332
72.4
80.7602
81.4994
75.3024
75.3152
76.4012
83.3675
81.6806
85.5117
76.7121
86.5723
83.8792
78.3164
73.5207
76.1081
87.3041
76.9621
77.2747
75.0298
84.9055
76.4066
77.2804
78.6258
78.9359
78.5807
80.0591
85.0314
85.1077
84.7722
73.6173
84.794
73.9233
73.9949
87.165
85.1095
80.8378
85.9994
87.8297
81.7701
81.8062
84.0707
75.7141
74.6739
84.1531
77.5183
74.161
77.0379
77.738
87.4436
83.1673
80.4937
87.5019
86.4502
80.192
86.4908
78.4688
75.6867
75.7228
82.597
80.0171
33.0173
33.1909
28.9429
29.1458
32.2091
30.0226
32.8482
32.334
32.5489
30.7357
32.895
34.1087
24.6314
23.9162
22.6576
21.0266
23.2129
24.3607
21.1092
21.3069
20.8276
23.4605
21.9814
20.4409
22.0158
20.7162
19.7882
19.841
19.6209
20.2976
19.8125
20.6764
21.6003
21.1946
19.6381
20.5977
21.463
18.3605
18.4011
20.3218
20.6551
18.9361
21.0816
20.6839
21.7973
18.7655
21.1063
18.4226
20.2806
20.227
19.5723
21.3988
18.0348
20.1
18.8867
20.9941
18.1897
21.3467
21.3729
21.3519
18.6138
20.5256
18.0609
21.396
20.8959
20.1285
20.9264
18.3808
20.1185
19.1688
21.8947
21.4326
20.9331
21.735
19.3874
21.6035
19.301
20.9312
20.9457
18.0734
19.4442
18.0777
21.9884
18.4888
20.1712
21.1622
18.8051
19.9402
20.4297
18.6408
21.1142
19.1973
18.8441
20.2332
19.6413
21.6811
21.5203
19.9334
19.4371
19.3021
19.0703
20.1782
21.2199
19.243
18.7604
19.9019
18.2761
20.8051
20.0734
19.9855
19.2018
21.6187
18.3619
21.4793
19.5068
21.5225
20.915
18.4167
21.3261
20.7287
18.1292
18.5348
20.5425
20.6504
20.9866
20.881
20.6381
21.065
20.3003
19.0432
21.6495
18.0729
19.4662
20.9155
19.7086
18.0993
18.2639
20.5945
21.8595
20.2075
20.027
19.2733
19.0268
18.0839
19.0918
19.7964
18.7918
18.3494
20.8709
21.5785
21.7471
20.472
18.2111
20.9635
18.4404
20.679
21.1175
20.9035
21.8075
20.9526
20.7728
19.047
21.6991
18.7182
21.6196
19.2507
18.5207
21.3067
18.01
21.3284
19.0492
21.5389
20.7659
20.6647
19.4613
18.2376
21.3203
18.6836
19.489
20.4014
67.7587
63.9018
63.1124
62.8761
72.9369
61.6292
74.4874
63.9
62.7004
69.0468
62.2878
69.3934
83.0417
70.5834
82.254
75.9623
72.3153
72.573
84.0992
71.5566
83.2925
78.2867
70.4462
77.0487
84.5687
83.1175
79.3416
85.2462
73.4823
86.0397
85.0298
82.8324
84.5757
80.2168
82.3058
80.4838
77.5936
81.0045
76.0281
78.9496
76.4006
73.8774
77.0572
85.529
78.0036
83.8673
74.7134
78.6962
73.82
74.2001
81.8593
81.7001
75.3959
79.5717
85.7923
74.7693
72.29
82.4121
72.8385
87.658
81.75
79.5225
78.8761
81.1652
73.4465
86.8761
82.0063
74.9401
80.9974
74.1285
72.2774
82.0843
82.3749
81.3384
74.935
81.6541
72.9035
81.747
80.8635
82.4833
86.3268
85.6049
87.6896
87.619
84.357
87.3025
85.8764
83.6412
73.206
72.7847
85.4014
79.8343
85.0335
77.0065
78.3622
83.2028
86.6452
73.4042
85.7836
84.6882
77.0486
77.6834
72.7434
72.2518
79.6321
73.5286
75.104
85.5482
32.4546
32.8552
29.9999
34.1034
34.3551
32.1493
34.6404
34.2069
33.4805
33.4981
29.4745
30.5333
20.4595
20.1989
20.8692
24.1046
21.2346
24.5063
22.8359
21.2229
22.3871
21.1415
24.5682
23.9557
18.5395
22.3141
21.3855
18.7694
21.1789
21.0818
19.3282
21.5386
18.7886
20.4368
18.4726
22.3999
21.1071
18.7249
19.4597
18.7317
21.1676
18.3231
21.4642
21.8733
20.8059
18.9424
19.5337
20.0045
20.4381
20.6945
20.2363
19.4239
21.5844
18.3432
19.8841
21.1225
18.261
20.8413
21.2993
20.6631
18.0552
18.7241
19.3722
18.9384
21.8548
20.6103
19.1916
21.723
20.9664
19.1421
19.5193
18.8013
21.8843
20.0692
21.5842
19.386
21.4434
18.2155
21.9284
21.6481
19.4528
21.0989
21.009
21.605
19.229
19.8621
21.46
21.1143
19.5739
21.3829
18.1878
21.1282
18.8271
19.1445
19.9729
19.7989
20.0823
20.1791
19.3261
18.7009
21.0739
19.5999
20.0234
20.5788
21.6386
20.8302
18.1818
21.3542
21.9574
19.8899
21.8784
20.1893
19.8385
19.3256
20.6302
18.9193
18.4197
18.1089
19.1695
19.5831
20.2083
19.171
21.9362
19.167
19.7639
18.4131
19.0425
18.1933
20.238
21.0043
18.7828
19.4716
18.0665
21.3581
21.1199
18.253
19.4595
21.8211
19.5681
20.1048
19.421
20.3845
21.9126
21.99
21.0989
19.6172
19.9777
19.4269
21.9423
20.831
19.7957
18.0485
20.0819
21.9357
20.0922
18.7297
18.0884
19.4188
21.6729
21.9862
21.7815
20.9177
20.2326
20.3627
20.156
20.8282
19.6755
20.6768
18.4864
19.0628
21.344
21.615
20.156
18.1265
21.7079
20.8083
19.6561
20.3935
19.7191
19.8614
73.2606
63.3907
62.6099
61.2371
65.4704
63.2048
64.1918
61.3529
64.2899
65.7249
61.6293
69.4675
78.6678
71.346
79.0746
85.3391
84.4982
69.8815
82.1843
75.328
70.8279
74.4337
74.8334
77.9608
82.0819
83.481
75.4788
76.6854
76.4725
77.337
87.4665
83.9404
87.0742
82.5912
78.0293
77.7665
79.7215
78.5755
85.1509
79.3447
76.6378
84.2965
85.5679
78.6324
82.5857
72.8533
80.3749
72.6324
72.4497
81.7872
76.8349
83.8605
86.3166
74.2124
83.5723
80.2131
73.7762
82.4057
81.7318
80.231
86.8194
80.3334
87.844
80.1438
73.8501
79.5237
74.9137
81.5502
83.0861
79.4911
73.5597
79.4944
73.3026
82.9132
84.6451
87.3972
74.3801
80.518
81.0798
86.7588
82.0356
74.3274
78.9809
82.4754
83.2044
85.809
74.888
87.2245
72.9461
87.74
85.7241
82.5642
83.7598
73.1629
72.6635
73.6281
73.3977
80.7581
75.4471
85.7633
79.1319
83.1281
82.4459
77.1176
75.8907
77.4793
84.7465
81.3804
30.4226
34.0342
29.1505
33.2748
31.6102
33.4803
34.7357
33.6002
31.6286
29.7662
33.9606
31.7485
20.4974
23.3814
21.4675
20.379
24.2043
22.3243
21.4187
23.3694
24.1288
20.1614
23.2416
23.5962
19.2919
20.4375
18.7977
21.4907
21.9032
18.8751
21.7762
21.5924
19.853
21.2594
18.4322
22.2486
20.2985
20.5797
20.7578
20.3427
21.5299
20.5369
21.7349
20.4269
18.7742
21.7582
20.826
20.8968
21.963
18.3184
19.7333
18.9746
20.5414
21.2476
21.8862
19.8374
21.1652
21.689
20.7532
18.9891
20.4353
21.884
21.9544
20.5734
21.5521
18.805
18.988
21.8157
18.5445
18.768
19.686
20.3622
20.4153
19.1679
21.6825
21.6604
19.5683
19.7372
20.81
20.652
19.5292
19.657
19.3922
18.9415
19.8326
20.7457
20.9679
21.1155
19.4989
21.0585
18.0261
19.9082
21.1756
20.5202
19.8963
20.5786
21.6278
20.2655
21.1991
21.923
20.8223
20.2933
18.1499
19.4979
20.2618
21.1888
19.7524
21.8402
19.0872
20.9783
19.6761
19.944
21.21
19.1849
18.3872
20.081
20.1152
21.1887
21.8733
18.2212
20.3668
20.7251
21.9432
21.7704
20.8498
20.0872
18.6461
19.5367
20.3405
20.9008
20.5416
20.8565
19.7166
20.9105
18.575
18.6503
18.6513
21.5635
18.3041
21.206
18.9343
19.8737
21.6638
20.3437
18.8405
19.1364
21.6818
19.7086
20.3479
19.8397
19.5138
18.8931
20.7448
20.873
19.0995
21.156
21.4181
21.6827
18.6448
19.2157
21.4414
18.7942
18.0139
21.4833
19.3058
19.658
19.7853
21.3931
19.3516
21.5691
20.4678
20.1091
19.3025
18.9748
20.4962
19.7876
21.6421
19.9666
20.0472
19.6669
71.934
66.9778
64.8631
72.9236
69.3169
69.2445
69.5072
70.9762
65.4577
61.6603
72.2241
62.9531
81.0426
71.1175
75.6648
70.8182
77.9448
79.9767
72.5006
75.6077
84.2773
76.7059
82.2955
84.2299
87.064
85.8549
76.616
86.8768
84.4883
84.8824
71.8093
86.7442
83.9427
83.7818
72.8646
75.2668
87.2913
79.9148
78.2717
85.3365
73.3094
78.5767
77.9176
77.5045
76.8308
75.2708
74.6769
82.1478
86.6895
80.1224
76.7492
74.5287
85.2618
87.5229
77.5679
76.6368
81.6043
84.385
79.2674
82.0615
83.4608
87.3653
74.637
87.9539
78.2707
83.5672
81.1547
79.7829
83.1652
78.3283
74.0142
79.8185
80.3499
75.2297
86.9691
75.6389
78.5469
74.4782
80.572
76.9215
79.8276
75.5931
72.8597
84.4668
82.2572
77.4517
72.7598
85.849
74.7166
86.8917
79.6574
77.446
83.868
86.0293
77.9313
78.5173
78.9305
86.7571
83.081
75.9623
74.96
75.6859
76.217
75.6829
82.5361
73.8549
78.1977
82.0008
30.6615
29.2178
29.3237
29.6062
34.1494
33.0103
29.2129
31.3028
30.5829
32.4995
32.146
31.8792
21.569
20.7773
23.4858
24.1018
24.3898
20.4226
23.4748
23.4147
24.403
21.2931
23.485
20.4047
21.0176
19.8691
21.5815
21.9681
19.9263
20.5848
18.9129
20.1397
19.9098
19.1821
22.0958
19.0386
20.6416
21.6641
21.7518
21.2746
18.7943
21.3718
19.198
21.7937
20.9364
21.2425
18.4282
20.4286
21.305
21.4669
18.1319
21.7775
18.1908
20.4777
20.7935
18.4471
18.2095
21.1599
19.5574
18.4461
21.0547
21.4008
20.3535
18.6485
18.0644
20.8072
20.2044
20.6071
21.2568
19.7407
18.5016
21.7641
20.181
20.4612
21.7336
21.7263
20.2884
19.1904
21.9885
20.7233
19.6337
20.2393
19.6633
21.5532
19.93
21.2941
21.3607
21.2973
20.8888
21.4195
19.5489
18.4587
21.3698
19.9927
18.5095
18.4613
18.637
21.0039
20.8434
18.8153
21.3877
19.1252
21.1719
19.9552
20.9262
19.5256
19.3886
21.3654
18.1412
21.8989
20.5927
19.7299
20.5122
18.491
20.0562
21.9404
18.9411
20.8891
19.7399
20.6098
18.8195
19.8819
21.9204
18.7811
20.5458
20.3024
20.2602
20.4605
20.009
18.0677
21.6004
21.3079
18.6967
19.6531
21.0822
21.9202
21.8045
21.5974
18.6335
21.6579
21.5138
19.5078
19.5781
19.8396
20.6247
19.0433
18.0918
18.5649
19.7605
19.128
21.0581
18.4268
21.6699
21.5813
21.635
20.9584
18.428
19.7526
18.5256
21.9508
19.3322
20.3413
21.1176
21.6825
21.0222
20.698
19.8639
20.4216
18.3767
21.5357
20.1751
18.1605
21.6796
19.9572
21.4744
21.4276
21.263
18.2456
18.9883
21.5022
73.4263
67.4297
67.1846
63.5819
74.3704
64.0987
63.7967
70.1859
64.5027
73.9673
61.3483
61.2782
77.6757
77.4147
72.3754
77.5149
76.229
83.6579
69.9836
84.9917
79.5306
72.1966
70.5657
78.1914
75.3037
76.3577
75.4666
81.9083
80.3713
72.8081
79.9419
84.1511
72.8593
85.7184
80.7654
86.6867
74.281
87.7916
82.2096
80.9826
80.1482
72.2916
86.9298
82.2051
73.3779
72.2484
72.7252
81.6522
81.8046
79.9755
76.8898
80.4886
80.2416
72.2933
76.5011
72.8335
86.3817
83.5835
87.9167
76.8163
86.0516
81.6449
79.2462
75.5575
83.8103
86.4621
75.7613
74.8027
83.1356
87.6274
83.9952
76.5496
78.7185
78.1483
85.6327
84.3411
81.4228
76.3986
87.007
82.4523
87.5268
81.2811
85.1383
85.0089
77.3971
87.4242
72.3509
84.2992
87.4487
77.4224
82.3696
80.9954
84.184
85.8587
81.6486
85.0543
76.9965
75.6574
78.8907
82.8438
74.9959
82.8856
78.3055
84.7292
72.5893
82.6877
82.3971
87.0549
33.3655
33.8963
34.5894
33.1203
30.657
34.3665
33.5845
31.5164
33.3474
34.3532
35.0442
34.895
21.6175
22.0492
20.6507
21.269
24.1132
21.7766
22.9401
23.1435
23.6626
20.9789
21.5256
22.1685
19.9264
22.458
21.8519
20.3968
22.0335
19.856
21.6508
19.3482
21.5954
20.3016
18.8723
19.5513
19.7032
21.098
18.3797
20.7373
20.9642
20.7146
21.1437
18.8025
20.4461
21.869
20.5413
20.5435
20.9659
19.3514
20.8219
21.6857
18.0609
21.5011
18.8926
19.8427
21.4299
21.3161
21.5884
21.7826
19.7924
20.6294
19.5657
19.4066
19.7302
20.9763
20.0096
21.2603
20.9849
18.0854
20.5249
19.7501
19.8265
21.2735
20.1904
21.5425
20.8512
20.2114
21.0182
18.1534
18.1083
18.3334
19.7503
18.9418
21.937
20.1692
20.6497
19.1153
19.2872
19.3418
20.7949
19.8948
20.0707
20.368
21.0752
18.3615
21.1075
20.2529
20.6764
19.3102
19.6375
18.9247
21.9172
19.988
21.9843
19.9591
18.879
20.0298
18.1584
21.6191
21.2742
20.9033
20.4393
20.3193
21.9869
19.112
21.1187
20.3256
21.9035
21.3112
21.9941
20.3533
18.8182
20.0147
20.8444
21.0974
18.002
20.0201
18.9409
21.4996
18.6116
20.6658
19.0642
19.4262
21.7622
18.9618
18.38
18.2771
20.0185
20.5668
19.3092
20.761
18.2441
21.4293
21.2663
21.942
21.746
19.4248
19.5971
20.9839
18.5363
19.2561
18.4742
19.8195
20.208
18.8446
18.1065
20.8774
18.08
21.8936
18.8864
20.6556
19.739
18.2387
19.8887
20.067
21.4187
20.9294
18.3172
18.8367
19.2476
18.4656
19.8276
21.9372
20.0585
20.9675
20.7318
21.3996
18.8629
21.0153
73.1864
63.5325
65.9165
74.3934
71.8187
65.0432
68.8696
66.6988
67.8635
66.0303
64.9989
70.3768
81.923
83.4038
72.2507
82.6107
73.7945
76.4723
83.8304
76.8939
72.8984
72.3212
77.1807
81.6767
87.4276
84.0909
85.516
83.4615
85.809
72.7814
86.3576
77.8724
86.2254
72.7725
82.9432
83.2684
87.845
84.2005
78.0274
80.8189
77.7714
75.0461
75.8849
75.4615
80.6841
86.3948
86.4997
72.7888
73.2608
75.9037
76.0627
73.5006
78.1966
81.3841
81.2311
80.6755
77.4002
83.2833
85.2033
77.5218
73.365
76.7376
74.1943
79.4739
74.4914
79.4017
75.5324
83.8157
72.4376
80.8721
74.7082
72.0124
85.9064
82.7437
73.5824
82.6244
81.7856
79.5729
78.7074
86.1923
75.9216
78.3722
77.2651
84.3384
86.6633
85.5963
84.7631
87.7885
83.1542
84.0167
87.7247
72.1117
82.1446
83.8234
86.6851
86.1413
85.4713
87.1326
80.598
72.1107
72.1768
80.7142
78.9643
79.2199
78.4064
86.6836
77.7467
85.6996
34.5783
31.9968
31.6604
33.6705
33.331
30.9026
29.4563
30.495
29.6386
30.6863
30.4757
32.8813
24.4361
23.2321
24.3114
23.6729
23.4209
22.015
21.6151
23.9513
24.2162
22.1844
20.2006
23.7105
19.5996
18.4725
21.7292
20.5513
21.2386
22.1786
20.6486
20.4931
19.6226
19.6821
21.6946
20.2712
18.7436
18.4663
19.9872
19.9551
20.7128
19.9797
18.6631
20.1274
21.731
18.7272
20.8587
20.4732
21.0145
18.6203
21.7873
20.5035
21.4088
19.0047
20.9778
21.1444
19.6085
19.5546
20.651
18.3913
20.9465
18.175
18.766
20.6605
18.3968
21.8916
21.4777
20.5091
21.2803
21.5545
19.0416
21.4018
18.7792
19.6534
20.233
20.8556
18.1206
19.162
20.4341
19.4295
21.1001
20.6066
18.9376
18.5837
20.5162
19.8019
18.6758
19.3055
19.2122
18.4325
20.1876
21.0546
20.3019
21.3052
18.5103
19.7424
20.4377
20.704
20.7831
20.9159
20.6057
18.3769
20.7812
20.8991
21.9739
20.7734
20.7473
20.0593
21.4717
21.9873
21.1162
20.45
18.3158
20.907
20.8342
21.1023
18.4982
20.6149
19.1829
21.0411
18.9615
20.7359
19.18
18.036
20.5334
18.4531
20.6372
21.7024
21.877
18.9437
21.237
19.4142
21.6018
21.15
18.2957
19.6285
19.3493
21.1407
19.6411
20.7384
20.4097
21.9026
21.7511
19.7108
20.8943
21.3178
21.5955
18.2725
19.2083
19.2809
19.7378
18.6771
19.9848
20.6529
19.9895
20.6632
18.2658
21.5039
21.7563
20.4716
21.5256
18.5258
21.1898
18.4766
19.632
19.2953
20.3424
19.2061
20.5493
19.4695
21.4432
20.5355
18.8612
19.3445
21.3897
19.5459
20.1432
20.5958
19.3912
19.1759
67.6635
64.1224
65.0653
62.0443
65.334
65.5616
74.2809
69.2203
71.9084
61.8171
62.6489
72.2777
79.5175
72.804
76.1224
78.2002
82.9328
70.7776
79.1011
80.9684
85.0169
82.3671
74.127
80.8527
83.7072
83.1737
84.6116
85.9409
73.1334
73.2342
84.2339
75.5817
72.499
77.9491
84.6073
73.5809
82.6502
71.9714
73.6673
77.5205
73.2496
85.4318
85.7221
83.9882
75.7886
80.2755
74.8571
76.4087
80.2368
83.7401
73.4968
76.7287
86.8051
78.847
87.001
87.8413
80.4073
76.5903
84.6321
74.5311
76.0291
84.554
78.9345
75.221
82.4141
83.7202
73.9976
76.428
75.5368
78.0739
84.2111
83.4153
82.5996
72.0999
74.2736
75.572
76.3506
74.3421
78.5643
73.2022
83.9995
84.6027
81.1875
73.4346
86.2412
87.45
75.2377
83.2741
85.4709
80.6373
77.173
79.6568
80.1961
78.41
86.8773
83.902
75.8608
81.3689
83.019
74.2425
77.7348
86.4887
81.0747
75.4719
73.9645
80.2916
80.7629
77.3506
32.8347
29.2396
29.7289
32.2961
29.1956
34.4378
29.7097
33.1131
31.3037
31.3586
33.6953
31.9966
23.4109
22.4233
22.8162
23.568
22.8807
22.918
23.6957
24.4119
21.8477
22.7455
20.5465
21.7674
20.1198
21.8531
20.5349
21.4264
18.5099
20.3346
22.1238
19.3508
18.5611
20.2072
21.3174
20.2935
19.9351
20.7785
19.1088
21.1084
18.7018
19.677
20.723
21.4158
21.2677
20.987
19.5297
18.578
18.8854
21.4799
21.4499
21.8272
18.3215
20.1666
20.6145
20.8626
20.5952
21.1003
19.4565
18.7357
18.8219
18.0514
19.405
18.3705
19.2897
20.5168
21.5821
21.3625
19.0143
18.5399
18.7759
21.8881
20.1979
18.73
21.363
19.5808
21.5969
19.0427
19.5729
20.0198
21.5705
21.475
20.2974
18.8871
19.6134
21.9025
20.4311
21.1244
19.7995
20.128
19.7158
20.8117
21.4059
20.0295
19.9235
19.3611
18.7084
21.757
19.2643
21.2028
20.8614
21.1637
21.7471
20.4935
21.5918
18.6708
20.5069
21.0891
19.0866
20.963
21.1139
21.3248
19.2515
20.7264
19.217
20.9562
19.8519
20.3902
19.6634
18.6479
18.7121
18.3103
20.4723
21.3946
18.0833
18.265
19.8299
20.9509
18.6308
19.0866
18.928
19.5962
18.9
19.4104
20.9142
20.444
18.3247
20.551
19.9083
21.7383
19.1572
20.9047
20.9234
18.886
21.6129
19.9647
20.7155
18.5834
19.0312
20.3444
19.2761
19.9988
19.496
20.5622
19.9486
18.0184
20.5987
19.6885
19.3668
18.3766
18.8815
18.8951
21.7415
19.7301
18.1683
18.5553
18.3161
20.3555
18.7465
19.9942
19.4802
21.2155
19.282
19.8331
20.8851
19.7334
21.1729
20.6467
19.6421
20.0159
74.354
70.1979
73.5079
63.6311
67.772
73.5578
65.5875
74.3602
62.5203
73.4763
67.2549
62.2029
83.4902
73.7501
70.1853
71.9477
80.0695
85.0156
71.5699
77.0094
72.6435
81.403
71.6723
73.5623
74.6916
80.3553
85.4551
79.6964
72.4943
80.5281
84.2518
73.6698
72.7244
74.5549
83.4338
80.9781
80.5527
75.9005
77.223
87.3492
75.759
86.3226
81.191
73.884
79.3816
87.0722
78.6026
85.7112
76.0846
81.1153
85.4811
86.7102
79.754
82.2153
72.0304
76.0333
76.441
73.4782
76.4568
77.1194
87.4961
82.6937
78.8123
87.8047
74.4481
79.613
82.349
72.8858
83.468
73.5943
74.241
74.5515
86.8614
82.931
82.486
80.8871
76.6842
81.9334
78.5616
74.3259
83.0328
74.0726
75.05
85.0824
82.5617
82.0957
78.6911
78.3403
83.044
83.8399
80.1633
87.5081
87.291
78.5987
85.1298
80.6921
80.1881
72.8794
81.1836
86.4092
84.4821
84.581
74.5588
77.7352
75.7312
77.0546
81.2726
77.8365
32.3885
31.6064
30.6343
29.4106
34.5078
28.8728
28.8106
34.0915
35.1796
33.4535
28.8977
30.2508
24.5138
23.7825
22.6993
21.2211
20.2244
20.2535
22.9017
20.2578
24.6115
20.9816
23.344
20.8547
20.6442
18.7622
21.5727
20.8278
18.7849
21.9078
20.6726
22.2068
22.1865
22.2024
18.7506
18.9274
22.0562
20.0462
19.0438
21.1798
19.1486
21.0092
21.4516
21.2385
19.1879
19.7006
19.7473
20.0609
18.6874
19.8289
20.0624
20.1462
21.3
20.0886
18.9413
20.6723
21.2096
19.296
20.601
18.6056
19.3714
21.641
21.6494
20.3052
20.8134
21.4202
21.8384
19.9634
20.2502
19.6663
18.2914
19.695
21.1625
21.2195
21.5695
18.2059
20.1086
18.4297
18.803
21.6009
19.9872
21.0342
18.2575
19.6673
20.697
18.5336
19.3033
18.2582
20.6054
21.8836
21.3082
21.8985
21.3824
21.4208
20.3087
20.073
19.625
21.2724
18.7283
18.2249
21.7916
18.0151
21.9073
20.9154
19.314
20.7913
21.2715
18.9814
21.0836
21.2175
18.9974
18.1677
18.8165
18.8026
18.261
20.904
19.5199
21.5375
19.0087
19.8129
20.5561
21.5099
20.0985
19.4941
21.4681
19.241
18.3177
19.7802
21.1404
18.1231
20.3435
20.3779
21.7142
19.1459
19.1153
19.7619
19.4277
20.9454
20.567
21.0357
21.2802
21.6919
19.7237
21.9388
18.8626
20.8575
20.136
21.2676
19.9071
21.1358
21.7207
20.9292
21.1044
18.2687
18.8198
21.8972
20.7727
20.2458
19.4679
18.1776
19.4765
19.9957
18.8458
18.6925
20.0337
20.3436
18.9597
20.3496
21.6014
19.8927
21.4296
21.7091
18.3696
18.3832
19.9042
20.3524
19.7035
19.3058
20.564
18.0083
39.3701
34.071
39.0031
33.1849
34.1142
34.0911
39.5723
32.4331
37.0054
38.6617
37.2404
35.0117
42.7931
42.2852
38.6822
39.7749
42.8654
42.9833
38.8066
41.9232
37.6475
38.195
36.5722
36.92
41.09
39.9259
37.6977
39.0664
38.8295
43.7233
42.6572
38.9473
43.1381
38.5861
41.1778
43.5583
39.0909
41.4059
38.3367
38.1
40.5608
43.799
39.5934
43.4663
43.2803
37.9997
39.1832
41.1135
40.1379
36.7618
43.9426
42.0145
39.4952
40.9388
36.6947
39.956
43.4397
43.1659
38.6929
40.2445
41.5777
38.7188
36.5179
40.0423
40.8118
36.0456
36.7634
37.6571
38.7832
40.3271
38.3495
38.2082
42.9545
37.1602
39.9634
43.6223
40.9998
41.7374
39.4496
36.1592
41.1688
41.0551
36.8832
39.697
43.3226
37.6406
39.6887
39.6888
42.486
42.5966
42.0741
38.9236
36.5762
38.7958
41.4383
41.6219
43.72
39.6291
41.0595
40.3135
37.2049
39.6896
40.3587
43.606
38.9323
43.8408
40.3384
37.9397
22.52
22.2801
23.7741
21.7052
23.7362
26.3443
24.8165
25.247
22.1712
23.8709
22.9739
25.8917
19.4742
20.6283
21.1663
20.8584
22.1738
19.6828
20.2899
22.0151
20.9168
20.3928
18.8425
21.8541
22.0638
20.645
21.5976
20.228
19.0781
18.2022
20.7785
20.1322
21.2974
20.945
22.1274
20.2016
19.7402
19.1776
19.9393
21.5259
18.1988
21.9467
22.0084
20.4239
19.3571
18.9224
19.1365
18.2295
19.9068
18.2351
20.8806
19.494
18.8035
20.1859
21.902
20.7872
19.9734
21.1144
20.9566
21.5738
18.8199
21.4369
19.2053
21.7654
19.1255
21.7088
21.8566
18.5832
21.8994
18.3441
18.8755
19.7779
21.9744
19.9543
20.2016
20.7777
21.8732
21.1334
18.8966
19.212
18.3905
20.5778
18.723
19.0296
21.5525
19.307
20.2666
19.5903
18.2961
19.4515
19.6323
21.5828
19.2978
19.517
21.1316
21.0358
21.1931
21.8151
21.1822
19.6304
21.286
20.0347
19.1109
19.2117
18.8954
18.58
18.738
18.2527
21.5538
21.724
20.3471
21.362
18.7343
21.6067
20.0254
18.2687
18.5653
19.2359
18.1742
19.2372
18.2397
18.9441
19.0627
21.9775
18.9422
18.9567
20.7472
21.4374
19.5482
21.5025
19.3606
18.7881
19.3186
20.4374
19.4686
20.6916
18.9477
20.804
19.3898
19.8235
20.231
20.7449
18.9549
21.3438
20.8874
18.9364
21.8999
20.6592
19.8097
18.6301
20.1329
18.6591
19.718
19.6349
20.8798
18.7695
21.2875
19.3045
19.776
21.0894
20.5016
19.2321
19.5448
19.2231
20.3791
19.3305
20.9028
20.3191
18.5828
19.2411
18.8858
19.5613
20.0639
20.0271
21.0181
18.7567
21.7859
19.3714
19.201
20.7407
72.155
66.3472
71.3571
73.2188
71.6285
61.6651
72.4522
71.7329
70.3023
71.5363
74.5202
67.0631
70.8833
76.993
70.5607
74.4068
78.9484
74.6453
80.4773
82.5972
76.3652
83.8101
71.0791
82.8786
84.7456
76.689
76.3188
76.4202
84.4724
84.7946
76.8119
80.9926
73.7776
79.0235
87.4528
74.0942
87.0564
85.0858
87.4504
74.7834
75.3258
72.1832
83.4949
82.2067
74.7592
84.5567
76.695
74.0709
78.7421
73.4379
76.1936
77.9226
85.6093
84.6605
79.0651
83.5731
81.0789
77.4349
83.5939
82.9161
81.9016
81.8834
82.9237
78.149
85.9011
74.5933
86.138
77.4728
73.997
81.5965
78.012
85.0439
78.8918
82.6962
76.9314
75.3505
78.208
81.7081
82.5104
81.2505
87.808
83.0566
86.9035
73.8862
72.9818
76.9758
74.1853
80.4137
80.3035
81.2006
83.9235
87.5411
86.052
73.8937
77.4161
76.093
74.829
80.7156
80.8522
75.6359
83.3903
83.7266
72.3357
78.3321
86.2422
80.3251
77.562
76.0588
30.3575
29.4385
34.0302
29.3546
30.6707
29.0923
33.8009
29.0514
30.7731
32.4691
31.4212
30.6065
21.3928
23.7341
24.5234
21.7192
20.3354
20.3238
23.5613
22.6346
23.6705
23.2848
24.2256
24.1285
21.661
20.3784
19.6941
20.5088
20.4885
20.9317
19.1943
21.1174
20.3022
20.9724
19.4134
20.2113
18.9312
21.6044
20.0476
18.9906
18.252
20.8023
18.9491
22.0637
20.2314
19.2479
20.7297
19.1926
21.3015
19.2514
21.9741
20.4402
21.3982
18.3088
19.4118
20.9701
20.64
18.795
19.4435
19.0721
20.4574
19.382
19.2399
18.8331
19.6399
18.7856
21.8545
18.6216
21.6574
19.7177
19.5152
18.9289
20.543
20.7421
19.8703
18.2228
21.674
21.9213
19.7242
20.4546
19.8012
19.2875
18.3093
19.8243
21.2735
18.0681
20.3284
21.5231
18.8702
18.733
21.0891
19.0203
18.7679
19.512
19.57
21.4964
20.4738
19.6238
20.1376
21.8159
18.4529
18.8309
21.8501
21.8293
18.7087
18.5804
19.6843
18.1989
20.6196
18.31
18.2321
19.9407
21.8311
19.7072
19.4259
21.9918
20.1279
19.501
19.5434
18.7798
20.0489
19.7554
19.0832
18.6422
19.245
20.0347
18.2333
18.615
21.7906
20.1714
18.2538
20.7724
18.2472
20.9555
20.9999
20.6043
20.9288
18.3519
20.9071
18.5468
19.358
21.771
20.0115
21.8697
18.3557
19.9102
18.2496
20.5208
18.3148
18.7015
19.0353
20.995
18.6558
21.3865
18.5276
18.141
19.5802
21.9178
18.4414
18.4069
21.0047
19.2486
20.8691
18.8
19.8403
19.0612
19.8061
21.0764
21.048
20.0631
21.7135
19.0551
18.9612
20.4552
20.4852
18.1862
20.4311
19.4977
20.9898
21.2324
68.7093
61.2232
69.8546
71.3848
64.5862
67.5192
74.3339
65.2544
64.2349
64.0676
68.7997
74.1171
79.2869
74.5476
79.7506
79.5376
79.1043
72.3143
79.6885
76.5162
70.1285
78.2171
85.1934
75.268
86.9243
73.0981
83.2169
73.3863
75.9189
80.6467
80.9956
83.897
81.3539
81.0088
86.0781
78.7592
75.5135
74.4991
78.3058
83.304
72.5935
73.976
73.6094
81.2664
75.7948
74.5706
81.3866
84.0799
77.2959
81.2318
73.5523
86.9422
77.3718
87.939
87.6364
84.4409
72.3037
80.6762
73.3718
86.3015
84.6301
87.5532
81.7302
80.3509
80.2997
78.1794
79.4952
82.1627
86.923
81.5302
85.7097
85.8004
80.3006
77.5588
82.2324
79.1333
73.3024
78.0442
87.9043
72.7755
83.1459
85.4582
82.3788
81.1152
83.3207
78.8693
73.4616
87.3978
78.9167
82.6461
80.5008
72.8746
87.2438
84.6804
74.3854
87.7062
83.7904
79.5571
81.7819
73.7078
80.9666
73.1785
80.7177
80.8431
85.991
83.6009
75.9928
86.2148
32.4687
32.6808
29.8815
34.2897
34.7582
33.7599
34.8208
30.7347
34.3112
31.9289
29.8491
33.0803
23.2249
21.4454
20.2832
21.0553
21.951
20.9107
21.0293
21.9134
24.4688
23.5838
21.5925
24.4232
21.0766
20.2975
20.3502
20.1144
19.3863
20.0156
20.5943
20.5948
21.5521
19.9016
21.368
20.7999
21.9522
19.6349
21.7086
21.3847
20.6493
20.717
18.4266
21.9055
18.5162
20.3501
19.413
19.8141
20.4604
21.6562
19.8493
21.972
20.3908
18.6601
18.778
20.8845
18.2191
19.9405
18.6107
19.7518
21.0037
19.8391
18.6574
19.0114
19.4739
18.2818
20.3413
20.4341
18.2521
19.613
19.6598
19.339
20.231
19.3838
19.6656
21.1901
18.6484
20.4765
20.0224
19.2203
20.9101
20.2048
19.9094
20.6707
21.2092
21.8907
20.5174
21.4978
18.0044
20.1209
18.8586
18.3768
20.1279
20.9873
19.6491
20.6804
19.9589
19.7483
19.161
19.5304
19.3992
20.5847
18.4641
18.3705
20.6401
20.1852
19.7208
18.6098
19.6441
21.1589
21.5585
20.8103
18.2396
20.6816
18.9639
19.261
18.7835
21.103
20.5944
20.4473
20.6719
18.9471
19.7786
20.533
20.5464
21.1674
19.1484
21.0813
19.7607
20.6807
19.8229
21.7944
18.7172
20.7
20.3061
18.6909
18.264
21.1966
18.6298
18.746
21.9137
20.869
19.0019
20.3638
20.1364
21.3779
20.9173
21.3269
18.846
20.5609
18.161
18.2758
20.8541
18.0977
20.3191
21.3616
19.5198
18.1794
20.8554
21.7187
20.8687
20.3138
18.9201
18.0615
20.7787
18.9241
21.4327
19.8655
20.1225
21.0157
21.1177
20.5706
21.7537
21.9292
21.7875
21.2967
20.8225
20.6533
18.415
19.0859
61.2774
63.0688
67.1735
63.1929
73.4626
72.1575
62.1739
64.5852
72.3394
72.1214
74.0581
74.7666
84.9917
76.2053
73.7251
81.6105
74.4847
82.3553
78.127
82.1618
74.1217
77.7246
78.5936
84.477
75.808
86.4651
84.3685
83.1921
84.0824
81.1967
75.4498
74.5817
85.3463
83.1006
74.9588
81.3504
79.0658
74.449
80.4131
76.4125
73.4517
79.376
81.344
72.6632
78.3394
76.0312
72.4034
73.9218
74.2067
74.908
84.8337
79.0129
74.3355
73.5871
76.7486
84.7479
77.8127
74.5405
78.447
80.8656
72.4699
82.0383
78.3179
72.1522
82.7783
83.3942
82.0575
77.4672
80.4698
78.1908
83.206
81.3334
73.3081
82.2887
82.995
77.9305
86.0117
85.4874
74.8019
86.4674
79.0532
83.5792
85.0247
80.081
78.3855
86.6471
75.6935
76.1114
77.7858
85.7513
87.0204
75.5209
85.8218
76.1311
87.5301
81.5584
72.1134
72.5461
74.3597
75.0011
84.2819
75.5642
87.5062
82.1778
83.0802
75.485
86.2833
82.685
34.3322
34.9215
29.6041
29.4182
33.9418
34.3432
32.5361
31.1424
32.9768
30.7562
30.3257
31.9241
21.1284
22.327
24.4456
23.9222
24.3785
23.7724
21.7493
23.798
24.2947
24.4027
23.2207
21.1069
18.5947
19.0349
22.3869
20.3247
21.934
20.3368
21.1387
18.5309
19.4554
20.219
21.0151
19.1346
21.1593
19.551
21.3718
18.4802
20.8185
19.2653
21.2832
19.7028
20.7606
21.8416
18.1693
18.1311
21.1014
20.6053
19.1903
19.9968
18.1852
18.7878
19.7169
21.3567
19.9378
20.365
21.5157
19.2537
20.8068
21.4508
18.8141
19.4296
21.9234
21.9371
18.8965
18.2693
19.0874
19.5947
