19.9019
21.3964
19.5336
18.6731
21.3458
20.1956
18.7568
20.8815
20.0445
20.4173
19.8436
21.3148
21.3183
20.8376
18.4216
21.3554
20.6841
20.7881
19.4519
21.5171
20.9015
18.4504
19.6311
21.5455
18.1888
21.8457
20.7167
20.5255
19.0822
18.9952
21.7682
19.1931
21.102
19.5725
18.557
18.0429
20.177
21.9031
19.4765
19.4288
19.3764
20.0822
19.7627
21.5197
20.0221
20.031
18.5535
21.931
18.9999
18.2935
20.6526
20.3815
19.6606
19.6888
21.1403
18.7829
21.281
20.595
19.6759
19.8321
19.0266
21.0085
20.0515
19.2834
69.3063
74.742
67.1196
73.7214
65.8922
61.9444
63.9777
66.8943
64.187
61.2031
73.644
72.6768
81.3604
72.4445
71.708
70.8892
81.0769
84.2551
76.5219
71.6891
77.7923
75.2539
75.6573
79.4831
82.9985
73.327
72.134
87.3818
75.2693
72.4241
74.5878
72.1876
77.7994
84.3294
76.9952
78.6323
82.71
80.0461
85.6802
85.7535
72.072
84.3474
79.2765
87.7161
79.636
87.685
83.9722
75.8865
80.595
87.8531
85.6999
73.5402
83.282
77.5107
72.0944
78.4369
75.7379
85.0815
77.3787
85.2199
72.0061
76.9214
75.855
75.7334
73.0875
74.9904
80.8849
76.6581
78.6745
78.0261
86.0104
86.4806
79.8865
77.2818
73.7081
87.2536
72.9629
76.7617
76.7683
77.1257
74.6279
84.5298
73.9593
82.1577
73.9814
73.1284
86.5507
75.0419
85.1398
80.7139
73.2456
87.287
75.9512
85.7542
74.7008
85.6629
72.2116
80.1885
84.311
86.9567
86.5472
85.114
86.211
75.1875
76.5469
76.6235
78.0328
78.2931
32.2851
29.8232
33.224
29.8724
30.786
32.0214
33.8972
33.5326
32.9314
29.7969
32.3011
29.3597
21.8506
22.0126
20.3384
21.3875
24.4413
24.4323
21.7384
20.3531
20.9623
21.9171
24.4061
20.7926
21.5594
18.8772
22.4512
19.9951
21.6074
19.8353
21.0029
19.2185
19.0301
22.2743
22.1907
22.0671
20.6001
21.335
18.3639
19.432
19.3472
20.6412
19.5171
18.6833
20.4837
21.3596
19.6222
18.618
18.8048
18.9681
19.218
20.5909
20.4234
20.8043
19.4687
21.3164
18.8344
19.8952
21.2241
18.7386
18.443
21.5389
19.3754
20.7395
18.1049
20.7642
19.2681
18.2265
20.4432
18.9669
19.551
18.3258
18.5887
19.1919
18.359
21.6433
18.0242
19.9354
18.493
19.2307
21.7042
18.6468
21.8633
18.8232
20.9663
20.1867
21.5379
20.216
20.1382
18.7818
18.6649
21.666
19.3114
19.4883
21.0393
19.3553
21.8082
20.9517
20.3897
21.5236
18.1984
19.0283
19.8601
18.9079
20.9756
21.6768
19.6951
19.3685
21.8462
19.7794
19.9562
19.4066
21.6382
20.2758
21.0487
21.2472
19.3674
19.7348
21.3939
19.453
21.1757
21.764
20.4928
20.9665
21.2204
21.3802
19.5802
18.2051
19.6075
20.695
19.8014
20.9959
19.4279
20.539
18.7457
20.9975
20.1828
18.8163
19.1676
20.9944
19.9304
18.8641
21.8691
20.8605
21.8285
19.7084
19.9004
21.5918
20.1002
20.8291
19.0087
19.7869
18.4938
18.8239
18.0038
18.1571
21.9091
18.9694
20.6532
21.3564
20.2026
18.6126
20.9125
20.401
20.925
21.079
21.9016
20.2943
19.3666
20.5939
18.2738
21.5896
18.4775
19.3114
21.263
20.3892
19.5745
19.8937
21.4182
19.36
73.0272
62.3986
71.7645
72.7266
63.6727
67.0527
63.4508
70.8098
68.4807
69.8404
63.8722
64.0797
70.484
74.8385
78.5272
83.1551
80.1907
76.5974
84.6324
81.0027
84.2762
78.0282
73.8582
70.6599
83.1157
73.4972
76.3833
80.0364
80.5445
81.1197
74.2121
77.6073
81.3839
86.992
83.1402
86.2411
84.0944
81.3697
74.9823
82.5678
81.8757
81.5415
79.7408
80.362
77.2583
80.2126
75.0707
84.7809
74.9544
73.3419
78.961
82.5131
78.9845
76.4097
80.9113
77.5334
86.905
86.7415
80.0187
77.2276
83.7901
72.5839
79.5925
77.3775
86.7244
72.1886
80.8412
83.8466
79.7565
73.3629
87.5552
80.2843
81.8262
75.785
79.7352
78.8656
73.1976
73.6979
85.3987
75.8364
75.1186
80.0778
84.2991
72.9904
81.2288
73.9072
72.5832
72.8438
85.3465
73.8874
72.7223
79.0062
85.5037
76.1984
78.7473
72.6386
79.1852
81.2418
81.1345
77.3188
77.0485
73.7059
77.8687
73.5919
84.2655
87.4604
87.5212
85.8411
32.6451
33.2855
30.6253
32.8369
31.7162
31.8849
33.6498
30.6043
30.8354
34.7177
29.1598
31.9081
24.2493
22.8944
22.6079
21.2789
21.6979
23.9772
22.6653
22.466
20.6061
20.2318
24.4773
21.8489
20.9028
18.7585
21.23
22.2518
20.7899
18.9486
20.8147
21.571
20.0967
22.0358
21.089
22.1153
20.5924
18.6141
19.3311
18.8975
21.7392
21.1426
20.805
19.296
18.8261
21.1267
19.9921
18.9939
20.4861
18.1788
19.3232
19.8933
18.6097
21.9597
18.8545
18.5392
18.8322
21.0965
19.7209
20.2811
18.0875
18.1412
19.7871
21.2707
21.5451
18.3503
20.1573
21.6571
19.5556
21.3224
18.5383
21.7458
21.0057
21.7653
20.7065
19.4536
21.7527
19.1023
19.3287
20.8032
21.0613
21.7176
18.8192
21.192
20.9542
18.2552
19.5489
19.1311
19.218
21.9318
20.5711
20.8707
21.9065
19.5088
21.2074
19.7381
21.4781
18.7226
21.7907
18.8751
19.3049
21.0248
19.575
20.4328
19.7783
20.9695
18.9133
18.2338
19.1997
19.8972
18.6721
19.4192
19.5999
18.2296
20.3332
21.5374
18.607
20.3912
20.659
19.6773
20.8044
19.6429
20.0185
18.0294
20.7669
20.6454
18.1536
19.473
21.9161
19.6829
20.0078
21.6397
20.869
20.3283
21.1912
21.4575
19.8276
19.9004
19.5442
21.8668
20.7887
18.3329
21.4518
19.9222
18.275
20.1989
19.6687
21.511
18.816
21.3059
20.2308
18.2184
21.8874
20.0505
19.1635
19.8776
21.4314
19.2196
18.7707
18.5163
19.1914
21.1202
19.8865
18.9099
18.6647
19.3309
21.7597
19.3721
21.9525
19.9409
18.7167
21.5646
19.8414
20.8387
21.9348
18.2007
18.3868
20.8818
19.1273
18.7372
61.7353
61.4971
71.733
63.0283
67.561
69.4402
67.0256
61.5687
71.8556
61.343
71.5617
73.3489
76.5577
78.1516
77.2428
75.8805
83.6128
83.7138
75.0519
79.3859
84.2256
84.7711
77.739
76.8678
76.0004
86.8179
73.8393
80.7896
76.0617
76.0053
78.0086
87.4528
72.4422
80.7691
72.8812
74.0255
78.9382
80.0712
76.0493
76.9708
73.3034
76.7593
87.36
87.0108
77.2652
81.0363
86.4497
72.0124
84.9505
87.153
73.4436
74.5653
87.351
80.5813
72.2098
76.1038
79.1801
83.0666
83.7105
87.9056
76.5965
80.6077
80.5293
78.4866
74.703
87.6351
85.649
79.9695
81.648
75.6325
80.6967
83.1155
80.2419
87.8437
81.7807
77.9348
84.3536
74.7267
78.1515
77.5506
78.9082
84.5077
79.746
84.7034
81.2237
77.473
84.9595
75.8125
75.59
80.0719
76.1734
72.1453
82.3726
80.1773
79.1281
87.4713
81.1392
85.8149
74.2312
81.1073
85.8876
81.3297
83.4882
77.9527
73.4792
79.3264
78.3116
85.8729
30.3616
34.9871
34.9321
30.3848
31.0275
34.5316
34.9864
31.638
30.8544
32.167
33.2017
30.5502
23.4594
20.3914
20.3808
21.8906
21.7436
21.574
22.3598
21.5969
21.0213
21.5464
24.5276
22.0018
20.2535
20.7935
22.4598
19.4216
21.2225
21.3647
20.9196
18.7948
21.2045
18.6945
20.8738
21.4613
18.9343
21.469
18.2084
21.4779
19.9366
18.9609
18.6241
21.9179
18.3785
18.8866
19.4844
20.5792
20.1986
18.5203
19.1773
18.9732
18.8723
19.6634
20.8361
18.8879
19.4854
19.5825
21.9269
21.8396
21.2046
18.9703
18.2757
19.2713
19.0708
20.0275
21.115
21.4374
21.3836
19.4424
20.7529
19.255
18.2436
20.8063
18.0393
19.6367
19.3175
20.7735
21.065
19.2164
21.2465
19.1757
19.7853
20.9081
20.7717
21.9495
18.9006
20.6493
20.4387
21.6604
18.6254
21.0072
20.2731
19.0987
19.8977
19.3351
20.3173
21.556
20.2772
20.5269
20.075
18.2047
18.9314
19.968
19.2409
18.7271
20.0165
19.2912
19.0324
19.8559
18.5331
21.711
21.4708
20.8305
18.4249
21.1035
21.2318
21.0711
18.4559
20.5756
21.3373
20.3094
20.5856
19.8335
20.1148
18.1375
20.5559
18.3258
19.7401
19.1706
20.1817
18.5337
20.7666
21.18
18.6534
18.4173
18.5821
21.5085
20.1128
19.869
18.4268
20.5982
21.472
21.3127
20.5042
18.3011
18.4496
18.1972
19.0299
18.5426
19.0402
19.5402
21.7719
20.4415
21.3399
20.8414
18.45
20.9437
19.1004
20.5564
19.3638
21.9907
19.0542
19.1165
21.7227
18.0986
20.7868
20.9013
21.3455
21.8978
21.9024
18.2611
21.2874
20.5852
20.5894
18.5134
20.6007
21.9299
21.6473
19.7565
61.7433
66.1272
72.4389
70.7404
67.4471
61.9494
67.0058
67.5787
73.8284
69.9188
65.4385
68.3443
70.8652
84.9343
75.4281
77.2565
75.354
80.4326
80.1178
80.9418
74.0016
74.7392
71.7839
80.0135
72.2009
81.0735
85.3996
85.7358
78.7095
78.8728
72.7921
82.2358
84.6293
75.459
78.2684
84.9089
85.9307
75.7998
80.7122
74.9898
73.5417
86.474
85.026
84.0596
72.6929
85.3971
78.9139
77.3853
80.7242
73.444
84.0862
81.2994
74.9674
74.9937
74.93
72.8945
81.3852
85.4251
72.2626
72.7666
81.1604
85.1078
77.2241
77.5901
81.5376
76.3837
72.4223
83.7596
82.0065
81.2882
83.8629
82.7997
75.2934
77.639
74.0171
74.077
82.8183
85.7368
87.4029
82.0528
74.9449
73.6897
85.0048
81.2593
81.8924
84.5032
83.2523
85.3512
72.8993
83.9602
85.6135
76.578
82.247
77.0264
87.3274
72.5346
81.2767
74.664
83.3955
74.8142
75.7661
79.9099
86.6373
75.3874
74.3078
84.1436
80.0099
86.5885
29.7383
32.9339
30.2904
29.8033
33.1739
32.5996
33.6309
30.7806
31.667
31.395
35.0982
30.6704
21.4808
21.7484
22.6894
21.2904
24.2605
21.3503
24.1733
20.6236
23.1014
24.2233
20.916
24.4981
20.287
22.3056
21.2043
19.6673
19.2033
19.6761
18.813
19.0213
18.8607
20.1644
21.6907
19.0111
18.6102
20.6725
18.8789
18.4787
18.757
21.7991
21.3881
19.5095
20.7223
20.2458
20.8079
20.8302
20.5346
19.0827
18.1735
19.8413
21.5846
20.2975
21.35
21.9876
18.6724
20.787
20.717
21.9409
21.9466
20.7507
18.9781
21.1983
18.4317
21.1269
21.6449
19.5351
20.5265
19.7244
19.7549
19.2452
21.0485
21.7447
21.763
18.6991
21.499
20.9497
19.0113
18.2691
19.072
21.6488
20.5327
20.8842
19.0286
20.8776
18.1125
19.5013
20.507
18.5844
21.292
18.9401
20.6091
19.6208
20.3842
18.4298
18.0677
21.6383
19.0785
21.2787
21.9974
18.8457
19.0607
20.6514
21.8618
21.6633
20.0115
21.1804
18.543
21.9098
21.8574
18.6549
19.1977
18.4006
19.0869
21.2638
19.5133
18.3536
19.3689
21.9255
20.5187
19.6646
18.6662
21.9447
21.2834
19.1259
18.2803
18.2265
18.4815
20.3231
21.7151
19.987
21.3718
19.7835
20.8343
20.9275
18.6959
19.4449
20.5492
18.2828
19.4462
20.1392
21.9849
19.8981
21.2642
19.7283
21.1856
20.3817
21.5464
19.6438
20.4172
20.5201
19.6695
18.5772
18.3742
18.0667
21.4941
18.9459
18.846
20.9441
19.2801
20.0242
18.65
21.839
21.4063
21.4552
19.6271
21.0494
18.5755
18.0345
18.0799
20.3464
19.8216
20.0721
18.0299
19.6907
20.8723
19.7708
20.9289
18.9321
72.2587
69.2027
64.0664
64.4194
69.7412
72.4872
66.8525
64.7129
72.9914
70.302
67.294
67.8354
73.0101
79.568
75.4077
85.2924
77.2924
77.3809
78.622
84.0681
82.2687
76.8415
80.9942
78.9384
79.3986
74.6266
78.9464
75.4775
86.1176
76.9023
86.7128
80.0457
81.6121
80.2029
73.6257
77.5451
73.498
81.8689
79.055
84.3464
75.4369
74.5435
78.4071
86.7212
83.2667
78.6083
80.18
73.2594
87.7322
82.6427
76.5481
81.3534
73.734
87.4324
74.7786
82.3487
75.909
83.4609
84.4089
82.7548
81.8281
86.2754
73.2545
77.2909
75.969
87.804
78.2265
83.7178
82.9516
75.3897
75.8203
76.4969
78.5773
75.7485
72.3137
86.0695
87.4489
77.4644
77.4154
72.1128
82.8832
85.2062
74.345
74.5539
84.6412
81.8605
72.7176
81.9606
76.9425
77.8995
84.3155
84.9748
78.4056
87.1543
78.5033
84.3492
79.742
86.3605
86.5241
73.3986
86.9839
85.2085
84.6609
75.2146
84.8819
85.6021
76.6264
87.2361
29.1191
29.7594
32.2405
32.4851
32.929
28.9086
34.9463
29.0854
29.7156
28.8897
32.4279
34.7665
23.1434
23.8455
20.2195
22.5882
22.2188
22.3954
20.4835
23.2263
22.4144
23.5879
22.3341
20.8292
21.0873
19.1381
22.0053
20.9433
19.0759
22.3737
20.5552
18.7306
20.9995
19.4691
21.7239
21.7818
22.021
20.1035
19.915
21.1148
18.6188
20.2846
20.2819
18.446
19.7664
21.5159
21.5275
18.4853
18.3805
19.0691
21.5197
18.5334
20.9
18.4223
20.5122
19.4429
21.176
18.9529
20.5765
18.9609
20.8586
21.4988
18.5108
21.4705
20.3782
18.512
19.714
18.647
20.8054
21.0395
18.4267
20.0284
21.2585
21.7447
20.0541
21.8011
20.1428
19.5768
21.3928
19.9719
19.8876
19.9612
21.3871
21.3278
19.6141
19.3332
19.9677
20.2911
18.9533
21.1758
19.9459
19.3362
18.4273
18.9554
21.7971
19.2204
18.6754
19.8427
19.2284
18.1406
19.2926
20.1764
20.2068
19.4262
19.7892
21.8621
19.5094
19.0329
18.9739
19.8311
21.0381
18.824
20.8372
18.0846
19.6757
21.1035
19.3549
20.2549
18.8199
20.968
18.2091
21.4102
18.7928
21.4976
19.4101
20.8907
19.2769
21.6236
18.5065
18.7141
19.9721
18.3278
18.7839
21.7751
21.906
19.505
21.6931
20.1793
19.079
20.8096
20.6356
21.9565
19.0602
20.6882
18.2081
18.4546
18.0157
21.9978
21.2091
21.1469
20.0389
19.2003
18.6051
19.1387
19.5039
21.0252
20.1586
18.3099
18.0721
18.4093
19.642
21.7328
20.5496
21.2073
19.8655
19.4467
18.4336
21.5037
21.1326
18.6725
20.049
19.9495
20.5004
21.7847
20.3191
20.1609
18.2013
18.2516
18.7494
18.1299
71.3096
71.0373
63.0504
72.5707
63.3051
65.296
64.5861
66.2634
64.6634
67.8497
66.7407
74.6173
70.708
72.0467
70.6599
79.5531
70.686
82.8215
77.7853
78.0192
78.5559
72.491
72.9082
74.788
81.007
74.9097
73.4181
86.9967
71.9176
84.3341
84.1009
76.2949
73.725
73.8841
82.66
81.7912
84.4225
86.8953
82.9712
74.4042
75.804
85.3725
75.2585
73.0726
83.1526
78.3463
86.6166
82.3052
73.4291
87.1448
76.1186
77.3768
78.4173
72.8021
79.9251
73.9553
78.3967
77.5927
84.3452
84.8304
74.451
77.8611
77.9699
74.419
84.7712
83.3117
75.0425
77.8638
73.6893
82.0474
73.9384
87.7707
84.4901
78.2431
81.2562
86.5806
80.8648
74.7913
78.0585
85.4895
82.3066
82.4108
85.8683
86.3027
86.7165
73.5174
80.7059
83.848
84.1107
81.7073
74.6685
84.7586
83.5216
73.378
79.4208
74.7835
77.3996
72.2893
78.4052
80.798
81.9133
82.6158
85.3806
75.4474
73.9277
85.6246
74.5058
87.5961
34.1922
32.0056
35.0811
29.4232
30.7396
32.8846
31.04
34.7416
29.22
32.3162
32.5815
32.9775
21.3054
21.7933
23.9397
21.0333
23.8644
22.6807
23.5746
23.357
21.0897
22.7083
24.0474
22.0959
22.3912
20.2843
19.0168
20.0271
22.3302
19.7416
21.9877
22.0416
19.8664
18.773
21.3998
19.708
21.2331
19.8655
20.0368
21.213
19.6232
19.8674
19.5984
19.5628
20.2003
21.3371
19.5404
20.1935
20.7028
19.0961
19.1284
21.7545
20.9142
20.3282
20.6106
18.1346
20.4921
20.0573
20.2024
19.4564
18.3294
18.777
21.8072
19.6386
19.8705
18.2143
18.1537
20.8727
20.1562
20.0387
18.9761
20.983
18.6729
18.7597
19.8428
19.1451
18.9899
20.581
20.6039
21.2981
19.6708
18.2923
19.0947
21.92
20.385
20.8389
18.0294
20.0728
18.1501
20.2769
21.6831
21.8737
20.1622
19.8328
21.7801
20.6944
18.2596
19.8629
18.961
19.8792
19.8219
20.3286
19.4271
18.6571
20.0149
21.3208
20.656
19.3535
21.7421
21.6488
18.8374
18.1577
20.9652
21.3104
21.8715
21.5593
20.4021
20.1202
18.1114
18.9866
19.8385
20.514
20.229
20.9705
19.1191
20.2598
18.3526
19.6547
21.0006
20.7736
21.9626
19.1116
19.9928
19.3181
19.7624
21.4278
20.7368
21.5298
18.814
21.4934
18.239
21.5544
19.3163
19.2584
20.0484
21.7628
18.1911
19.4089
21.4263
19.5842
18.7966
19.6992
19.5422
21.6617
21.0477
20.0205
21.9535
19.8611
18.233
19.0491
19.7443
18.6276
21.7903
21.0674
19.0731
20.3632
20.8858
21.7651
21.5265
20.0608
21.0986
20.2486
20.2108
18.459
18.5046
20.1181
19.0754
18.0841
20.8914
18.1299
69.2958
68.533
74.3759
67.7853
62.065
68.703
72.6389
74.7572
67.0527
65.5561
73.5305
63.8009
79.3915
76.1367
70.4776
75.2299
73.9563
80.4881
84.5652
74.0001
82.434
70.6992
78.1916
70.9349
86.4229
83.7561
82.032
84.6712
81.8662
86.9781
82.9228
86.2738
79.7925
73.4298
79.9681
73.5858
81.3821
79.6242
81.8629
72.0742
75.0273
79.7655
87.1034
78.044
78.6954
83.335
81.5627
76.6907
78.5542
75.4651
87.4354
74.0724
77.9307
72.396
75.5303
84.4673
75.2008
73.2634
79.5721
72.1422
73.3527
84.9179
84.3395
86.6381
85.6681
82.9268
72.8338
84.5215
85.5241
84.7812
80.1318
75.7228
85.5245
83.6338
87.6913
74.4904
75.6099
75.388
84.6798
74.9898
73.0659
87.9761
72.3964
85.3631
77.8457
85.4657
80.8738
86.4259
86.8189
72.1454
73.2065
76.0056
82.7089
86.2122
79.3589
81.7114
75.016
84.8794
87.4772
76.2976
79.9172
73.3778
80.9462
80.0445
74.311
79.073
77.3456
80.3493
32.5482
28.8544
33.6704
33.3633
31.1442
29.1388
33.6316
34.9131
30.337
30.8706
29.9764
32.4924
20.8537
21.7557
23.2826
22.6693
21.8914
22.0427
22.6783
20.1863
20.5117
24.108
20.5089
23.3265
22.2005
19.5407
19.9495
20.7623
22.0435
22.29
21.4613
18.7868
21.1729
20.1126
20.36
18.6333
18.8543
21.2636
19.911
19.2988
19.6298
21.5204
21.0968
19.1809
18.5587
19.0992
21.7871
20.4239
20.1532
20.4051
19.4828
21.2488
20.1124
18.4847
18.534
20.1668
21.7672
19.2519
21.4988
21.0766
18.9949
18.1488
18.4109
20.918
18.8023
19.4888
20.0106
20.9059
18.4565
19.6292
19.9441
20.1672
21.2734
18.6867
21.2313
20.7715
20.2235
20.7981
19.6481
18.5536
20.6631
20.0987
20.5575
19.352
21.6275
20.3495
18.3416
19.7992
21.0254
21.1765
19.9784
21.579
19.0707
19.6424
21.5944
21.585
20.7429
21.4359
18.3551
21.46
19.2825
18.7133
18.9575
19.6719
19.0048
19.2823
18.5399
19.1847
20.2891
19.7674
19.3869
20.9858
21.574
21.0272
19.328
20.9778
18.6079
18.5213
19.3825
21.2308
18.9854
18.253
18.5268
21.435
20.5351
19.0128
20.2212
20.1103
20.6217
18.9328
21.4576
19.2375
20.7765
18.0645
19.4906
19.4068
20.1739
18.2909
21.1605
18.8711
20.7082
21.2128
20.2475
20.9635
20.6474
19.4221
21.2354
19.1788
20.2849
20.9816
19.5158
19.2111
19.8374
21.2719
21.7197
20.1803
20.6459
21.6131
18.3942
18.9283
20.8356
21.295
21.4281
19.6604
18.3574
19.7511
18.9229
19.1648
21.0891
18.3021
21.3103
19.7107
20.3843
18.3586
19.3494
18.3588
21.8462
21.229
19.8385
18.8944
73.895
65.8865
63.3894
68.859
74.0353
61.2521
64.4385
73.9629
63.5268
62.7401
68.9545
72.9211
77.2447
85.2756
80.3807
70.9896
85.2488
76.1705
74.3005
78.4983
74.5629
71.1818
69.8622
76.8175
84.8775
80.6701
87.4594
76.13
76.0284
74.1087
74.1773
76.1036
84.1773
85.9732
87.0758
75.2623
85.9974
77.1594
73.7169
85.8173
82.0791
74.5461
78.7826
76.5042
83.6882
79.1596
87.7231
72.7885
77.6616
79.6913
80.0309
77.0365
83.6478
85.9753
86.9986
84.8611
85.5887
80.7893
85.1938
76.8376
78.3719
77.0669
79.4744
76.5656
87.3816
77.0018
73.5652
80.4252
72.9101
73.7651
75.5066
79.4258
78.9313
84.7943
83.8308
78.8203
77.3385
77.0628
84.3831
72.8325
72.2045
84.7279
79.6336
74.0934
75.7689
86.9199
85.7519
83.3564
79.7155
80.325
87.6037
87.4522
75.4442
84.9775
75.1557
75.4165
82.8175
78.48
86.9047
73.4241
80.1844
86.6963
86.4658
74.5044
77.8662
81.9059
74.5503
87.4883
34.6544
29.8685
29.5754
29.3466
34.6204
30.0392
31.4642
31.6726
32.6337
29.2591
30.2512
34.7615
24.2297
23.6602
20.2469
21.625
22.9733
21.3929
24.2349
22.9998
20.4821
24.2323
24.4508
20.5082
20.6125
19.6746
20.0411
19.1679
20.7998
22.3559
20.4926
18.7716
20.9715
19.8256
21.9379
20.2124
18.8615
18.8545
21.1762
19.1538
21.1701
18.9139
19.3793
19.9573
21.8773
21.8312
18.9179
19.5262
18.6155
20.0592
19.8614
21.6238
21.7409
19.553
19.9861
21.6057
21.2472
18.0319
19.2987
19.706
18.9225
18.8019
18.1546
20.5774
19.0537
18.2129
18.9276
21.2117
21.4101
19.9361
19.6681
21.9156
18.8023
18.8614
19.1675
18.691
19.5175
21.6433
20.4614
19.6478
21.7376
18.1939
18.8411
20.2636
20.4622
18.1582
19.6122
20.5966
20.7923
20.5526
19.2823
18.3741
19.7084
18.515
21.7905
19.9007
19.269
21.0652
19.9918
19.2401
21.2479
21.4686
20.692
18.1879
20.2653
21.0532
18.546
18.9147
21.53
18.0805
21.0109
19.8951
19.7871
18.0284
21.2776
19.4393
20.1631
20.7092
20.8105
21.8239
20.1254
19.5989
21.8148
20.5684
19.1926
18.5059
21.3702
19.4487
20.6419
19.8833
18.7957
20.4067
18.2427
19.6534
20.1865
19.7442
20.9947
21.3117
21.085
18.1553
18.7765
20.1464
21.7393
21.3398
21.3701
19.2128
19.7178
19.8828
18.6295
18.1243
21.7876
18.9629
18.9598
18.3335
21.714
20.3189
20.6681
21.6463
19.3825
20.486
18.1552
18.7471
21.325
21.0671
19.4026
19.5072
20.1342
18.001
18.965
18.8329
19.0019
21.2236
19.1187
18.7661
20.0171
21.4626
18.9654
18.3141
19.4256
20.9906
68.6894
72.3084
74.2505
71.9802
69.4117
67.9094
61.7449
74.5868
66.4153
63.2703
70.2672
65.0663
78.9313
78.9466
76.7577
82.8166
73.9523
76.8028
78.185
80.1395
82.0072
75.9674
79.8666
72.1775
86.4008
77.6602
83.1703
71.8915
74.8313
79.3146
85.5357
79.9535
86.3567
79.2623
79.3681
73.4725
84.7407
75.8603
86.2901
86.4693
86.9885
80.2273
82.7341
84.3549
74.0073
81.5174
72.4617
79.8651
74.4596
74.9088
77.8221
78.9001
81.9511
73.1733
80.0399
74.904
81.1641
82.1787
80.8879
83.7926
77.366
84.2377
78.9205
79.7431
82.3657
72.2903
82.4599
81.8934
76.9539
73.3692
73.4514
86.7674
83.0277
74.0329
77.7068
81.4789
85.3683
72.6979
75.7854
86.2352
72.146
75.2217
87.3435
81.8136
76.1866
73.0717
72.4509
75.9158
86.1036
78.6545
83.5252
86.6924
78.5285
75.0603
80.2737
86.5292
84.87
73.0532
83.0811
81.1503
86.5194
73.9597
80.5445
86.0714
78.5604
79.7119
73.1273
76.4503
30.8768
34.8488
30.6091
31.7496
33.0963
29.838
31.9132
33.5266
34.3479
32.8081
33.0819
29.6082
24.3971
20.7539
23.6305
21.3464
24.3425
23.3854
23.5371
21.1414
22.1448
22.9278
23.6095
20.6257
22.3738
22.0783
19.5393
21.802
20.5551
20.3236
19.7199
20.8116
21.4216
20.1152
21.0093
21.2964
20.9445
18.2953
21.5419
19.9282
19.1411
19.0581
20.0277
21.6508
19.6071
21.0997
18.4755
19.9998
21.9878
21.102
18.8602
20.025
18.9527
19.6571
21.1406
21.1051
18.9306
21.7097
20.3898
19.5384
20.0116
20.4242
20.2434
19.9494
20.0236
18.7092
21.255
20.1709
18.5279
21.0687
21.7339
21.7934
19.4761
18.5421
20.0736
18.4504
21.7359
18.7343
19.0111
19.6265
19.5327
21.1787
19.8253
18.6831
19.0688
20.0365
18.5898
20.4466
20.263
20.8588
21.7508
21.649
21.7843
18.9789
18.5263
19.2091
21.5803
21.8882
21.4373
18.4401
21.7897
19.6934
18.0372
19.7696
18.1843
20.1755
19.3542
19.8937
20.4527
21.4752
20.6476
19.7362
21.2777
21.6223
18.479
20.1277
19.138
18.1882
20.6742
21.4511
18.6516
21.2497
21.4136
21.6574
19.0611
21.6158
19.2827
20.2094
18.202
18.1755
20.8815
19.7779
19.0252
18.7617
20.6798
18.0016
21.2236
18.317
18.766
19.5449
19.9394
19.42
19.2828
21.8557
20.5663
18.0937
19.7207
21.5
19.2058
18.3782
21.0335
20.4241
20.2813
18.2143
18.562
20.4902
18.8313
20.0163
20.1795
19.134
21.7937
21.3699
20.8895
18.312
18.4245
19.9711
18.6429
21.9131
18.6341
19.9499
19.4565
20.5575
18.5161
19.7213
19.0988
21.551
18.1623
21.6549
21.332
19.1903
71.9344
61.6245
74.3494
68.3617
65.3246
66.1311
62.1031
74.6552
61.7344
70.1067
67.2212
74.1053
73.6579
78.098
77.3262
80.7485
70.8955
72.8476
73.17
81.2961
72.7754
78.7406
73.1806
83.2124
86.5525
79.8141
77.1711
75.2905
72.3597
75.8382
81.973
80.0546
86.582
77.8704
82.6032
79.3502
80.105
76.1928
79.1841
79.4371
83.2063
86.9458
77.1764
72.588
79.8448
80.6145
74.6054
84.0664
87.7378
87.1115
75.1357
85.9852
83.2519
79.2425
80.6304
85.5731
79.663
77.9526
79.8728
81.2466
75.0216
86.4104
82.783
82.1284
73.5884
81.6629
73.9318
73.2556
80.4331
78.4408
81.4171
73.424
78.895
74.7959
87.7928
80.9776
82.9982
77.206
73.5151
87.6131
76.5794
78.7802
82.397
72.3945
84.964
80.5851
76.4513
72.9856
74.5998
86.3204
82.9762
75.9983
73.0495
83.0497
81.1584
78.4722
77.8178
75.469
82.7137
87.5307
74.8114
81.5538
78.7869
79.147
76.0663
85.2021
79.7641
80.6945
30.7505
29.9636
29.3498
33.3704
30.0559
33.2165
31.2984
31.461
31.8027
31.1533
29.444
30.7816
23.1335
23.1427
21.4423
22.2213
21.0266
21.1025
20.2632
24.1774
21.104
21.1794
21.4126
20.7308
21.0504
18.7398
18.9817
21.0729
19.8232
21.3318
20.7152
19.4807
21.0978
18.9083
20.6291
20.2226
19.163
20.514
21.5885
22.1012
20.5291
19.713
18.9916
19.1197
20.0134
19.5626
21.7592
19.5667
19.5125
19.5529
21.367
20.6229
20.4763
19.3551
21.292
18.1709
21.5038
20.0702
19.6118
20.0079
20.6736
18.0545
21.4903
19.7908
19.3756
18.5565
19.7617
19.9891
19.6184
20.7186
19.6874
21.8499
20.3971
21.2299
18.4374
19.5892
19.3474
20.2779
21.4445
18.3134
18.2903
21.4013
18.8514
20.675
20.1715
21.3316
18.5004
18.5191
20.2273
21.7855
19.66
19.3078
20.4268
21.7218
21.3477
21.9819
18.0903
18.4514
20.4379
21.2823
19.141
18.9568
21.1479
18.2255
19.4775
20.0232
20.2414
20.9145
19.4194
20.4507
20.3415
20.1905
20.5619
19.0378
18.3386
18.4771
18.8983
20.0008
21.3618
20.8052
21.1562
19.4039
19.6186
19.5747
18.7675
18.2449
20.3637
21.9569
18.6673
18.1867
21.1181
19.0103
21.3186
20.8157
21.7827
19.6357
20.6479
19.8594
20.5224
19.7984
18.7545
20.0316
20.1143
21.2424
20.9421
20.6552
18.4535
20.8825
20.0012
21.5764
21.6795
18.2206
21.2826
18.1508
19.4687
20.1692
18.5924
20.9853
18.0334
18.6744
20.3232
20.8576
21.6666
20.822
20.6871
19.5774
18.0051
18.4806
20.1382
20.7005
19.6698
20.9227
20.0874
18.2967
18.7681
21.36
20.8997
21.579
18.4702
21.9609
64.0479
61.3602
74.765
65.0226
70.2851
63.6029
69.0911
73.4949
65.5545
70.3155
63.7555
69.6972
75.0617
73.118
74.7006
72.6156
83.8377
76.0043
73.6467
76.7993
74.8147
81.3934
84.9133
76.6383
85.2619
80.5675
74.0687
82.5517
79.7337
81.9152
85.7176
78.5727
85.9003
83.5066
79.3388
81.1616
77.1166
87.6323
82.5784
72.6143
77.1333
81.8747
72.8139
72.2953
79.1053
77.2303
78.918
76.1116
74.6176
83.0064
80.2139
75.1844
77.0949
81.4494
73.1381
74.3414
73.1544
84.9767
84.0184
84.0328
83.4572
82.7062
79.628
82.2725
72.6103
81.9395
84.442
80.0019
77.7165
76.4352
82.2809
83.0808
85.9347
77.4766
84.3155
80.9809
86.1246
80.4442
80.2813
81.2453
83.9882
87.4342
73.1763
72.8543
87.0006
80.4779
81.8383
79.7186
73.4984
84.2893
83.9554
76.9871
76.8997
85.4053
73.1576
86.0975
76.1066
81.4877
86.9759
82.8499
78.6308
83.0325
77.5036
76.4361
87.9469
84.0126
82.3155
77.6846
29.1146
28.9988
32.3468
33.677
32.2392
34.181
29.0139
31.1472
30.3172
31.6625
29.2632
34.9064
21.1602
24.2919
22.068
24.5751
22.6422
24.3301
20.184
23.5121
24.2057
20.7859
20.5906
22.0621
22.2563
20.6536
20.5925
19.0101
18.4352
21.7503
18.7907
21.0282
22.1783
19.2866
21.157
18.7543
20.513
18.7453
21.0443
19.2971
19.9489
20.4956
18.7748
21.0672
19.3028
20.7486
18.7226
20.8521
18.5305
19.7203
19.0071
21.0137
19.0664
21.5475
21.588
18.8038
20.475
18.3685
19.5849
20.8733
20.6417
20.5027
19.1338
19.5158
18.4153
20.8801
20.0194
20.8391
18.9994
19.3015
19.3406
18.1064
19.3642
21.2132
21.5892
20.0729
19.822
18.1233
21.5168
18.052
21.779
19.9569
19.3677
21.6969
18.0976
20.3257
20.1957
18.8773
19.7155
20.6091
20.9085
18.0029
21.7474
18.6581
18.9343
19.0539
18.1513
18.4922
21.9454
19.2609
18.4612
18.428
20.8778
21.4183
19.0278
18.0836
18.8924
18.2261
18.4136
19.726
18.9197
20.0638
19.014
21.7621
21.6238
20.2672
19.4177
19.5246
19.6474
20.9103
19.8066
21.4269
21.7764
19.3438
20.2428
18.3802
18.8019
19.6539
18.8248
21.5062
18.6331
19.8226
20.4228
20.7675
19.5323
21.4764
20.2733
19.758
18.269
19.8588
21.2829
20.4582
21.3286
19.976
18.4738
18.0546
19.2129
20.792
21.161
19.183
19.9826
19.6845
19.6421
18.9254
18.5455
18.7868
18.2213
18.7925
18.0368
20.509
19.2655
21.8926
18.7749
19.3833
19.4314
18.0338
21.3568
18.128
21.7607
21.5683
20.1421
20.1744
20.6151
19.5482
20.5889
18.1791
18.2162
19.8289
20.1985
21.5513
62.6234
72.388
64.0566
66.5595
65.5058
66.6421
63.2467
68.0486
72.1023
67.2049
67.8723
72.7432
80.798
77.4519
73.8394
83.5741
78.7954
73.2722
74.0167
82.3046
70.5251
85.2373
71.8631
82.195
77.8465
79.3962
85.5739
78.1349
80.1163
72.3521
71.6053
75.4613
82.392
73.4966
73.3773
78.1039
82.2666
83.2931
74.7654
73.1855
86.9419
76.0793
85.5508
85.7129
84.2591
74.6117
85.0466
84.2068
81.528
77.3767
76.1818
73.9325
80.1369
81.3446
77.7308
79.5866
77.7976
82.2364
86.3994
74.6048
78.0988
74.2503
81.9952
83.6579
86.9064
76.4583
87.1992
73.0087
81.6443
72.9106
86.2962
80.4731
82.7088
85.3044
74.4043
72.6168
86.0613
77.0382
74.063
79.4946
81.5721
72.4948
76.3976
72.5241
78.7252
86.3214
87.7223
82.1926
74.5861
86.4934
80.2598
74.4598
86.7475
84.1193
83.7071
83.3467
75.2054
75.3761
83.0127
75.5155
79.0187
84.512
84.5432
79.2522
84.675
85.4179
82.4764
75.6548
30.5537
30.815
29.5475
30.5482
30.1409
31.7141
34.614
29.4687
33.4097
33.1986
29.4128
34.7045
22.7068
21.7895
23.5493
21.313
23.2669
20.3379
23.9205
22.1678
23.0124
21.1511
23.1933
23.6196
20.3703
20.9622
20.3011
22.0942
20.4713
21.88
21.7143
20.1134
19.3744
20.0953
21.8162
19.3644
20.1942
21.3263
19.5071
20.6676
19.0736
18.5256
21.2792
18.4842
19.1771
21.5233
19.4789
21.9973
21.94
19.0914
18.1814
20.8402
19.823
18.4207
20.8501
18.1421
21.5014
18.5724
18.527
18.7206
