94.8
68.4
42
112.8
42
68.4
14452.8
5.24534e+06
8059.6
628156
112.8
68.4
42
112.8
13621.4
5.21574e+06
28481.6
150981
481955
42
86.4
42
76.8
68.4
15181
5.24702e+06
9443.6
610772
68.4
42
94.8
60
68.4
42
103.2
68.4
42
112.8
42
68.4
68.4
86.4
68.4
42
112.8
42
68.4
68.4
177
68.4
42
112.8
68.4
42
121.2
50.4
68.4
68.4
86.4
68.4
42
112.8
42
68.4
68.4
86.4
68.4
42
94.8
68.4
42
94.8
60
68.4
42
112.8
68.4
42
112.8
42
60
68.4
86.4
68.4
42
121.2
42
68.4
68.4
86.4
68.4
42
103.2
68.4
42
112.8
42
68.4
68.4
94.8
68.4
42
112.8
42
68.4
76.8
94.8
68.4
42
112.8
68.4
42
86.4
60
68.4
42
112.8
68.4
42
112.8
42
68.4
68.4
94.8
68.4
42
112.8
42
60
68.4
68.4
60
42
112.8
68.4
42
112.8
42
68.4
68.4
86.4
68.4
42
112.8
42
68.4
68.4
86.4
68.4
42
112.8
68.4
50.4
112.8
42
68.4
42
104.4
68.4
42
94.8
42
68.4
68.4
168.6
68.4
42
112.8
42
68.4
86.4
68.4
68.4
42
112.8
68.4
42
121.2
42
68.4
68.4
86.4
68.4
42
112.8
42
68.4
68.4
94.8
68.4
42
112.8
68.4
42
121.2
42
68.4
42
112.8
68.4
42
121.2
42
68.4
68.4
94.8
68.4
42
112.8
68.4
42
94.8
60
68.4
42
121.2
68.4
42
18571.4
5.25029e+06
9171.2
607843
86.4
68.4
42
112.8
42
60
76.8
86.4
68.4
42
112.8
68.4
42
112.8
42
68.4
60
94.8
68.4
42
112.8
42
68.4
68.4
86.4
68.4
370344
112.8
68.4
42
94.8
60
68.4
42
112.8
68.4
42
112.8
42
68.4
76.8
94.8
68.4
13839.6
5.22959e+06
16840
153456
468662
86.4
60
42
112.8
68.4
42
112.8
42
13836.8
5.2362e+06
153.6
154007
531407
112.8
42
68.4
60
13847.6
27622.6
5.2192e+06
10121.6
617380
42
112.8
42
68.4
42
112.8
68.4
42
112.8
42
68.4
68.4
94.8
68.4
42
112.8
60
50.4
68.4
86.4
68.4
42
103.2
60
42
112.8
42
68.4
68.4
94.8
68.4
42
112.8
50.4
68.4
60
86.4
68.4
42
104.4
68.4
42
112.8
42
68.4
42
104.4
68.4
42
112.8
42
68.4
68.4
86.4
68.4
50.4
112.8
68.4
42
76.8
60
68.4
42
112.8
68.4
42
112.8
42
68.4
68.4
86.4
68.4
42
112.8
42
68.4
68.4
86.4
68.4
42
112.8
68.4
42
112.8
42
68.4
42
112.8
68.4
42
104.4
42
68.4
68.4
86.4
68.4
42
112.8
68.4
42
86.4
76.8
68.4
42
112.8
68.4
42
112.8
42
68.4
68.4
168.6
60
42
112.8
42
60
68.4
86.4
68.4
42
112.8
68.4
42
112.8
42
68.4
68.4
86.4
68.4
42
112.8
42
68.4
76.8
86.4
68.4
42
112.8
68.4
42
112.8
42
68.4
42
112.8
68.4
42
112.8
42
68.4
68.4
86.4
76.8
42
112.8
42
68.4
68.4
86.4
60
42
94.8
68.4
42
112.8
42
68.4
68.4
86.4
68.4
42
112.8
42
68.4
68.4
86.4
68.4
42
121.2
68.4
42
104.4
42
68.4
42
104.4
68.4
42
112.8
42
68.4
68.4
86.4
68.4
42
112.8
60
50.4
68.4
78
68.4
42
112.8
68.4
42
112.8
42
60
68.4
86.4
68.4
42
112.8
42
68.4
68.4
86.4
68.4
42
112.8
68.4
42
112.8
42
68.4
132.6
112.8
68.4
42
112.8
13821.4
5.2392e+06
8724.4
146965
486207
42
112.8
68.4
42
13668.8
5.05473e+06
188988
9340.8
618242
68.4
42
112.8
42
60
13850.4
5.23883e+06
100.8
157228
475077
42
68.4
50.4
86.4
68.4
42
94.8
15831.2
5.25472e+06
9759.6
612376
68.4
42
112.8
68.4
42
112.8
380402
67921.8
30026
6795.6
540829
173580
59274.6
22821.2
128455
179374
42
382510
13989.6
5.24773e+06
135.6
160630
482310
13986.6
5.62328e+06
104.4
161715
470046
411420
444172
7550
5.36763e+06
183575
706728
60
42
112.8
68.4
42
105.6
13791.2
5.25022e+06
7663.6
156440
441914
42
112.8
42
68.4
68.4
86.4
68.4
42
112.8
68.4
42
112.8
61.2
68.4
42
94.8
68.4
42
112.8
42
68.4
50.4
86.4
68.4
13729.6
5.27054e+06
74.4
165020
471107
86.4
68.4
42
112.8
68.4
42
94.8
42
68.4
76.8
86.4
68.4
42
112.8
42
68.4
68.4
86.4
68.4
42
112.8
68.4
42
112.8
42
150.6
42
104.4
68.4
42
112.8
42
68.4
68.4
86.4
68.4
50.4
112.8
60
50.4
94.8
60
60
42
112.8
60
42
112.8
42
68.4
68.4
86.4
68.4
42
112.8
42
68.4
68.4
86.4
68.4
13820
5.20843e+06
50360
9298.4
623246
42
68.4
60
103.2
68.4
42
112.8
42
68.4
13914.2
5.26049e+06
109.2
165351
473010
68.4
42
94.8
60
68.4
42
121.2
68.4
42
112.8
42
60
68.4
86.4
60
42
112.8
42
68.4
68.4
86.4
68.4
42
112.8
68.4
42
112.8
42
68.4
68.4
86.4
68.4
42
112.8
42
76.8
60
86.4
68.4
42
104.4
68.4
42
104.4
42
68.4
42
104.4
68.4
42
112.8
42
68.4
68.4
86.4
68.4
42
112.8
42
68.4
68.4
86.4
60
42
112.8
150.6
42
112.8
42
68.4
68.4
86.4
68.4
42
112.8
42
68.4
68.4
94.8
68.4
42
112.8
76.8
42
94.8
42
68.4
13886.6
5.26234e+06
9791.6
159329
466407
42
68.4
68.4
86.4
68.4
42
112.8
60
50.4
86.4
2076.6
442658
26745.6
13254.8
191149
157211
5.26532e+06
10222.4
501162
137906
86.4
68.4
42
112.8
42
68.4
393591
26651.2
28149.8
22968.8
6733.2
13529.2
6246
6300
6246
6290.4
6316.8
6282
6264
6246
6313.2
41675
54466.4
26403.2
47665
176263
79453.6
112.8
68.4
50.4
94.8
60
68.4
42
112.8
68.4
42
112.8
42
60
68.4
437168
26351
7042.8
159669
131236
729.6
68.4
86.4
68.4
52.8
112.8
68.4
42
112.8
42
68.4
68.4
86.4
68.4
42
112.8
42
68.4
60
86.4
68.4
42
104.4
68.4
61.2
112.8
42
68.4
42
112.8
150.6
448347
26580.6
23336.8
104507
173531
30177
126
291.6
112.8
42
68.4
68.4
86.4
68.4
42
112.8
68.4
42
112.8
42
68.4
76.8
86.4
68.4
42
112.8
42
68.4
68.4
86.4
68.4
42
104.4
68.4
42
104.4
42
395780
42
121.2
68.4
42
112.8
42
68.4
68.4
86.4
68.4
42
112.8
60
50.4
94.8
60
68.4
42
112.8
68.4
42
112.8
42
60
68.4
86.4
68.4
42
112.8
42
68.4
50.4
86.4
68.4
50.4
112.8
68.4
42
112.8
42
68.4
42
86.4
68.4
42
396196
42
68.4
68.4
86.4
68.4
42
121.2
68.4
42
94.8
60
68.4
42
112.8
19358.6
4.96132e+06
307415
9839.6
641753
68.4
86.4
60
42
112.8
42
397963
68.4
86.4
68.4
42
112.8
68.4
124.2
112.8
42
68.4
42
112.8
68.4
42
104.4
50.4
68.4
68.4
86.4
68.4
42
112.8
68.4
42
112.8
42
68.4
42
112.8
68.4
42
112.8
42
68.4
68.4
86.4
68.4
42
112.8
42
68.4
68.4
86.4
68.4
42
112.8
60
42
112.8
42
68.4
68.4
86.4
68.4
42
112.8
42
68.4
68.4
86.4
68.4
42
104.4
68.4
50.4
104.4
42
68.4
42
112.8
68.4
42
112.8
42
68.4
68.4
86.4
68.4
17005
5.22356e+06
845530
9984.8
576505
60
68.4
42
112.8
68.4
42
42861.2
395.6
5.26929e+06
9172.4
165651
486577
42
112.8
403321
68.4
404795
86.4
68.4
42
112.8
68.4
42
104.4
42
13802.8
5.27016e+06
162
176954
488646
112.8
42
68.4
68.4
215903
201789
5.15253e+06
120594
9496.4
628175
94.8
60
68.4
42
112.8
2.00646e+06
13715.2
5.23308e+06
42371.2
10496.8
655321
86.4
68.4
42
121.2
42
68.4
14034.8
5.27337e+06
9633.2
171097
487154
68.4
42
408561
42
68.4
13893.4
673317
4.60265e+06
9858.8
655134
42
68.4
76.8
94.8
68.4
42
897
68.4
42
94.8
68.4
68.4
42
121.2
68.4
42
17494.4
5.27565e+06
8075.6
174754
473365
68.4
42
121.2
42
60
15462.4
3.61255e+06
1.66865e+06
10143.2
423720
224625
42
103.2
42
68.4
58.8
13972
5.28515e+06
8310.4
175896
483480
68.4
60
86.4
68.4
42
112.8
68.4
42
13968.6
5.2847e+06
9681.2
174907
478678
68.4
42
112.8
42
68.4
68.4
94.8
68.4
42
121.2
60
50.4
94.8
68.4
68.4
42
121.2
68.4
42
121.2
50.4
68.4
68.4
94.8
68.4
42
112.8
42
68.4
86.4
76.8
68.4
42
121.2
68.4
42
121.2
42
68.4
42
112.8
68.4
42
121.2
132.6
68.4
68.4
94.8
68.4
42
112.8
68.4
42
94.8
68.4
68.4
42
121.2
68.4
42
121.2
42
68.4
68.4
76.8
68.4
42
112.8
42
68.4
94.8
68.4
68.4
42
121.2
68.4
42
121.2
42
68.4
42
103.2
68.4
42
112.8
42
68.4
68.4
86.4
68.4
42
121.2
76.8
42
94.8
68.4
68.4
42
112.8
68.4
42
121.2
42
68.4
68.4
86.4
68.4
42
112.8
42
60
94.8
68.4
68.4
42
121.2
68.4
42
112.8
42
68.4
42
112.8
68.4
42
121.2
42
68.4
42
86.4
68.4
42
112.8
68.4
42
112.8
42
68.4
42
103.2
68.4
42
121.2
42
68.4
76.8
86.4
68.4
42
112.8
42
68.4
94.8
68.4
50.4
42
103.2
60
42
121.2
42
68.4
68.4
94.8
68.4
42
121.2
42
68.4
86.4
76.8
68.4
42
104.4
68.4
42
104.4
42
68.4
42
121.2
150.6
42
121.2
50.4
68.4
68.4
76.8
68.4
42
121.2
68.4
42
94.8
68.4
68.4
42
112.8
68.4
42
121.2
42
68.4
68.4
94.8
60
42
121.2
42
68.4
94.8
68.4
68.4
42
94.8
68.4
42
121.2
14897.8
5.28599e+06
10156.4
175501
478443
42
121.2
42
68.4
68.4
94.8
68.4
42
112.8
76.8
42
94.8
60
68.4
42
121.2
68.4
42
121.2
42
68.4
68.4
94.8
68.4
42
121.2
42
68.4
94.8
68.4
68.4
42
121.2
68.4
42
103.2
42
60
42
111.6
68.4
42
112.8
42
68.4
60
86.4
68.4
42
112.8
68.4
42
94.8
60
68.4
42
112.8
68.4
42
121.2
42
68.4
50.4
94.8
68.4
42
121.2
68.4
42
94.8
68.4
68.4
42
103.2
68.4
42
129.6
42
68.4
68.4
94.8
68.4
42
121.2
42
68.4
86.4
76.8
68.4
42
112.8
68.4
42
177
60
68.4
42
112.8
68.4
42
121.2
42
68.4
68.4
94.8
68.4
42
121.2
68.4
42
94.8
68.4
68.4
42
121.2
68.4
42
121.2
42
68.4
68.4
94.8
68.4
42
121.2
42
60
86.4
76.8
76.8
42
121.2
68.4
42
104.4
42
68.4
42
112.8
68.4
42
86.4
42
68.4
68.4
94.8
68.4
42
121.2
68.4
42
94.8
68.4
68.4
42
121.2
68.4
42
121.2
42
68.4
68.4
94.8
68.4
42
121.2
42
60
94.8
68.4
68.4
42
121.2
68.4
42
121.2
50.4
68.4
68.4
94.8
68.4
42
121.2
42
68.4
68.4
86.4
68.4
42
96
68.4
42
94.8
60
68.4
42
121.2
68.4
42
121.2
42
68.4
150.6
94.8
68.4
42
121.2
60
50.4
94.8
68.4
68.4
42
121.2
68.4
42
121.2
42
68.4
68.4
94.8
68.4
42
121.2
42
68.4
86.4
76.8
68.4
42
121.2
68.4
42
78
60
68.4
42
112.8
68.4
42
103.2
42
68.4
68.4
94.8
68.4
42
121.2
68.4
42
94.8
68.4
68.4
42
121.2
68.4
42
129.6
42
68.4
68.4
94.8
60
42
121.2
42
68.4
94.8
68.4
68.4
42
121.2
68.4
42
86.4
68.4
68.4
42
112.8
68.4
42
112.8
42
68.4
68.4
94.8
68.4
42
121.2
68.4
42
94.8
68.4
68.4
42
121.2
76.8
42
121.2
42
68.4
68.4
94.8
68.4
42
103.2
42
60
94.8
68.4
68.4
42
121.2
68.4
42
112.8
50.4
68.4
42
94.8
68.4
42
112.8
42
68.4
68.4
86.4
68.4
42
112.8
68.4
50.4
94.8
68.4
150.6
42
121.2
68.4
42
121.2
42
68.4
50.4
94.8
68.4
42
121.2
60
50.4
76.8
76.8
68.4
42
103.2
68.4
42
112.8
50.4
68.4
68.4
86.4
60
42
121.2
42
68.4
86.4
76.8
68.4
42
94.8
68.4
42
68.4
68.4
68.4
42
121.2
68.4
42
112.8
42
68.4
76.8
94.8
68.4
42
121.2
68.4
42
94.8
68.4
68.4
42
186160
43832
42
121.2
42
68.4
68.4
94.8
68.4
42
121.2
42
60
94.8
68.4
60
42
112.8
68.4
42
94.8
68.4
68.4
42
121.2
68.4
42
112.8
42
68.4
68.4
94.8
68.4
42
121.2
68.4
42
94.8
68.4
76.8
42
121.2
68.4
42
121.2
42
68.4
60
185.4
68.4
42
112.8
42
60
86.4
68.4
68.4
42
14141
5.28823e+06
8306
178377
449290
76.8
42
94.8
68.4
42
112.8
42
68.4
68.4
94.8
68.4
42
121.2
68.4
42
94.8
68.4
68.4
42
121.2
68.4
42
121.2
42
68.4
76.8
94.8
3536
15855.8
5.28598e+06
9765.2
641066
94.8
68.4
68.4
42
121.2
68.4
42
86.4
13978.8
5.28669e+06
82.8
187471
503815
42
112.8
42
68.4
86.4
13990.4
3.57e+06
2.92831e+06
10428.8
548018
109506
86.4
68.4
68.4
42
112.8
68.4
42
121.2
42
68.4
68.4
94.8
6.51942e+06
6.50643e+06
6.53266e+06
4804.8
17245
6.48865e+06
68.4
17252.2
6.51519e+06
3.62274e+06
2.87141e+06
42
86.4
68.4
68.4
42
104.4
68.4
42
121.2
42
8654.2
71559.2
30698.2
10829.2
8162.4
76659
10336.8
19065.6
6.50049e+06
256.8
188988
1.27655e+06
9359.6
68.4
42
112.8
42
68.4
16658.8
6.50478e+06
148.8
10470.4
659091
248.8
42
94.8
68.4
68.4
61.2
112.8
68.4
42
104.4
50.4
68.4
42
104.4
68.4
42
112.8
42
68.4
86.4
60
68.4
42
17594
6.50925e+06
96
191335
531682
68.4
42
121.2
68.4
42
112.8
17338.4
6.50406e+06
8513.2
183341
467268
42
112.8
68.4
42
86.4
68.4
68.4
42
121.2
68.4
42
112.8
58.8
68.4
68.4
94.8
68.4
42
112.8
42
68.4
86.4
68.4
68.4
42
121.2
68.4
42
86.4
68.4
68.4
42
112.8
68.4
42
121.2
42
68.4
86.4
68.4
68.4
42
112.8
68.4
42
94.8
68.4
68.4
42
129.6
68.4
42
121.2
42
68.4
68.4
86.4
68.4
42
121.2
60
50.4
86.4
68.4
68.4
42
112.8
60
50.4
86.4
60
418926
42
103.2
68.4
42
121.2
42
150.6
94.8
68.4
68.4
42
121.2
68.4
42
94.8
68.4
68.4
42
121.2
68.4
42
112.8
42
68.4
68.4
94.8
68.4
42
121.2
50.4
68.4
94.8
68.4
60
42
112.8
68.4
42
94.8
60
60
68.4
94.8
68.4
42
121.2
42
68.4
94.8
68.4
68.4
42
121.2
68.4
42
76.8
68.4
68.4
42
121.2
68.4
42
121.2
42
68.4
68.4
86.4
68.4
42
112.8
68.4
42
86.4
68.4
68.4
42
121.2
68.4
42
94.8
68.4
60
68.4
86.4
68.4
42
121.2
42
68.4
86.4
68.4
68.4
42
103.2
68.4
42
94.8
68.4
68.4
42
94.8
68.4
42
121.2
42
68.4
86.4
76.8
68.4
42
112.8
68.4
42
94.8
68.4
150.6
42
121.2
68.4
42
112.8
50.4
68.4
68.4
94.8
68.4
42
121.2
4092.6
4832.4
855773
421387
68.4
42
121.2
68.4
42
86.4
68.4
68.4
42
121.2
68.4
42
112.8
42
68.4
94.8
68.4
68.4
42
129.6
68.4
42
16345.8
6.4568e+06
49570.8
10694.8
667069
68.4
42
112.8
42
68.4
68.4
86.4
68.4
42
112.8
60
50.4
94.8
60
68.4
42
121.2
60
50.4
68.4
68.4
68.4
60
94.8
68.4
42
121.2
42
68.4
86.4
68.4
68.4
42
121.2
68.4
42
94.8
68.4
68.4
42
121.2
68.4
42
112.8
42
68.4
68.4
86.4
68.4
42
112.8
60
50.4
103.2
68.4
68.4
42
112.8
60
42
86.4
68.4
68.4
68.4
94.8
68.4
42
121.2
42
68.4
94.8
68.4
68.4
42
121.2
68.4
42
86.4
68.4
150.6
42
112.8
68.4
42
121.2
42
68.4
68.4
86.4
68.4
42
112.8
60
50.4
86.4
68.4
68.4
42
129.6
68.4
42
94.8
68.4
68.4
68.4
94.8
68.4
42
112.8
42
68.4
94.8
68.4
68.4
17557.6
6.50901e+06
9964.4
185269
575268
68.4
68.4
42
94.8
68.4
50.4
112.8
42
68.4
94.8
68.4
68.4
42
121.2
60
50.4
86.4
68.4
68.4
42
121.2
60
42
112.8
42
68.4
68.4
86.4
68.4
42
121.2
42
68.4
76.8
68.4
68.4
42
112.8
68.4
42
94.8
68.4
68.4
42
121.2
68.4
42
121.2
42
68.4
86.4
68.4
68.4
42
121.2
68.4
42
103.2
68.4
68.4
42
121.2
68.4
42
112.8
42
60
68.4
86.4
60
42
112.8
42
68.4
86.4
76.8
68.4
42
112.8
68.4
42
94.8
60
68.4
68.4
94.8
68.4
42
103.2
42
68.4
94.8
68.4
68.4
42
112.8
68.4
42
94.8
68.4
150.6
42
112.8
68.4
42
121.2
42
60
76.8
94.8
68.4
42
112.8
42
60
86.4
68.4
68.4
42
121.2
68.4
17574.6
6.5122e+06
9831.2
185869
487750
86.4
68.4
42
112.8
42
68.4
86.4
68.4
68.4
42
121.2
425222
42
68.4
68.4
68.4
42
121.2
68.4
42
112.8
42
76.8
86.4
76.8
68.4
42
121.2
42
68.4
16614.2
6.46087e+06
44864
10536.4
671161
59550.6
27928
55821.4
10198
446657
9692
441512
8.28542e+06
301867
172516
664002
68.4
481539
26538
90486.2
173415
42133.6
68.4
42
86.4
68.4
68.4
42
112.8
16505.6
6.38464e+06
127753
10156.4
661541
17379.2
68.4
436161
42
132
60
17253.4
6.52271e+06
100.8
207581
498226
114
60
42
112.8
50.4
15375.2
2197.6
6.52218e+06
10328
198190
476401
42
68.4
68.4
142.2
68.4
42
121.2
68.4
50.4
94.8
68.4
68.4
42
94.8
68.4
42
112.8
42
68.4
94.8
68.4
17586.4
6.52866e+06
9884
198921
485634
86.4
68.4
68.4
42
112.8
68.4
42
121.2
42
68.4
68.4
86.4
68.4
42
112.8
42
68.4
94.8
68.4
68.4
42
112.8
68.4
42
94.8
68.4
68.4
60
94.8
68.4
42
437579
42
68.4
86.4
76.8
68.4
42
112.8
68.4
42
86.4
68.4
68.4
42
112.8
68.4
42
121.2
42
68.4
86.4
68.4
68.4
42
112.8
42
60
86.4
68.4
68.4
42
112.8
68.4
42
94.8
68.4
68.4
68.4
78
68.4
42
112.8
42
68.4
94.8
68.4
68.4
42
112.8
68.4
42
94.8
68.4
76.8
42
121.2
68.4
42
121.2
42
68.4
86.4
76.8
68.4
42
121.2
42
68.4
86.4
68.4
68.4
42
112.8
68.4
42
94.8
68.4
68.4
68.4
177
68.4
42
112.8
42
68.4
86.4
68.4
68.4
42
94.8
68.4
50.4
94.8
68.4
68.4
42
112.8
68.4
42
94.8
42
68.4
86.4
68.4
68.4
42
94.8
68.4
42
86.4
68.4
68.4
42
112.8
68.4
42
112.8
42
68.4
50.4
86.4
16610
6.49066e+06
47699.2
10153.6
686897
68.4
68.4
68.4
42
112.8
68.4
42
86.4
68.4
68.4
42
112.8
68.4
42
94.8
42
68.4
86.4
76.8
68.4
42
94.8
68.4
16621.6
6.4754e+06
47142
10739.2
681930
112.8
68.4
42
112.8
42
60
86.4
68.4
60
42
112.8
42
68.4
86.4
68.4
68.4
42
104.4
68.4
42
86.4
60
68.4
42
112.8
68.4
42
112.8
42
68.4
86.4
68.4
68.4
42
112.8
68.4
42
86.4
68.4
68.4
42
121.2
68.4
42
112.8
42
68.4
86.4
68.4
2759.8
42
112.8
124.2
60
86.4
68.4
68.4
17571.8
6.53457e+06
146
211182
486537
50.4
68.4
68.4
68.4
68.4
42
104.4
42
68.4
86.4
76.8
87.6
42
112.8
68.4
18387.4
6.485e+06
47099.6
10090.4
688245
112.8
68.4
42
112.8
42
68.4
16565.6
6.48534e+06
47588
10169.6
675586
60
50.4
86.4
68.4
60
42
112.8
68.4
42
104.4
50.4
60
86.4
60
68.4
50.4
104.4
42
68.4
86.4
68.4
68.4
42
112.8
68.4
42
86.4
68.4
68.4
42
112.8
68.4
42
112.8
42
16154.4
6.47191e+06
49098.4
10301.6
203307
509230
68.4
42
86.4
68.4
68.4
42
112.8
68.4
42
112.8
42
68.4
86.4
68.4
68.4
42
104.4
42
68.4
86.4
68.4
68.4
42
104.4
68.4
42
86.4
68.4
68.4
60
94.8
68.4
124.2
112.8
42
68.4
86.4
17340
6.5302e+06
8160.4
206590
489172
50.4
86.4
68.4
68.4
42
112.8
68.4
42
112.8
42
68.4
86.4
68.4
60
42
121.2
42
68.4
86.4
60
68.4
42
86.4
68.4
42
16615.2
6.48649e+06
46252.8
10219.6
695554
68.4
42
129.6
42
68.4
86.4
68.4
68.4
42
121.2
68.4
42
94.8
68.4
68.4
42
112.8
68.4
42
112.8
42
68.4
94.8
68.4
60
42
94.8
42
68.4
86.4
68.4
68.4
42
121.2
68.4
42
86.4
68.4
68.4
68.4
86.4
68.4
42
121.2
50.4
68.4
94.8
68.4
68.4
42
112.8
68.4
42
86.4
68.4
68.4
17532.4
6.52059e+06
9567.2
205671
483933
42
68.4
94.8
68.4
68.4
42
17626.6
6.52914e+06
114
10749.6
703463
76.8
42
112.8
1645.8
438
104.4
50.4
68.4
68.4
86.4
68.4
16553
6.4834e+06
47546.4
10285.6
530055
156580
68.4
42
112.8
68.4
42
16680.4
6.50181e+06
33566
9881.2
687548
68.4
52.8
94.8
124.2
68.4
86.4
50.4
844.2
42
112.8
60
50.4
68.4
68.4
68.4
42
121.2
60
42
112.8
42
68.4
68.4
86.4
68.4
42
112.8
42
68.4
17763
6.53676e+06
9876.4
208429
519233
68.4
42
94.8
68.4
76.8
68.4
17656.8
6.53245e+06
7890.8
416274
719959
68.4
94.8
68.4
68.4
42
121.2
17409.8
6.51067e+06
25029.6
10417.6
710586
42
112.8
68.4
42
112.8
42
16749.6
6.51926e+06
19775.6
10686.4
705126
112.8
61.2
68.4
86.4
68.4
68.4
42
103.2
68.4
42
94.8
68.4
68.4
68.4
78
68.4
42
121.2
42
68.4
94.8
68.4
68.4
42
121.2
68.4
42
94.8
68.4
68.4
60
103.2
68.4
42
112.8
42
68.4
94.8
68.4
60
42
112.8
42
60
68.4
68.4
68.4
42
112.8
68.4
124.2
94.8
60
68.4
68.4
86.4
68.4
42
112.8
42
68.4
94.8
50.4
68.4
42
121.2
68.4
42
94.8
76.8
68.4
68.4
94.8
68.4
42
121.2
42
68.4
94.8
68.4
68.4
42
121.2
42
68.4
76.8
68.4
68.4
42
121.2
60
42
86.4
68.4
68.4
68.4
68.4
68.4
42
112.8
42
68.4
86.4
68.4
68.4
42
112.8
68.4
42
94.8
68.4
68.4
68.4
94.8
68.4
42
121.2
42
68.4
94.8
68.4
68.4
42
129.6
68.4
42
94.8
68.4
60
42
103.2
68.4
42
121.2
42
68.4
68.4
68.4
68.4
42
112.8
50.4
68.4
94.8
50.4
68.4
42
104.4
68.4
42
94.8
68.4
68.4
68.4
94.8
68.4
42
121.2
42
68.4
94.8
68.4
68.4
42
121.2
68.4
42
86.4
68.4
68.4
60
103.2
76.8
42
112.8
42
60
168.6
50.4
42
42
112.8
42
68.4
94.8
60
68.4
42
112.8
68.4
42
94.8
68.4
68.4
50.4
94.8
75
42
108
42
75
75
75
75
42
141
42
42
108
75
75
42
108
75
42
108
42
85.5
64.5
75
75
42
141
42
64.5
108
75
75
42
141
42
42
108
64.5
75
42
87
75
42
108
42
75
75
75
75
42
141
42
42
108
75
75
52.5
108
64.5
42
108
42
75
75
75
64.5
42
141
4505.25
263352
108
75
75
42
141
103.5
42
108
52.5
582947
7.36912e+06
59923.5
12740.5
264603
603240
42
75
75
75
75
42
141
42
42
108
75
75
42
108
102
42
108
42
85.5
75
75
75
42
141
42
52.5
108
75
64.5
42
108
42
42
108
42
177.75
64.5
75
91.5
42
85.5
42
75
75
75
75
42
130.5
42
42
108
75
75
42
108
75
52.5
108
42
75
75
75
91.5
42
141
42
52.5
108
75
75
42
108
42
42
108
42
75
64.5
75
75
42
75
42
75
87
64.5
102
42
130.5
42
42
85.5
75
75
42
97.5
75
42
108
42
75
75
75
75
42
141
42
52.5
108
75
85.5
63
118.5
42
42
108
42
75
75
75
75
42
141
42
75
97.5
85.5
75
42
141
42
42
108
75
75
42
97.5
75
42
97.5
42
75
75
75
75
42
141
42
42
108
75
75
42
108
64.5
42
97.5
42
75
75
75
75
42
141
42
75
108
75
75
42
221.25
42
42
108
52.5
75
42
75
75
42
97.5
42
75
42
75
75
42
141
42
42
108
52.5
75
42
108
85.5
42
108
42
75
75
75
75
42
141
42
75
108
75
75
42
108
42
42
108
42
75
64.5
75
75
42
97.5
42
75
87
75
75
42
141
42
42
108
75
75
42
97.5
75
42
108
42
75
85.5
75
75
42
141
42
52.5
108
75
75
42
108
42
42
108
42
75
75
75
75
4317.25
55571
171687
151808
108
64.5
75
42
118.5
7880.75
75850
85.5
64.5
75
42
108
108
42
97.5
42
303094
129247
160622
80307.5
42
141
42
42
108
39255.2
16998
42
108
64.5
42
108
271109
85797.5
169014
96812.2
75
42
130.5
42
75
40684.2
19674.2
75
42
118.5
42
75
108
75
75
42
85.5
75
42
97.5
42
75
75
75
75
42
141
42
42
85.5
75
75
42
108
75
42
108
42
75
75
75
75
42
141
42
75
108
75
64.5
42
108
42
42
118.5
64.5
75
42
75
75
42
108
42
75
75
75
75
42
141
42
42
108
75
75
42
108
13496.8
60907
108
42
75
75
75
20696.8
8.12506e+06
192
13226
853048
108
75
75
42
108
1022.25
1810
664623
12378.5
269270
16024.5
75
75
42
108
42
75
97.5
75
75
42
141
42
42
108
75
75
42
97.5
75
42
108
42
75
75
