0.132642
0.222134
0.19175
0.26079
0.471314
0.477296
0.446585
0.496146
0.495432
0.429186
0.416407
0.376366
0.34631
0.324941
0.224988
0.193877
0.195783
0.179647
0.179125
0.156442
0.139389
0.140955
0.0922539
0.0822161
0.0908498
0.15718
0.172728
0.256566
0.428284
0.444227
0.483698
0.458668
0.418402
0.393452
0.313872
0.289183
0.249156
0.256173
0.212968
0.21677
0.197776
0.187934
0.18742
0.187507
0.168981
0.152075
0.137461
0.104113
0.142919
0.143275
0.185619
0.172908
0.489569
0.475371
0.510875
0.539296
0.56267
0.49364
0.375072
0.367232
0.309528
0.289908
0.247274
0.225067
0.23548
0.243742
0.226198
0.22048
0.177475
0.16511
0.13066
0.114741
0.141168
0.186317
0.229542
0.373359
0.487958
0.53915
0.464485
0.622171
0.557672
0.454296
0.455316
0.405902
0.41246
0.321671
0.313384
0.261011
0.267151
0.202422
0.250152
0.258616
0.203289
0.167275
0.12984
0.117719
0.185197
0.252898
0.231405
0.36899
0.493795
0.495959
0.449545
0.418541
0.594472
0.660832
0.564547
0.426793
0.401047
0.249062
0.310849
0.233542
0.216787
0.23424
0.224835
0.22477
0.186996
0.192105
0.134937
0.129936
0.167605
0.18141
0.231297
0.288951
0.459123
0.577887
0.459511
0.573333
0.735812
0.531054
0.481356
0.449879
0.420884
0.322865
0.143973
0.0449099
0.23191
0.307814
0.215337
0.200956
0.457925
0.207634
0.183787
0.166145
0.0546899
0.413494
0.212666
0.405485
0.393868
0.529877
0.474259
0.481501
0.714379
0.594971
0.497414
0.472394
0.391052
0.347262
0.295053
0.279555
0.24734
0.234331
0.244477
0.260264
0.197594
0.196832
0.165663
0.143359
0.213876
0.217571
0.234414
0.346885
0.417195
0.42452
0.548664
0.58473
0.612968
0.570865
0.580353
0.525839
0.396771
0.34695
0.288522
0.256968
0.270502
0.239743
0.234362
0.187886
0.225183
0.161582
0.150193
0.13853
0.139423
0.145971
0.186879
0.31964
0.520614
0.453552
0.502821
0.594175
0.416779
0.457052
0.425054
0.391342
0.565611
0.32179
0.224333
0.246549
0.208119
0.22825
0.207939
0.202167
0.209551
0.184091
0.175729
0.156583
0.16978
0.21368
0.30793
0.206288
0.384913
0.485702
0.543841
0.512708
0.514568
0.38708
0.299223
0.467463
0.305939
0.266237
0.228824
0.37748
0.22264
0.239374
0.210808
0.20722
0.183171
0.175353
0.149082
0.133221
0.152328
0.194135
0.228317
0.317832
0.368739
0.506949
0.475003
0.493426
0.48403
0.525203
0.374462
0.298931
0.209248
0.395342
0.247452
0.201449
0.226588
0.216552
0.217819
0.279014
0.1768
0.155744
0.167905
0.145339
0.162311
0.225127
0.305405
0.272592
0.333845
0.500683
0.39431
0.688708
0.546541
0.46835
0.438413
0.405492
0.347464
0.355935
0.321369
0.297297
0.310397
0.27934
0.273139
0.216208
0.218956
0.185362
0.16041
0.229631
0.211899
0.236991
0.285075
0.496804
0.414683
0.658459
0.477003
0.596747
0.512225
0.491376
0.376931
0.335409
0.331426
0.330963
0.165795
0.394206
0.285497
0.285427
0.282909
0.264734
0.294095
0.214179
0.180679
0.270199
0.271868
0.224572
0.362204
0.493508
0.486754
0.509806
0.606573
0.620478
0.536818
0.588277
0.520051
0.407757
0.320313
0.303096
0.256693
0.229651
0.199366
0.204157
0.201065
0.211396
0.174168
0.128644
0.11327
0.193969
0.211982
0.182067
0.285383
0.289536
0.433114
0.434268
0.607351
0.551778
0.513738
0.575968
0.46494
0.363469
0.292985
0.274288
0.212546
0.213512
0.198521
0.191003
0.17664
0.178073
0.135347
0.114143
0.10457
0.144247
0.170474
0.153459
0.19002
0.375303
0.347942
0.390454
0.409452
0.430285
0.424309
0.45268
0.44552
0.15765
0.400906
0.241244
0.169687
0.23516
0.200913
0.203985
0.205138
0.142881
0.448868
0.139352
0.128736
0.128573
0.162723
0.000983972
0.242903
0.382483
0.329845
0.523378
0.458857
0.399163
0.379556
0.419892
0.30092
0.280302
0.25352
0.259409
0.193844
0.218604
0.195998
0.187713
0.196431
0.176175
0.161065
0.145489
0.107553
0.155953
0.209577
0.148669
0.209512
0.295059
0.361572
0.439566
0.491475
0.442615
0.44816
0.438678
0.374056
0.379522
0.321534
0.331314
0.259387
0.256637
0.22503
0.243701
0.213428
0.147535
0.221123
0.157067
0.13584
0.142732
0.203193
0.162148
0.035609
0.517897
0.370649
0.612499
0.478237
0.44653
0.41963
0.404136
0.378717
0.00326508
0.00307837
0.455161
0.297786
0.202158
0.241454
0.220964
0.225213
0.211517
0.196342
0.147722
0.13402
0.141014
0.168965
0.158813
0.223774
0.457448
0.497111
0.469454
0.49528
0.465535
0.531951
0.453101
0.427706
0.172425
0.423705
0.266948
0.260454
0.0626685
0.335432
0.220404
0.273034
0.229069
0.209344
0.154836
0.171468
0.203818
0.298213
0.232936
0.27172
0.375882
0.377436
0.439536
0.577577
0.475052
0.561544
0.454925
0.410818
0.310035
0.318735
0.32263
0.2631
0.239908
0.246359
0.23487
0.235312
0.258921
0.215918
0.168897
0.136201
0.195074
0.2579
0.212126
0.253617
0.280396
0.335011
0.325473
0.47831
0.42241
0.428092
0.454568
0.434495
0.376663
0.276658
0.231251
0.230442
0.221718
0.147292
0.27197
0.18425
0.183855
0.146499
0.136459
0.0877858
0.113553
0.123708
0.149412
0.218855
0.361514
0.208198
0.488597
0.508213
0.41313
0.448025
0.359762
0.376603
0.289074
0.316293
0.323628
0.259225
0.229333
0.217185
0.202887
0.192563
0.17521
0.130037
0.172504
0.10268
0.122843
0.162795
0.171762
0.291704
0.401144
0.471953
0.447094
0.581099
0.46425
0.49623
0.452098
0.433816
0.387994
0.338336
0.309087
0.290744
0.305809
0.317276
0.297205
0.235773
0.188287
0.171487
0.133995
0.10275
0.128253
0.174346
0.153734
0.224687
0.362468
0.194475
0.691956
0.468199
0.444024
0.488482
0.453175
0.413452
0.378407
0.290162
0.267312
0.31646
0.260712
0.236258
0.233286
0.197457
0.158111
0.154896
0.128176
0.0970092
0.124495
0.134243
0.125321
0.229197
0.505903
0.44342
0.417951
0.534483
0.549755
0.470625
0.442797
0.412228
0.377236
0.277505
0.307154
0.251962
0.257591
0.248773
0.239098
0.221741
0.171689
0.157733
0.126886
0.100102
0.129498
0.190892
0.184491
0.337006
0.505486
0.556097
0.467202
0.567046
0.452915
0.496396
0.470617
0.42755
0.378978
0.332794
0.268991
0.274022
0.251702
0.241048
0.246217
0.215926
0.24995
0.158908
0.137553
0.197562
0.288752
0.381611
0.273988
0.500351
0.580597
0.430049
0.420264
0.534716
0.751039
0.52612
0.560445
0.405884
0.447607
0.369952
0.34919
0.300691
0.346
0.310183
0.394767
0.3089
0.30013
0.257982
0.220632
0.213772
0.255685
0.329683
0.265684
0.442111
0.705293
0.489618
0.570972
0.226964
0.625506
0.587567
0.494468
0.485719
0.343258
0.326608
0.295759
0.255624
0.268808
0.178107
0.203492
0.18177
0.158421
0.147071
0.12154
0.0939121
0.12577
0.173913
0.164389
0.311083
0.538721
0.427245
0.504778
0.642476
0.552253
0.475174
0.488051
0.437199
0.37182
0.310788
0.303476
0.185488
0.228444
0.228989
0.224449
0.166602
0.136542
0.131425
0.120691
0.11827
0.162574
0.178186
0.303853
0.55079
0.44101
0.530068
0.464782
0.480717
0.438504
0.344223
0.164216
0.451335
0.488523
0.301641
0.262345
0.271072
0.25779
0.293766
0.201902
0.180894
0.183241
0.152547
0.121649
0.132783
0.191173
0.247488
0.307326
0.354037
0.517269
0.457137
0.546461
0.450288
0.48236
0.485722
0.587477
0.948151
0.657291
0.182411
0.210126
0.335357
0.298047
0.238644
0.212103
0.185924
0.154776
0.136657
0.160231
0.21083
0.286224
0.436791
0.461445
0.576718
0.678799
0.543104
0.65185
0.51532
0.567822
0.476314
0.410222
0.370215
0.0360734
0.3238
0.343161
0.397203
0.31553
0.301445
0.267621
0.233377
0.194453
0.138648
0.21303
0.258791
0.249521
0.276818
1.05144
0.550762
0.555629
0.609985
0.57783
0.590269
0.552825
0.491198
0.410258
0.339096
0.286051
0.323586
0.304787
0.255882
0.247208
0.250141
0.251944
0.258219
0.226016
0.159071
0.211006
0.247688
0.28271
0.424724
0.543315
0.61625
0.65444
0.635823
0.821226
0.842165
0.731632
0.540965
0.455898
0.374289
0.319265
0.307065
0.273386
0.260776
0.286839
0.278639
0.305873
0.287768
0.266757
0.261519
0.279994
0.357949
0.395058
0.514521
0.53256
0.476172
0.602362
0.644956
0.697846
0.698616
0.705036
0.617404
0.51239
0.403875
0.374579
0.285211
0.258319
0.247235
0.252419
0.215061
0.219272
0.259993
0.112466
0.12989
0.184369
0.29159
0.354687
0.369694
0.616149
0.571445
0.57131
0.76317
0.542183
0.624161
0.57788
0.674388
0.465648
0.379129
0.377606
0.29503
0.294381
0.286842
0.643067
0.111433
0.167272
0.136372
0.178217
0.213758
0.243714
0.397671
0.569863
0.615672
0.565135
0.649624
0.684602
0.64953
0.761554
0.547738
0.414906
0.34575
0.290038
0.29169
0.251922
0.253541
0.232801
0.217426
0.235866
0.195312
0.195701
0.204026
0.147768
0.268017
0.265701
0.39881
0.45743
0.652012
0.581057
0.484556
0.510756
0.552549
0.528957
0.499399
0.444223
0.345759
0.356208
0.365412
0.303965
0.312721
0.265142
0.203904
0.201826
0.176334
0.168131
0.126134
0.148568
0.185831
0.191789
0.357649
0.563749
0.621535
0.651507
0.552313
0.561418
0.472352
0.457558
0.514819
0.440904
0.438773
0.384591
0.33987
0.278669
0.288797
0.267286
0.223896
0.203411
0.175413
0.166775
0.124679
0.193798
0.193257
0.241785
0.468629
0.578232
0.654648
0.5924
0.632797
0.654688
0.860452
0.568877
0.548794
0.433347
0.327395
0.287734
0.333736
0.267481
0.253034
0.279273
0.230465
0.217553
0.222056
0.181206
0.146636
0.17571
0.253477
0.221588
0.402626
0.538118
0.537469
0.556408
0.560646
0.730483
0.6854
0.637795
0.490752
0.449459
0.315488
0.278381
0.236309
0.235254
0.220512
0.232457
0.240371
0.195062
0.219409
0.154083
0.124102
0.161069
0.224336
0.201106
0.327891
0.587823
0.490446
0.523634
0.601553
0.512416
0.530476
0.493195
0.476014
0.32575
0.261995
0.221285
0.210532
0.201633
0.186981
0.177262
0.176001
0.151385
0.136277
0.110605
0.106407
0.123629
0.17403
0.157172
0.29445
0.667178
0.534268
0.531195
0.527913
0.515762
0.555972
0.51998
0.394642
0.373577
0.298579
0.307674
0.340824
0.335537
0.345641
0.273107
0.155089
0.123047
0.160052
0.0853666
0.0899182
0.121679
0.171454
0.238441
0.381339
0.820472
0.772526
0.692145
0.613436
0.572795
0.55544
0.665398
0.458677
0.27227
0.32702
0.290489
0.279222
0.233345
0.226307
0.258379
0.176908
0.245062
0.172705
0.136769
0.096651
0.118957
0.160615
0.19996
0.361689
0.533729
0.732902
0.412975
0.549144
0.40849
0.461745
0.486783
0.44363
0.395183
0.312869
0.359353
0.393516
0.344993
0.269385
0.407614
0.173129
0.216109
0.175931
0.169039
0.147808
0.105627
0.000385005
0.461302
0.233272
0.468516
0.581227
0.634619
0.5661
0.493856
0.510208
0.598882
0.47072
0.48796
0.409454
0.398079
0.280192
0.241039
0.381863
0.245433
0.234515
0.206421
0.172429
0.159242
0.155278
0.118454
0.24057
0.225458
0.279071
0.567547
0.561253
0.641437
0.820133
0.493384
0.547983
0.622099
0.51208
0.507217
0.489109
0.42425
0.41271
0.340013
0.326854
0.280626
0.25229
0.291603
0.215437
0.220261
0.186717
0.176219
0.231766
0.275286
0.26437
0.400318
0.622546
0.63324
0.650045
0.734008
0.59819
0.633517
0.475216
0.46342
0.386224
0.328933
0.322342
0.314598
0.298952
0.294076
0.246401
0.23595
0.207632
0.168989
0.141436
0.126586
0.183148
0.20202
0.255997
0.291233
0.540379
0.527063
0.549996
0.551797
0.599373
0.559588
0.511762
0.423079
0.363982
0.316099
0.266431
0.239829
0.193407
0.208398
0.213158
0.182708
0.148677
0.122675
0.109182
0.0892853
0.124575
0.176365
0.202152
0.332987
0.534549
0.64617
0.676532
0.489383
0.401943
0.549638
0.434075
0.435052
0.431632
0.330457
0.30181
0.350951
0.252229
0.241087
0.241589
0.281068
0.206532
0.152664
0.131336
0.109844
0.256515
0.311446
0.28364
0.44263
0.648082
0.791352
0.418385
0.448444
0.435691
0.439349
0.326906
0.447575
0.468263
0.36229
0.353805
0.3567
0.354342
0.300823
0.255876
0.263743
0.241733
0.187582
0.162264
0.144377
0.23126
0.456912
0.329231
0.396778
0.621348
0.533931
0.537277
0.450037
0.575214
0.435981
0.482762
0.394738
0.421161
0.361343
0.408856
0.493311
0.491195
0.494053
0.342675
0.344079
0.216449
0.197613
0.157556
0.129452
0.265416
0.414917
0.4364
0.510638
0.667335
0.683457
0.73683
0.572533
0.420447
0.52857
0.412298
0.490841
0.428573
0.344159
0.362986
0.294746
0.48528
0.411763
0.410322
0.361437
0.330957
0.276432
0.291694
0.301795
0.291617
0.277953
0.248127
0.169512
0.24969
0.3853
0.384656
0.376194
0.578187
0.729936
0.673216
0.61254
0.641446
0.588599
0.570396
0.472354
0.379741
0.350129
0.275711
0.287777
0.265808
0.278051
0.286598
0.262019
0.259514
0.246325
0.209809
0.178365
0.24529
0.344276
0.306586
0.430391
0.547901
0.641821
0.81641
0.670889
0.614528
0.612822
0.579268
0.485616
0.402082
0.375213
0.30774
0.273828
0.24691
0.228354
0.233535
0.215549
0.225015
0.209993
0.153133
0.119231
0.165732
0.230474
0.233619
0.284189
0.550549
0.728971
0.530147
0.679692
0.569566
0.558141
0.503758
0.387006
0.360745
0.262992
0.266061
0.240317
0.226144
0.204738
0.174044
0.172111
0.181677
0.166773
0.105306
0.0892502
0.163955
0.18899
0.215441
0.445466
0.514811
0.497142
0.601606
0.400448
0.385146
0.45165
0.414082
0.425809
0.342557
0.3255
0.180504
0.557668
0.367223
0.464463
0.327088
0.27773
0.288534
0.223106
0.151394
0.133754
0.153141
0.240615
0.307712
0.391229
0.562867
0.572039
0.587186
0.34399
