0.638281
0.671747
0.64136
0.58856
0.97927
2.03972
1.4342
1.50994
1.39177
1.10736
0.99773
0.838516
0.591522
0.523211
0.507414
0.538821
0.537126
0.575014
0.434893
0.568473
0.576361
0.561666
0.506677
0.532992
0.533647
0.543345
0.633937
0.673403
0.670085
0.70272
0.995559
1.16927
1.0141
0.996638
0.679225
0.75814
0.763981
0.708668
0.71451
0.762346
0.703106
0.707827
0.576705
0.679474
0.55739
0.531382
0.529654
0.519767
0.512662
0.555592
0.656115
0.787983
0.692587
0.935283
1.07905
1.26547
0.758123
0.861263
0.81897
0.781864
0.754098
0.734934
0.690541
0.729831
0.750014
0.788614
0.599371
0.618132
0.492632
0.433985
0.401925
0.39106
0.394108
0.414871
0.459232
0.554594
0.586447
0.77436
1.09174
1.02217
0.927403
0.758386
0.62837
0.620875
0.599521
0.571685
0.553938
0.5833
0.54795
0.584078
0.47073
0.613685
0.500075
0.465845
0.410242
0.387588
0.42429
0.419711
0.490661
0.579498
0.629327
0.678069
0.927534
0.999694
0.666268
0.697556
0.641204
0.633427
0.582037
0.563114
0.52698
0.528278
0.475221
0.447709
0.573151
0.660521
0.653659
0.540055
0.515773
0.429274
0.40759
0.421466
0.530038
0.579303
0.770296
0.808551
0.841766
1.14398
0.693111
0.765184
0.679417
0.599942
0.577088
0.612293
0.554915
0.558065
0.551861
0.614076
0.614105
0.547997
0.522471
0.448038
0.422635
0.449383
0.486852
0.55355
0.751857
0.752667
0.929142
1.20848
0.779652
0.84235
0.660812
0.604369
0.545339
0.553534
0.548774
0.538358
0.536442
0.534593
0.512258
0.566222
0.522523
0.47114
0.427749
0.389042
0.383152
0.431656
0.45079
0.579229
0.619557
0.723378
1.01502
0.846268
0.839328
0.725357
0.724122
0.651006
0.602684
0.586257
0.562954
0.515027
0.515684
0.520977
0.443981
0.616689
0.543116
0.453473
0.421569
0.354035
0.338455
0.410904
0.447594
0.559135
0.719622
0.767197
0.942295
1.00324
0.862943
0.733837
0.625143
0.50937
0.539306
0.506445
0.488141
0.436814
0.476351
0.457919
0.42958
0.564498
0.509545
0.463204
0.407072
0.358863
0.373697
0.439205
0.415319
0.542677
0.575837
0.69375
0.95865
0.978838
0.847356
0.662281
0.583318
0.533767
0.534897
0.494445
0.47273
0.480673
0.423098
0.486308
0.422066
0.519997
0.503462
0.443251
0.384123
0.362462
0.362696
0.382357
0.409055
0.529626
0.575244
0.5888
0.847774
0.791341
0.896466
0.665231
0.593759
0.569388
0.634304
0.486431
0.422592
0.486913
0.467357
0.434363
0.386714
0.369505
0.397595
0.410353
0.423393
0.491141
0.468621
0.580554
0.833853
0.896172
0.767721
0.56209
0.605598
0.474155
0.527755
0.570644
0.487113
0.446443
0.49363
0.416509
0.471426
0.429441
0.432265
0.454228
0.394018
0.524489
0.634433
1.04193
0.900262
0.801925
0.664489
0.746939
0.584306
0.551052
0.539589
0.458878
0.508392
0.455166
0.354592
0.847648
0.623233
0.454926
0.38824
0.362205
0.386632
0.43272
0.463826
0.558707
0.537009
0.668546
1.00082
0.875236
0.940858
0.528412
0.654687
0.581666
0.514304
0.461929
0.422772
0.411778
0.422908
0.373979
0.392288
0.624979
0.467264
0.491342
0.380918
0.335817
0.395757
0.389068
0.401919
0.560098
0.632278
0.754957
0.956091
0.99311
0.897325
0.67785
0.612805
0.55435
0.455914
0.464386
0.401465
0.359989
0.403316
0.396394
0.345829
0.458796
0.478774
0.398861
0.448401
0.32345
0.365505
0.394108
0.441998
0.5249
0.691828
0.796476
0.843537
0.861175
0.867264
0.541148
0.620447
0.525748
0.484853
0.484226
0.396639
0.422341
0.347862
0.355651
0.47282
0.424651
0.369591
0.341975
0.385072
0.449638
0.485024
0.50388
0.649875
0.900445
0.921812
0.799267
0.566906
0.592411
0.476107
0.491888
0.475072
0.447284
0.478995
0.443169
0.362374
0.353371
0.500298
0.453735
0.444911
0.388428
0.336372
0.356858
0.501171
0.419211
0.606202
0.612685
0.849234
1.19378
0.693729
0.830594
0.642497
0.549461
0.471706
0.523558
0.460153
0.484956
0.51577
0.448284
0.430649
0.428465
0.503835
0.489084
0.430425
0.42146
0.381824
0.414216
0.429409
0.536158
0.723053
0.796267
1.03498
1.10072
0.980825
1.0021
0.734912
0.756413
0.598171
0.673976
0.649754
0.592631
0.659915
0.626581
0.578915
0.608687
0.6708
0.640061
0.659654
0.475268
0.51295
0.524416
0.574066
0.568732
0.644473
0.559872
0.969954
1.07141
1.03097
0.937015
0.81912
0.683689
0.535112
0.576378
0.55353
0.523731
0.516888
0.439294
0.64839
0.58188
0.529118
0.485536
0.500015
0.5146
0.533621
0.682004
0.630815
0.851473
1.02661
1.29938
0.901679
0.832724
0.677929
0.635345
0.541728
0.557365
0.611844
0.523288
0.518364
0.498728
0.576556
0.554291
0.476011
0.449697
0.551743
0.756095
0.734396
0.846459
1.17756
0.780463
1.00942
0.819695
0.764223
0.663092
0.653564
0.577674
0.544884
0.531751
0.574685
0.635688
0.58853
0.466301
0.426776
0.431905
0.486789
0.520916
0.631113
0.787906
1.15101
1.40471
0.919172
0.93029
0.911233
0.562152
0.645033
0.648686
0.541655
0.629048
0.700487
0.533791
0.440445
0.719684
0.710998
0.594979
0.449055
0.477755
0.503698
0.600102
0.561553
0.794199
0.785668
1.13982
1.19103
1.17852
0.750045
0.817874
0.722743
0.584244
0.626907
0.583637
0.638106
0.553943
0.698303
0.585952
0.680808
0.633856
0.820624
0.557292
0.414704
0.525181
0.548683
0.556389
0.671852
0.815994
0.89397
1.08664
1.12299
0.950054
0.715951
0.795826
0.647635
0.555698
1.42072
0.592265
0.568244
0.604768
0.555049
0.68641
0.664502
0.751783
0.536708
0.584626
0.543534
0.541779
0.611422
0.726964
0.802953
1.0421
1.05794
1.14759
0.995948
0.837924
0.639849
0.676065
0.543912
0.577292
0.543721
0.574428
0.536695
0.721242
0.71918
0.664986
0.675108
0.568418
0.560745
0.589784
0.675166
0.713929
0.720525
0.973102
1.0411
1.10077
0.858281
0.718259
0.652483
0.603127
0.615981
0.518617
0.612084
0.604101
0.51941
0.635188
0.686082
0.609119
0.582622
0.598422
0.561158
0.593355
0.62305
0.687374
0.665168
0.849833
0.946773
1.05214
1.49679
0.867744
0.819633
0.740044
0.705276
0.648444
0.556096
0.624782
0.605393
0.568349
0.548749
0.606435
0.646378
0.580302
0.565836
0.569189
0.538711
0.513768
0.559172
0.575196
0.652947
0.745039
0.85758
0.875553
0.854941
0.790768
0.712742
0.6157
0.595201
0.634719
0.547551
0.590809
0.57068
0.541534
0.536134
0.586947
0.59906
0.578157
0.501818
0.518201
0.511506
0.597076
0.598729
0.783647
0.788623
0.863118
1.27302
0.88404
0.80257
0.723815
0.661587
0.617642
0.629899
0.601685
0.645257
0.590186
0.620264
0.559184
0.590161
0.591463
0.642369
0.520049
0.502427
0.504467
0.506237
0.547045
0.624165
0.821474
0.96222
1.13255
0.946046
0.98349
0.820946
0.730904
0.625206
0.731171
0.676401
0.660493
0.55459
0.715749
0.552449
0.608819
0.565352
0.545612
0.521651
0.577066
0.649319
0.76158
0.958909
0.879026
1.02882
1.12795
0.806395
0.998546
0.797586
0.653893
0.668489
0.704774
0.618161
0.703523
0.645566
0.641369
0.705283
0.612892
0.595617
0.397505
0.43346
0.452638
0.554467
0.762424
0.74339
1.23981
1.24785
1.56977
1.30446
0.913389
0.797229
0.588671
0.621693
0.561822
0.586937
0.510458
0.411906
0.481141
0.72725
0.69274
0.606669
0.481598
0.452215
0.503424
0.59208
0.67044
0.781323
1.12155
1.14461
2.34585
1.78018
1.16345
0.803666
0.835319
0.616081
0.551187
0.496628
0.471666
0.646253
0.610524
0.740458
0.676483
0.699954
0.581879
0.574517
0.588104
0.682826
0.702503
0.811665
0.95916
1.13891
1.31995
1.14914
1.17398
0.910559
0.786069
0.809602
0.755418
0.749193
0.665564
0.721559
0.685193
0.557077
0.636081
0.667131
0.735076
0.580668
0.579282
0.602451
0.644383
0.714277
0.848934
0.966559
1.05051
1.04251
0.932878
0.826721
0.776905
0.716202
0.711606
0.70853
0.663737
0.6224
0.607612
0.611072
0.563605
0.686922
0.675897
0.667314
0.628226
0.595912
0.634417
0.685898
0.826101
0.892529
1.12082
1.12548
1.12175
1.05129
0.966681
0.990511
0.879749
0.714479
0.877239
0.725744
0.7617
0.714733
0.676805
0.711416
0.607744
0.736028
0.66488
0.619237
0.550742
0.55555
0.616679
0.693237
0.810489
0.93263
1.10552
1.24432
1.07752
0.993366
1.03636
0.927039
0.821436
0.762617
0.714061
0.735661
0.666659
0.62177
0.548447
0.544978
0.758639
0.732382
0.570647
0.534028
0.542766
0.567515
0.683516
0.718008
0.936216
0.977671
0.953869
0.958413
0.982262
0.94417
0.712215
0.779245
0.770477
0.772786
0.792569
0.892232
0.92859
0.809001
0.773142
0.683645
0.666356
0.602663
0.615586
0.680107
0.715438
0.778366
0.940738
1.06431
1.03322
1.06921
0.902482
0.948049
0.940754
0.934223
5.49754
0.863326
0.703299
0.713623
0.654695
0.674132
0.662703
0.794094
0.682984
0.668096
0.644445
0.631821
0.66408
0.691809
0.731048
0.916184
1.12616
1.37893
1.48059
1.11577
1.1013
0.917978
0.868672
0.804527
0.745593
0.693629
0.71328
0.694523
0.676419
0.705211
0.693665
0.741738
0.740867
0.755156
0.663611
0.64537
0.64962
0.708723
0.692569
0.739976
1.07428
1.29783
1.18176
1.29187
0.937208
0.919112
0.755583
0.74527
0.710554
0.658328
0.724803
0.705354
0.689806
0.606896
0.651338
0.629345
0.623729
0.577399
0.572887
0.594059
0.582908
0.734217
0.806455
0.969069
0.849614
0.890578
0.97237
0.830408
0.790875
0.868033
0.753268
0.753411
0.723667
0.641628
0.793713
0.778935
0.711
0.703202
0.669306
0.623247
0.598428
0.618626
0.673907
0.776481
0.904232
1.29384
1.13551
1.02514
1.18905
1.27127
1.15912
1.05846
0.926634
0.776919
0.92801
0.838158
0.819862
0.699703
0.842383
0.792469
0.713359
0.704136
0.641155
0.634569
0.645874
0.659043
0.812906
0.881112
1.24918
1.36501
1.95241
1.54698
1.56517
1.22447
1.15621
1.33775
1.03148
0.93505
0.711197
0.767571
0.735955
0.773452
0.692628
0.824417
0.730708
0.715088
0.744875
0.737489
0.717184
0.833624
0.953374
1.31115
1.16844
1.0374
1.07354
1.18427
0.819957
1.0868
1.21734
1.00456
1.03478
0.948686
0.993666
0.90396
0.788313
0.798557
0.734166
0.742639
0.675874
0.705818
0.727232
0.753357
0.875355
0.925335
1.19421
0.851331
1.31131
1.18813
1.10184
1.05379
1.07218
0.789735
0.890166
0.920508
0.95093
0.822102
0.82654
0.791928
0.702807
0.864524
0.809852
0.75869
0.806778
0.68805
0.81969
0.821443
1.06153
1.44317
1.22705
1.58094
1.51858
1.06284
1.29828
1.17357
0.938418
0.719759
0.793254
0.821044
0.777287
0.761012
0.794457
0.715108
0.670101
0.547616
0.849284
0.852477
0.805305
0.889728
0.778614
0.685768
0.726982
0.645975
0.777534
0.723113
0.831905
0.67423
0.714151
0.795824
0.853324
1.03639
1.16972
1.37016
1.19479
1.50873
1.2548
1.18351
0.838184
1.05844
1.11546
0.878608
1.09937
0.870853
0.843597
0.77704
0.688558
0.697837
0.771217
0.694661
0.786323
0.65466
0.72306
0.774674
0.884859
1.08494
1.14705
1.40645
0.967981
1.75375
1.22263
1.24778
1.04429
0.924926
1.2039
0.936449
0.869768
0.820539
0.85537
0.961147
0.958316
0.814787
0.771593
0.7663
0.724229
0.792862
0.942622
1.14142
1.50386
1.32987
1.35511
1.30691
1.3613
1.26118
1.29325
1.13163
0.87818
1.00724
0.829778
0.79177
0.776412
1.01967
0.672525
0.80546
0.697761
0.671198
0.686613
0.730139
0.773152
0.920819
1.05975
1.25721
1.69108
1.38873
1.18474
1.00756
0.889925
0.879358
0.813561
0.668335
0.634701
0.71023
0.697413
0.725219
0.608712
0.636974
0.841129
0.771209
1.02627
1.38392
1.70182
1.30911
1.44917
1.10995
1.20105
1.00462
1.24975
0.930537
0.696674
1.90696
1.14247
1.11278
0.694991
1.12437
1.63223
1.12621
1.22376
0.836309
0.764509
0.824846
0.858899
1.06302
1.40539
1.74459
2.0349
1.93541
2.27425
2.14033
1.77426
1.25941
1.02898
0.924615
0.909733
0.869216
0.541296
1.17776
1.13735
0.890667
0.61049
0.909803
0.997966
0.760097
0.695617
0.756015
0.790085
0.917349
1.13719
1.42019
1.62975
2.39952
1.9058
1.41095
1.51421
0.90768
0.949641
0.85348
0.734072
0.664833
0.751176
0.699932
0.512007
0.768526
0.720969
0.834641
0.627737
0.651203
0.830826
0.708798
0.91481
1.19164
1.64855
1.75118
2.23766
1.66328
0.832921
0.933894
0.689506
0.768904
0.698905
0.681318
0.570423
0.630452
0.614225
0.655868
0.693436
0.611313
0.807828
0.653708
0.937307
1.34108
1.47227
1.72639
1.31969
1.26291
1.20176
1.10625
1.4594
1.09849
0.953394
0.878864
1.12068
