73.9995
72.2682
73.7764
72.901
72.1178
72.925
72.0519
72.3844
74.0763
74.6192
75.0852
75.8287
75.4271
76.5695
76.1796
74.9407
74.7642
74.1254
74.8405
73.7993
74.7802
72.8286
72.4818
73.2743
73.2672
72.7461
71.3056
70.798
70.8325
71.369
71.306
69.9513
71.1118
71.2436
71.166
69.5362
71.216
70.947
71.1417
70.9472
70.2809
69.9504
70.0602
68.7294
68.3112
67.5994
69.2392
68.7053
67.3088
67.2909
67.0106
67.117
67.1711
64.8613
66.1031
64.7002
65.9773
64.8349
65.1614
65.865
67.7352
68.121
68.6884
67.734
68.4282
68.1695
67.4923
66.984
68.0406
66.6206
66.6474
66.0874
67.2251
66.4325
66.5705
68.0533
67.6704
69.1703
68.8995
70.0098
69.8291
70.9242
71.2781
72.1597
72.9762
72.6668
73.6912
72.8015
71.8593
72.2382
70.9586
72.4689
71.6622
71.8676
70.7803
70.9908
69.1565
69.0852
69.7521
69.4694
68.7768
70.2271
71.016
72.4474
72.0666
72.9869
73.6984
73.7521
74.558
72.3525
65.2602
74.7622
73.4953
73.3654
72.5977
72.9943
72.8528
72.7489
72.1277
71.0986
71.2385
70.2726
70.884
71.3902
70.5209
71.2542
72.6899
72.6107
72.439
73.5851
73.8946
72.9517
74.0756
73.6807
72.8922
73.3222
73.2427
72.1417
72.3038
72.8928
71.563
72.3971
72.0066
71.3274
70.8214
70.1336
70.0467
70.0692
70.7963
70.9154
71.6745
72.1876
72.1208
72.5116
72.237
71.875
72.4958
72.3577
73.9338
73.9823
73.5956
71.9882
72.324
71.6259
71.7286
70.7013
71.0016
70.8164
70.7232
70.3861
68.7791
70.2278
69.8726
70.4472
71.0836
71.2329
72.1607
71.8672
72.1601
72.9957
73.2757
73.4942
74.2111
72.5408
73.2132
72.5877
73.5012
72.0915
71.0904
71.2342
70.6301
69.7754
69.2869
70.4406
69.2873
69.9373
69.3391
69.1333
68.6593
68.182
67.8481
69.376
69.1004
68.8546
67.8584
68.4692
68.1786
69.215
68.9646
67.8738
67.7218
68.585
68.4496
67.1427
67.076
68.2935
66.7897
65.8262
66.5995
65.0133
65.9062
65.845
64.9219
65.5828
65.5575
65.5989
64.9434
64.7495
64.8484
65.8363
66.0375
65.3831
65.9997
64.3646
65.0795
65.296
65.2061
63.966
64.7243
65.4033
65.4287
64.098
63.809
64.5459
66.9578
66.6128
67.9498
66.3978
66.778
67.194
68.3819
67.1286
67.1707
68.4392
66.5709
67.788
67.2788
67.8722
67.5092
67.6607
65.936
65.7234
65.7225
66.1166
65.3218
65.7179
65.4736
66.6493
66.5512
67.7952
68.1408
69.7969
70.3462
69.3218
69.8902
71.5885
71.8618
72.7411
71.9046
71.2835
70.0973
69.2773
68.9255
68.5519
67.6567
68.3213
68.1215
66.5555
66.3872
66.9957
65.8717
67.2243
68.4045
68.7485
69.3247
71.1547
71.0523
70.8318
70.9163
72.3949
71.9833
72.3738
71.8075
72.549
71.1856
70.656
71.4233
69.347
70.7329
68.5593
69.7543
69.4253
68.7805
67.5759
67.3129
68.6147
68.9305
70.4224
70.8456
71.0642
72.6961
72.3262
72.2217
73.2144
73.1571
73.4941
72.3007
73.8667
72.6702
72.7624
72.7633
71.3147
71.4329
70.8226
70.6669
70.4391
69.813
69.6986
68.3429
69.7891
69.043
71.2619
71.533
71.2415
73.3676
73.5742
72.2443
74.2652
72.9265
74.3964
74.1189
72.1923
73.739
72.208
72.9645
72.4785
71.2653
70.5307
71.2504
70.4352
70.4234
70.7916
68.9544
70.3405
69.8054
68.6432
69.3867
68.7893
68.8395
67.6329
68.4069
69.1401
69.1159
68.0358
69.2727
68.7532
69.5657
68.1771
67.7948
67.4935
67.7943
67.7011
67.2629
66.8698
66.1493
66.4231
67.0525
65.3482
65.8994
66.6474
66.6412
64.7914
65.9017
65.7413
65.4503
66.1609
65.7044
64.7755
66.1092
64.6514
64.6376
64.8652
64.6719
64.468
65.9119
64.3481
63.9958
65.3946
64.6529
63.2581
63.7383
64.4804
65.9975
66.2582
68.1033
67.8043
69.4871
70.0302
70.296
71.0447
72.0749
71.9214
72.8307
71.981
69.3209
70.1316
70.0051
69.4366
68.9468
67.3953
66.8645
67.6152
67.5002
67.0649
66.1811
67.6786
67.2878
68.6489
68.0382
69.4373
69.4252
70.3456
70.3082
70.8361
71.1471
71.5778
72.1941
72.29
71.1477
69.7649
69.9179
69.2538
67.703
67.3486
67.0301
67.0277
66.7953
65.2947
66.6132
66.7949
66.7243
66.8154
67.1736
67.6301
67.4875
67.3317
69.7284
69.8962
68.9921
70.04
70.5571
70.1785
68.2191
68.4083
68.9481
67.389
68.0525
67.2119
65.7033
67.1699
66.5546
65.728
65.7572
67.1691
67.2174
68.4287
67.9396
68.2127
68.5977
69.8747
69.7893
71.206
71.5825
71.8896
71.8606
72.0426
71.3957
69.5567
68.9302
69.6634
69.041
67.9675
69.3158
68.1504
68.3561
67.7632
67.0359
67.3941
68.6819
70.2354
70.7221
70.582
71.808
70.5787
72.0077
71.7157
72.117
72.6491
71.4328
71.7142
72.2824
72.2522
71.7432
69.6887
70.1108
68.6932
68.494
69.0577
67.3856
68.5102
68.046
66.6959
67.0894
66.2256
66.503
65.2998
65.4428
65.8773
65.5737
65.683
66.9357
66.6998
65.9903
65.9377
67.0497
66.7356
66.2367
66.2355
66.8553
65.4442
66.7094
64.8855
64.3508
64.388
64.4084
64.4223
64.0552
64.7172
64.4539
64.5017
64.0165
62.8552
64.2399
63.3885
63.3918
65.2091
64.9452
64.2511
64.1798
64.3892
64.4991
65.0966
63.4054
63.8383
63.6822
63.3213
63.4501
63.586
62.7313
64.6219
65.0453
65.6667
66.046
66.9295
68.2734
68.0364
68.3253
69.4524
69.2929
69.6164
69.0983
68.9295
68.3817
66.6978
66.5592
65.5042
65.3628
65.0363
64.2829
64.7084
65.1996
64.376
65.8001
66.9005
65.9756
67.2176
67.6197
68.6892
68.9923
69.0127
69.6008
70.6218
70.8039
71.9505
71.4553
70.6909
70.8485
71.1471
70.1967
70.2676
70.3477
68.9472
68.1945
67.4122
67.6915
68.1327
67.723
67.0002
68.3312
68.7708
67.8946
70.329
69.9498
69.0494
70.4868
70.7316
70.2713
70.5677
70.5235
70.9429
70.0962
70.9225
69.737
69.5036
68.7411
67.9835
68.6578
69.019
68.7557
67.644
67.0982
68.8608
68.5486
68.1002
67.3162
67.3795
68.1698
68.3398
68.5504
67.1653
67.3048
66.7937
66.9713
66.3602
67.2042
68.0761
67.2319
67.7818
66.0761
66.1101
67.1098
67.5295
67.3783
67.1047
66.9473
67.14
66.6709
65.9378
66.5152
66.072
66.3918
65.4302
65.6509
66.1317
65.6383
65.9558
67.3696
67.0252
66.7239
67.2543
68.0676
68.223
66.0424
66.9531
66.3046
66.6117
64.6994
66.2177
65.9564
65.972
67.5329
67.496
67.7287
68.3222
68.0831
68.6073
68.7749
68.7697
68.6419
70.6238
69.5043
68.9223
70.4876
68.2278
69.0488
67.7472
68.0911
68.6589
69.6317
69.5709
68.9235
67.5339
68.2712
68.6563
67.3941
68.3701
68.2382
68.2475
67.4213
67.1715
68.846
68.9853
68.6853
70.381
70.6327
70.7118
71.7761
71.9902
70.5033
70.0211
71.1023
71.0728
71.003
69.6475
69.2992
70.193
69.593
69.9448
68.3875
70.1278
69.76
70.5766
70.1146
71.5494
71.0447
71.6715
73.2376
72.2596
72.939
71.2712
72.55
71.2523
71.9775
70.2372
69.9461
69.4508
69.9348
69.0965
68.9738
70.041
69.5426
69.8511
69.6195
69.9992
70.4128
72.1105
72.8068
72.518
72.6923
72.166
73.9961
72.8258
74.2482
74.6998
75.1646
74.484
72.9726
72.4918
73.7729
73.5313
72.7384
71.8855
71.5228
71.7614
72.4567
71.8948
70.5234
71.263
72.8074
73.8016
73.5286
72.9009
73.1718
73.4204
73.4782
73.9685
74.3998
74.1326
73.6611
74.4246
73.8813
72.8842
72.5337
72.2803
73.5384
72.9742
72.8038
71.1164
71.8029
71.7434
71.8995
71.3767
70.974
71.3124
71.8646
71.166
71.3772
71.3685
70.7864
71.1102
71.8598
70.9504
72.6589
72.3378
70.6171
71.0193
71.6364
71.3242
70.5467
70.9773
69.7019
70.365
69.2827
68.5251
68.9167
68.9039
69.253
69.2069
68.4344
69.1378
67.7857
68.874
68.045
67.8106
68.9977
68.9945
67.8455
68.8646
67.9704
66.9232
68.5939
66.627
67.7543
66.6678
67.4666
67.6032
67.6604
66.6571
68.7528
69.1908
70.4565
70.9398
69.63
71.4153
71.5506
71.9011
71.6967
71.0407
71.7305
72.7666
72.6964
72.8055
72.9198
72.2679
72.8555
72.9635
72.7761
74.7176
75.1818
74.6816
75.0325
74.8955
72.8872
74.0498
73.8271
72.7988
71.9992
72.1719
71.2516
71.2868
71.3899
72.2463
71.5964
72.9084
73.2415
73.0661
72.6471
73.1534
72.9623
72.5281
73.8172
74.0287
73.791
73.2561
73.0536
73.7722
72.8999
72.2439
71.3393
72.2979
70.3452
71.1395
70.1645
71.112
70.4875
70.7175
69.8957
71.6879
71.3762
71.7415
73.2073
72.8903
72.3034
72.6912
72.342
74.4943
73.255
74.13
73.6833
72.1134
72.3114
71.2939
71.934
71.6791
71.4814
70.8536
69.4565
70.1297
69.0248
69.0081
67.599
67.5549
67.4027
67.3903
68.0958
67.3927
68.3623
68.4047
67.8362
69.1949
68.4909
68.3374
68.7698
68.4358
68.7485
68.9553
68.2182
69.1299
68.4386
69.068
68.3023
68.6463
68.8815
68.9009
69.6533
68.8675
68.4256
69.0958
69.4478
68.4208
68.832
69.5573
68.8314
70.0284
71.0706
71.2894
70.1009
71.6856
69.8881
70.4252
69.444
70.1451
69.4854
69.6312
70.0073
69.1618
68.4381
68.6528
68.1529
69.6447
69.037
68.5957
69.9178
68.5994
68.6676
68.7973
69.5273
69.145
69.3664
69.3244
70.0408
70.3209
70.6864
69.4178
69.5223
69.9783
69.8469
69.9459
68.7056
68.5923
69.9368
69.0747
68.7746
68.9677
69.5142
69.6098
68.459
68.6621
69.0747
68.988
70.4512
69.1588
70.0285
70.3011
71.027
70.4444
71.2108
70.081
70.019
71.3168
69.4919
70.7148
70.309
69.9275
69.2825
70.515
69.1704
69.673
70.9869
72.7104
72.8462
71.4993
71.8288
71.9685
72.3821
73.1085
72.5071
71.3682
71.7337
70.398
71.0233
70.4286
71.2985
70.4139
69.833
70.0407
69.2953
69.805
70.4785
68.8798
70.8299
71.7613
71.2369
72.1771
73.5241
73.4326
71.9614
72.0686
72.8074
74.1807
72.6408
72.4933
73.3728
72.8463
73.7463
73.0895
73.128
72.8515
71.7846
71.9643
70.9832
72.0937
70.4788
71.1561
71.7961
70.5327
70.9241
71.0771
72.128
73.7624
73.5046
74.0638
75.8497
74.9173
74.482
75.4755
75.8663
75.8269
74.8352
75.8417
74.5615
74.746
73.952
74.7379
73.4094
74.0967
74.2434
72.4242
73.5358
72.8926
74.2018
73.8289
75.0038
75.0665
76.1038
75.0112
76.1922
75.7543
76.552
76.3421
77.3615
76.626
77.0809
77.0961
76.9408
76.9216
76.414
76.7673
75.5652
75.0032
74.9602
76.2596
75.032
75.9774
74.7085
75.6643
76.1518
74.948
76.1175
76.3534
78.19
78.3418
77.4405
76.2071
78.09
78.0549
78.9854
78.2388
78.6587
78.5316
78.1428
76.7369
76.5361
77.2154
76.9298
77.6133
75.9487
76.8099
76.3562
75.5149
76.7591
77.1823
76.7242
77.0206
77.5941
76.5774
78.1437
76.4486
77.1181
76.6644
77.6007
76.4489
77.7289
76.6119
77.043
75.769
76.3894
76.101
76.6242
75.4107
76.3254
75.2678
75.1122
76.3706
75.1753
76.4802
75.4037
76.0815
74.8398
74.7005
75.4672
74.5257
75.5045
76.6814
77.0742
76.6285
75.6589
76.785
76.974
76.8181
76.1881
75.1474
74.6088
74.7102
74.3367
75.8906
74.9235
76.2503
76.7629
76.438
75.841
76.3076
76.3789
74.5004
75.4686
76.2398
75.608
75.5361
76.1509
77.0436
76.8396
75.357
75.2624
75.6726
74.9742
74.6866
74.6713
75.3004
75.4144
75.7783
76.3025
76.0873
76.1739
74.5954
74.8586
76.1547
76.7354
76.8121
76.7694
76.0743
77.6762
77.2051
78.3055
76.5789
76.8829
77.4825
76.3832
76.2611
77.8378
77.8179
76.8846
77.297
75.7818
77.2368
77.6597
76.4769
76.4525
76.4445
75.3387
75.4399
76.1138
75.4436
74.8566
75.8998
75.5264
76.7045
76.9184
76.774
76.2426
75.9334
75.0216
75.8555
75.3696
74.6647
73.7587
74.6987
74.6333
74.2499
75.3834
74.121
75.4661
74.9967
75.8441
76.1547
75.3818
74.9861
74.8329
75.3384
75.993
75.4438
74.7151
75.1639
73.9877
72.9971
72.7396
72.5621
71.9542
71.5377
73.3846
73.0291
73.3206
72.6576
72.9106
72.0014
72.1795
73.1368
72.7424
74.0431
74.9362
73.6082
74.8551
75.1835
74.6485
74.3075
74.2202
73.9393
73.6213
73.8191
72.9685
73.0129
72.8051
72.6633
72.7794
72.4527
72.4101
72.9762
72.706
72.6733
73.2547
74.2176
73.4168
73.268
74.2165
74.4996
74.9384
74.4859
74.5249
74.945
75.1131
73.4548
73.6275
74.6536
73.6557
74.3083
72.3688
72.6303
72.9222
73.5084
73.894
72.7552
72.7734
74.0174
74.08
74.9835
74.9317
75.0003
74.7955
74.2265
74.8918
76.0338
75.7516
75.355
75.3521
75.5912
74.6062
73.6666
75.2958
73.0747
73.541
73.5675
72.2394
72.9897
71.8625
72.1591
73.2871
73.2327
72.9183
74.1395
73.9184
74.0566
74.4819
75.1359
75.6831
74.4794
72.983
73.979
72.8096
74.4591
73.2245
74.0885
72.0943
73.3041
72.4923
71.5559
71.9288
72.2046
71.5729
71.3846
71.5784
72.3309
72.502
72.1689
71.8012
71.9865
73.5783
73.7699
73.9052
73.8805
72.7246
73.8783
73.1538
74.2551
72.783
72.7004
72.5548
72.5281
73.1462
71.2318
72.4174
71.663
71.0668
72.1717
71.9874
71.5326
72.3655
72.7844
71.973
72.4645
72.6246
73.5553
72.8914
74.2173
75.2515
75.28
73.4561
67.5922
74.3959
72.7615
72.8467
74.0678
73.4033
72.4929
72.3696
70.6301
70.3261
71.4603
71.1459
71.4682
71.4188
72.9936
72.2467
73.4517
74.3996
72.8142
73.0324
75.0433
73.9294
73.8151
74.0846
73.3818
73.237
72.9904
72.9901
72.6656
72.5195
72.4539
72.04
72.472
72.3497
71.4522
71.5574
72.6379
71.8585
72.934
72.3859
73.807
73.5271
74.8347
74.2133
73.2522
73.9363
73.0467
73.0842
74.1929
73.4181
74.1296
73.4628
73.6279
71.9283
72.2612
71.4795
72.6332
72.2435
71.5706
72.2797
73.0191
71.6145
71.2641
71.7537
72.5708
71.7959
71.5386
70.9002
71.7325
71.7131
72.7601
72.8442
71.9922
71.7073
71.7144
72.5519
71.0393
71.4605
71.9913
71.4505
71.515
70.9928
71.3478
70.7285
70.2751
70.2711
70.8541
69.9486
69.5349
70.9206
70.9985
71.0569
72.1484
71.4562
73.272
71.8006
73.0176
72.1277
73.332
73.217
72.4107
72.1255
73.0307
71.5479
72.7403
71.3511
71.4018
72.1298
72.3133
71.5076
73.4279
74.3379
73.4294
72.648
74.4831
73.3748
74.5447
74.9147
74.4819
73.2198
73.4672
73.4354
74.1101
74.0857
74.4324
74.3041
73.4315
72.4938
73.0322
71.8334
71.0186
72.2156
72.4877
72.7383
73.6098
73.7462
73.2371
73.4531
73.9233
75.1825
74.0249
75.3286
74.6687
74.1498
74.8999
75.3035
73.9103
73.9328
73.1615
73.5256
72.4748
72.495
71.6199
73.2294
71.5891
71.8158
71.3481
72.9687
72.5505
72.578
74.6954
74.1296
73.9453
74.079
75.0548
74.8579
76.0974
75.6063
76.46
75.9585
75.6692
76.1982
74.8384
75.3426
75.6369
76.0013
74.2897
74.8061
75.3017
74.3474
75.1265
73.7581
75.0409
74.7295
75.235
74.0956
75.4092
75.0584
75.2079
73.6914
73.542
75.1908
74.6075
74.5399
73.4169
73.9585
73.7501
74.1439
72.5179
73.6609
71.9987
72.384
72.5186
71.5534
72.5578
71.9667
72.3678
72.6967
72.7556
73.5906
73.172
74.0697
74.4983
73.957
73.6306
73.4966
75.0239
73.4107
74.4379
73.6973
72.7907
74.023
73.9955
72.637
72.6502
71.4578
73.3088
71.8849
72.3666
71.5197
71.7351
72.7864
71.3886
72.1853
73.5145
73.572
72.9108
73.8151
72.685
74.0891
72.9589
73.1461
73.7892
72.7976
73.858
73.1475
73.6866
71.9977
71.9807
72.3414
72.7349
71.6567
71.4956
72.548
71.5722
72.7741
72.509
72.3717
71.7615
71.143
71.1742
72.7253
71.8532
72.8566
71.7625
71.6964
70.9248
71.4373
72.136
70.6469
70.2203
69.7524
71.3383
69.6177
70.7559
71.4765
71.5938
70.6682
73.1243
72.9702
73.7416
73.9541
73.4581
73.1448
74.4876
73.4043
73.3292
74.4646
74.6861
73.644
73.0516
73.2092
72.9686
73.4497
73.555
71.6959
73.5365
72.0297
73.4208
72.5849
73.0301
73.3355
73.6953
74.4425
73.3629
74.2344
73.5361
73.5536
73.3161
74.0712
73.8432
74.3188
75.3737
74.6159
74.2236
74.9018
74.6029
73.6047
74.416
74.1609
72.8488
72.9211
73.016
74.1314
72.5785
72.8719
73.6168
73.3702
74.0445
74.1236
74.6633
75.7074
75.3546
75.2561
74.8736
76.2975
75.3229
75.8563
75.146
75.8896
76.418
76.562
76.106
75.2514
75.7244
74.4988
75.8418
75.2867
74.874
74.9419
75.9804
74.9584
75.2451
75.3569
76.885
76.1277
75.8632
76.4135
75.5348
75.8458
76.3456
77.3929
76.308
77.2526
76.4318
77.6977
76.5378
76.3865
77.2068
77.1874
75.6774
74.813
75.837
75.0233
75.0507
75.2875
75.2032
75.1253
75.1992
75.731
75.937
74.8936
75.0777
75.2562
75.718
75.634
75.4838
75.6676
76.5147
75.0895
75.8122
75.6061
74.9637
74.9812
74.4564
75.5152
74.7356
74.6992
74.543
73.3522
74.1238
74.2255
73.9908
74.7951
76.1121
75.2259
75.2795
77.1594
76.1911
76.3108
76.3821
75.5783
76.1346
75.236
76.2378
75.3366
74.3653
73.7177
74.0741
74.8419
73.9591
74.0413
74.5644
73.2981
73.5319
73.8776
74.8797
74.1893
75.414
75.8674
75.6151
76.9715
77.0894
76.173
75.6083
76.6675
76.5906
75.06
75.8838
75.4787
74.4588
73.6074
74.4142
74.7658
74.1629
74.1947
74.4323
74.2436
74.5572
75.7689
75.5198
74.7281
75.0636
75.9254
75.0344
75.5303
76.2084
75.8801
75.2531
76.1609
74.8773
75.7073
74.6245
73.9389
75.3983
73.6704
74.7839
75.3664
75.6268
75.5425
75.5649
75.4005
75.7224
75.3836
74.9637
75.1551
76.4446
76.1415
77.7366
75.945
77.6656
77.1442
77.1484
76.5797
75.6726
75.5555
76.0288
75.8386
76.7281
76.8068
76.1496
74.7285
76.7943
75.544
75.6238
75.665
76.1299
75.2966
75.6585
75.7754
75.7226
75.1746
76.7548
76.1742
76.1102
77.6241
76.4795
77.9567
77.2682
76.9368
77.3327
75.8949
76.9725
76.4493
76.388
76.0995
76.8136
75.102
75.6897
76.3191
76.2353
75.7133
75.2791
75.6503
76.2125
77.1076
76.9338
75.7757
75.9364
75.4245
75.7498
75.7238
76.1981
76.4096
76.1725
74.1816
75.5491
74.9269
74.0682
74.6063
74.5993
74.5726
75.8019
75.5858
75.8034
74.9508
74.302
74.3013
74.5614
74.807
73.8154
74.4618
73.3334
73.1384
74.4333
73.5542
74.7211
73.5088
74.8395
73.5561
73.0713
72.8258
72.9555
73.6483
73.4785
73.1679
72.2599
73.227
73.3657
72.787
73.2313
73.0631
73.2353
73.9555
73.9886
73.1893
73.488
73.2374
74.5437
73.4308
74.7489
74.7536
72.8618
72.7372
73.356
73.3976
73.146
73.7609
72.2517
73.1321
72.0836
72.0737
72.6127
73.7232
73.7285
73.133
72.6549
72.323
73.5502
73.7222
72.253
72.3154
72.762
73.7614
73.1058
73.5019
73.4913
72.4167
73.0426
72.3139
71.5313
72.513
73.0507
72.9304
72.6811
74.1065
73.2068
73.9788
74.291
75.923
75.0955
74.5064
75.2987
74.8109
75.0462
75.2727
74.3572
75.5991
75.3851
74.0185
74.6764
74.2319
73.2346
72.9246
73.5004
73.9104
73.3647
74.5685
73.0163
74.5899
74.7936
74.6282
73.485
74.8357
75.7186
74.1075
76.1868
75.6852
75.9512
75.2709
75.107
75.5023
74.9695
74.6614
74.165
73.6195
73.0471
73.109
73.1457
73.1345
73.6378
72.5168
74.1563
73.1693
74.4297
73.9359
74.0165
75.6414
75.4919
74.7181
75.3098
75.6663
76.3114
75.9382
75.2881
74.0415
75.0385
74.2377
74.4163
72.5212
72.254
73.3592
73.3006
71.9499
72.7075
73.5792
73.7145
73.2096
73.609
73.3906
74.8499
75.2912
75.0527
73.8731
73.8869
75.3246
74.528
74.5052
75.2802
73.3905
73.615
73.4013
72.719
73.0416
71.6685
72.4429
72.7742
71.0265
72.4612
72.0531
71.4316
73.5399
73.3216
74.1713
73.4425
73.8439
74.3248
74.3306
74.5094
74.1888
73.2601
72.7154
72.917
72.7292
72.005
72.9147
72.2207
72.1906
72.7535
70.8514
72.6043
72.2513
72.443
71.829
72.1343
72.283
70.8784
70.5596
71.4993
70.91
71.5284
71.6286
72.7447
71.5907
72.5388
72.6771
72.5192
72.5315
71.579
72.4237
71.4878
71.0612
70.3214
71.8799
72.0195
71.028
70.3201
70.4374
70.7133
71.295
71.1924
70.762
71.9778
71.9343
70.9273
70.6931
72.2634
71.5926
72.786
72.5189
71.8698
72.2609
71.4939
71.3444
71.4522
71.0769
70.8582
70.9478
70.2785
69.3249
70.2058
70.3892
71.98
71.097
73.0132
72.7473
72.5391
73.3596
72.8414
74.4342
74.6165
74.2253
74.4244
73.1478
73.6911
74.0311
73.4614
72.4941
73.0966
73.4654
72.8061
71.5993
72.7338
73.2708
72.3254
71.9656
72.5086
72.2085
73.9853
73.7791
73.7431
75.6203
75.9299
76.1435
75.6271
76.0939
76.7108
76.0493
75.7276
75.5164
74.5275
74.4805
75.4481
73.8711
75.5238
73.5926
73.5409
74.6033
73.5341
73.1859
74.734
74.003
74.2599
75.3819
74.8993
74.957
74.9933
76.8861
75.7412
77.2952
77.4262
77.5704
76.9715
76.553
76.8322
76.7669
75.03
76.1326
74.883
74.7553
74.9682
74.3803
74.515
75.0381
75.4732
74.2815
74.9158
74.7333
74.5766
75.1374
76.0912
75.49
75.3728
74.8638
74.7242
75.883
76.2688
74.408
75.071
75.2294
75.385
74.1295
74.3383
73.1311
73.7289
73.4797
73.555
73.2177
74.8002
75.1042
74.025
75.9971
76.1473
75.9734
74.5514
75.5251
74.8384
75.868
74.7832
74.9373
75.9953
74.9812
74.9
74.4588
74.9886
74.8055
74.3773
73.2388
74.5723
73.6194
73.6251
73.8954
73.9771
73.496
74.4805
74.0532
72.9951
74.0625
74.3131
73.866
74.7262
74.8741
75.1615
75.2452
76.0611
76.0488
75.9264
75.309
73.8586
74.3524
73.2258
73.8971
73.4511
74.2866
73.1194
73.6185
73.9509
73.813
74.4709
73.9995
74.0107
74.4827
74.9998
75.5184
74.9188
76.1995
76.3718
75.8889
75.82
75.0912
76.1563
74.919
74.9646
73.9271
74.799
73.3751
73.5961
73.6293
74.0071
73.6577
75.0331
75.0465
75.2468
75.7069
74.6736
74.6136
74.4912
76.1243
76.3768
76.9239
75.3384
75.9955
76.6914
75.8857
75.7669
75.3741
76.6877
74.5144
74.818
75.9846
75.4777
73.8342
74.808
74.2813
75.9086
75.5809
75.3813
75.1665
75.9324
74.2764
74.1455
74.8327
75.9609
76.7727
77.0007
77.1575
77.1597
76.6903
76.1776
77.2484
77.3543
77.5564
77.1177
76.1617
76.1325
76.2215
74.9879
75.7082
75.2821
75.5886
76.0402
76.3019
76.2552
74.8667
75.6237
74.988
76.5686
76.204
76.045
78.0086
77.1679
77.4729
78.343
77.234
78.3306
77.7424
76.9084
78.1912
77.1153
76.1908
75.8911
74.9114
76.0543
74.9841
76.7179
76.8778
75.5938
75.4236
76.127
76.8573
76.363
75.8401
76.4692
76.8088
79.0259
78.2076
78.4779
79.2363
78.8877
78.8953
78.8766
77.5623
76.594
76.945
78.4956
76.9403
77.8877
77.1797
77.5395
76.8358
77.3802
78.1047
77.1465
76.9712
77.8432
76.6614
78.157
77.4697
77.8846
77.6586
78.7059
78.5009
77.02
78.0914
76.7236
76.4558
77.0254
78.1105
76.36
76.8947
77.0427
77.9415
77.7507
77.5571
76.8634
78.5385
78.3791
78.8101
77.7349
77.8356
78.5666
78.4433
78.5873
77.5352
77.6307
78.1287
77.866
77.4486
76.9837
75.4791
75.3331
75.8978
76.6015
74.711
75.3553
74.8722
75.9792
75.4773
75.2003
76.2795
76.4517
76.0702
75.7356
77.0986
76.3524
76.9164
75.4179
76.5454
75.5976
74.8959
75.4323
74.5019
74.8073
73.086
73.8086
73.3812
74.4204
75.5351
75.0909
75.5694
74.9065
74.0821
75.776
74.2005
75.234
74.6738
74.6554
74.6749
74.835
76.0889
75.1528
75.0292
75.859
74.361
75.5157
74.7087
73.8326
73.7012
73.6368
73.4164
73.802
73.9777
74.8347
74.9714
73.7749
75.135
73.88
75.7755
75.0121
75.5048
76.2526
75.7105
77.2066
77.304
75.912
76.6685
75.7457
75.1994
76.1938
76.093
76.04
75.2933
74.2105
75.1991
74.0678
75.6469
74.7082
75.4531
74.0007
74.0556
74.6108
75.333
75.9471
75.5852
76.0202
76.597
76.9692
77.2239
75.9721
77.3911
76.8445
77.4168
75.9894
76.6635
75.4476
76.2182
76.3201
74.941
75.4784
75.1709
74.2994
74.3062
75.9013
75.0472
75.586
74.8781
75.2731
76.4837
75.51
76.7509
76.6848
77.385
75.8736
77.6556
76.4267
75.7106
75.0607
76.105
75.6242
76.0846
75.2938
74.8044
75.1951
76.0021
74.53
74.9042
74.1667
73.8045
74.4755
75.3083
75.0322
76.2322
75.6839
74.9214
76.8734
76.5986
75.3386
75.4522
76.0629
74.9576
76.0092
75.8544
75.2721
75.3117
74.6801
74.8279
74.5231
74.1559
75.1051
74.7546
74.5228
75.8242
74.2241
75.4641
76.3358
76.7971
75.9354
75.5628
77.2056
76.8704
75.446
76.5743
76.0648
76.0096
74.8068
75.1981
76.0799
74.7637
74.522
74.6422
75.1404
74.3695
75.3797
74.9376
74.3719
74.7316
75.6132
74.4015
76.1373
74.9962
75.5466
75.2688
74.3986
74.2879
75.1691
75.2861
75.1907
73.9357
74.1341
74.1867
74.1786
72.3764
73.1069
73.1809
72.4431
73.614
73.501
72.3009
72.349
72.2199
73.2791
73.291
73.0286
73.7381
73.9694
73.8753
74.1269
74.5407
74.5873
73.272
73.9096
74.1271
73.6499
73.1202
72.9498
72.6302
72.7161
72.7172
73.733
72.6771
73.6455
72.307
72.6433
72.7065
74.0055
73.5915
74.3633
73.434
73.3404
72.4937
73.3633
73.7527
74.0776
74.1327
73.5594
72.8226
72.5582
72.9465
73.8567
72.4306
73.6494
72.1812
72.6862
73.3814
72.5936
73.0897
72.1524
74.5867
75.0274
74.6241
75.3415
75.3182
74.995
75.1436
75.3541
75.6074
75.12
74.8418
75.3478
74.9617
76.0203
74.9907
74.547
75.2455
74.5823
73.2779
73.7585
73.7243
73.4003
74.4214
74.0921
76.1328
76.2703
76.2257
76.1939
75.3816
75.5411
75.4409
75.9867
76.3785
76.2417
76.0701
76.1877
74.541
75.9857
75.703
75.9764
73.9905
74.2596
74.0654
73.4977
74.4093
73.5347
74.0133
74.6552
73.8025
73.4729
74.3957
75.5412
75.62
74.2967
75.8395
76.9276
75.8987
75.1757
75.8109
75.692
74.5129
74.9811
76.1773
74.4276
74.0768
75.6993
74.847
74.3576
74.398
75.0274
74.0225
74.5636
74.6996
75.0977
76.4473
76.9559
76.8781
78.1764
78.6304
77.384
78.1905
78.6138
77.0325
78.6107
76.6809
77.05
76.3304
77.5588
77.2943
75.966
76.445
77.3794
76.3938
76.1873
75.5584
77.3123
77.637
76.6106
78.0157
78.1148
77.7135
78.359
77.5404
77.5043
78.5415
78.5185
79.2105
79.1383
78.4031
78.6201
77.1315
78.0248
77.8614
77.7877
76.8593
76.6952
77.0048
76.4466
76.8335
76.4635
75.9467
75.4368
76.3101
75.9544
76.1531
76.1204
75.946
76.5523
76.7981
76.4892
76.339
77.0531
76.5473
75.9568
76.5124
76.19
76.9045
76.1766
75.6377
74.7611
75.9042
76.5079
75.0357
76.4479
75.6935
74.6737
75.5323
75.6903
75.6161
75.3842
76.5312
76.0894
76.671
77.5141
77.7152
77.4925
76.1495
77.6927
77.3079
76.5882
77.0136
76.2987
76.6227
76.4461
75.0082
74.4
75.9516
74.8068
76.184
75.6522
75.9213
74.5698
74.5599
74.7097
75.8762
75.7961
74.9992
75.2437
76.2869
76.8651
75.773
75.9749
74.9014
74.0233
75.0623
74.9832
75.2886
74.9467
73.8668
73.7101
74.9095
74.8458
75.6022
74.7489
75.0182
75.7202
76.3047
76.0104
77.2164
76.5073
76.8838
76.7757
76.2832
76.2495
76.0661
75.8129
75.7017
77.3965
76.2158
76.4217
76.1243
75.9584
74.2435
76.0751
75.8459
74.9285
76.3109
75.1372
75.664
77.3428
76.9342
76.6186
77.0329
77.5596
79.0919
78.5207
78.9861
79.4198
79.0446
78.0895
77.6067
77.946
77.8935
78.6046
77.0666
78.3217
77.7098
78.8443
77.1455
78.7692
77.9177
78.345
79.8611
80.5203
79.8969
82.2892
82.9899
83.2479
82.5197
82.7368
83.781
83.0086
82.8156
81.7747
82.4543
82.0919
80.97
81.848
82.1108
80.9072
81.7966
80.14
80.5601
81.531
81.8301
83.5116
84.3909
85.2277
86.0949
86.2042
86.2232
85.6494
86.0747
85.3262
85.706
84.087
85.2223
83.654
84.329
83.1182
82.6273
82.6223
82.3734
81.3231
80.1537
80.297
81.1425
79.8745
78.7279
80.4695
79.0322
79.8795
78.5583
79.5399
78.2586
79.6543
80.2436
80.6915
80.3991
81.3913
81.1709
79.6162
81.1281
80.4309
80.0218
79.8682
80.573
78.6466
77.5298
77.8331
77.0583
77.1907
78.1245
78.7279
78.0047
77.7666
77.6775
78.9536
78.3673
78.6347
79.8546
78.549
79.2433
80.043
78.2761
79.686
77.9162
79.1845
77.9419
77.0824
77.1472
77.6222
78.3952
76.8459
78.2972
77.6189
77.0074
77.7606
77.0518
77.0723
78.4642
77.4208
77.8081
77.614
78.096
77.7712
77.1279
77.0909
78.2397
77.9325
77.6537
76.3455
77.1722
76.8549
77.1092
76.0813
75.9713
75.3193
76.165
76.3351
74.7146
75.1689
76.8884
75.8779
76.4137
76.5199
76.3263
76.7569
77.2022
76.5435
77.0102
77.2876
77.1393
75.8392
77.413
75.6363
76.8094
77.2032
75.9881
75.6052
76.4824
76.0849
75.0563
75.7194
75.4964
75.5585
75.787
75.4259
76.5985
75.3525
75.5246
75.2732
76.2447
76.3937
76.1419
76.014
76.2477
74.6055
75.2731
75.761
75.1839
74.3994
74.937
74.6263
74.5247
75.2017
75.5903
74.993
75.1221
74.8451
75.5004
75.7875
76.8017
76.8922
76.5719
76.0577
76.3052
75.6792
75.657
76.3631
76.3691
75.98
74.9577
75.426
75.843
74.3346
75.2513
75.2842
73.9755
73.7799
74.1161
75.412
75.8878
75.3412
74.8752
76.9751
76.8389
76.9244
77.3202
77.6784
76.0286
75.5742
75.7941
76.6425
76.355
76.0539
75.7649
75.5323
75.9629
76.4392
75.799
75.5372
74.7607
74.848
76.24
75.1118
74.9456
75.5531
76.8383
75.5952
76.315
77.5346
76.005
77.6845
77.7211
77.5156
78.4444
77.975
76.4643
77.9908
76.6517
76.3838
77.9876
76.0235
76.8594
77.0269
77.4352
75.7424
76.7551
76.1619
76.681
76.5732
77.4271
78.0422
77.035
77.5944
76.8677
77.5903
77.6882
77.1754
76.8816
77.6474
76.6095
76.8862
76.252
75.9376
77.0866
76.8923
77.1523
76.1684
76.0309
76.3654
76.2167
77.3447
77.1741
77.7445
77.8085
76.9511
77.3791
77.6486
77.5734
77.6497
77.2868
77.6279
76.3745
76.8932
75.8416
76.545
75.5457
75.6129
75.7751
76.8603
76.7506
76.6543
76.0782
75.6453
75.6154
75.6335
75.4556
75.3634
76.6293
76.0281
76.9584
77.1641
77.5044
76.4527
76.4834
75.5386
75.6303
75.4176
75.9813
73.9395
74.7238
74.4191
73.5777
73.3929
73.4003
73.157
73.1484
73.5687
74.2413
73.7472
75.1851
75.6269
75.0519
75.0345
76.6792
75.8506
76.2652
76.4049
76.2087
75.7885
75.7849
74.3532
73.2441
74.5261
72.7007
72.552
72.7626
74.0302
72.104
72.4678
72.4287
72.5247
73.1192
72.8877
73.7929
72.896
73.4534
74.0681
75.7785
75.2307
75.6161
74.9889
75.7976
74.5921
74.134
75.684
74.6389
74.8452
74.9954
73.9583
73.9107
73.5642
73.9426
73.3229
73.9363
74.1991
72.7999
74.0667
74.4494
74.6298
73.894
75.4428
74.9532
75.4829
74.8566
75.9156
74.3161
75.5896
73.8084
74.648
75.1342
73.6692
73.352
73.9778
74.3553
73.9543
73.8085
73.9787
72.8694
74.9489
75.3994
74.7424
74.6635
74.4116
75.1336
75.1183
75.4362
76.214
74.7375
74.5455
75.7163
73.718
73.6488
74.8468
73.4509
74.8786
74.7481
74.3653
74.1784
74.3271
73.0421
73.8804
74.0675
73.8518
73.5211
75.899
75.836
75.7488
77.0347
75.7536
76.3733
76.4102
76.8621
76.3797
75.8607
75.9876
75.236
75.7107
75.1675
74.7077
76.078
74.9853
74.9607
75.3363
73.5534
73.9911
74.8467
75.075
74.3677
75.7426
74.8788
76.241
75.9586
76.3719
75.9443
75.1115
75.1527
75.0655
74.6971
76.1966
74.1095
74.6348
73.5114
73.1261
74.0127
73.8654
73.8971
74.0354
73.722
72.6695
72.5039
73.9581
74.0152
74.016
75.4479
76.1307
75.2546
75.9329
75.5919
76.3071
77.1843
75.6425
76.3754
74.6872
75.1899
75.8497
75.1464
73.9008
74.7393
73.7417
74.4614
73.4841
73.0386
74.0752
72.9301
73.1889
73.9556
75.2278
75.0533
75.3651
76.1123
75.5871
76.0697
75.3274
76.0653
75.6697
76.2728
75.5061
75.3797
74.8644
75.9235
75.8135
75.537
74.2367
75.1642
74.3024
74.5979
73.5887
73.0132
72.5846
73.9514
73.9746
74.5688
75.0361
75.5606
75.6224
77.6716
77.5662
77.6166
77.6909
77.6564
76.5808
76.8282
77.4468
77.6317
76.7605
76.1033
75.9347
76.3998
75.0765
76.2516
75.5906
75.8396
75.2206
74.8587
75.5335
75.7175
77.6966
78.0821
78.9552
79.6462
81.3762
80.9695
80.3086
80.1866
78.4749
78.9616
79.1301
78.3964
79.8548
77.9858
78.3543
78.6681
79.0336
77.3133
77.7345
77.6944
77.7975
77.2291
78.3543
78.0317
76.6366
76.5722
77.7655
77.3825
76.6984
76.3966
78.2431
77.1801
76.9873
76.8026
78.0485
78.3081
78.5602
78.0099
77.7474
76.5685
76.5763
76.2951
76.9186
77.353
76.694
76.7931
76.7818
76.5838
75.2937
77.0853
77.1633
76.0858
76.2693
76.7633
75.4755
75.0534
75.6934
74.8466
74.6083
75.2333
74.7676
74.327
72.9753
73.3042
73.3823
74.5879
72.9067
74.1534
74.1598
75.48
74.946
74.366
75.4011
76.4332
76.7688
75.421
75.0438
75.1454
75.2626
75.3598
75.4523
73.9418
75.0065
74.3311
74.874
73.338
72.8026
73.666
73.8717
73.2732
72.7201
74.1799
74.1588
75.5933
75.4197
74.5313
74.4498
75.434
75.6295
75.3493
75.2014
75.4087
75.1198
74.3893
74.6981
75.1885
74.4534
74.6769
73.4122
72.8345
73.5939
72.7641
72.6878
73.3788
72.0618
72.864
74.312
73.9242
73.6835
73.7103
73.5151
74.6538
74.5977
74.9628
74.6244
73.5881
74.2746
73.4659
73.377
74.2868
74.6051
73.5622
74.1123
73.9705
72.7779
72.5787
73.5034
73.18
73.0797
72.8678
72.9798
72.0686
73.4692
72.735
73.0612
73.9832
74.4416
74.0454
74.9942
76.2503
75.2943
74.4505
75.0391
75.1197
73.604
73.4432
73.4342
73.2386
73.715
73.8934
73.8742
72.9607
72.6111
71.3883
72.0967
72.4318
73.4345
71.8517
73.3318
73.9818
75.6034
74.8467
75.6643
75.414
75.6269
76.1284
75.2437
74.25
74.7652
74.8841
74.7012
73.9368
74.2565
73.5734
72.9492
73.7358
73.5762
73.095
74.9735
74.4841
74.3701
74.8944
75.3686
75.5154
75.9315
76.8041
76.0802
74.8134
75.9294
75.5064
74.1457
74.87
75.3263
73.7485
74.0704
74.0452
74.056
74.2393
73.9053
73.5319
73.9623
73.2053
74.6047
74.2415
75.2812
74.4022
74.1921
75.8789
75.2386
74.9687
76.1079
75.3613
75.9026
75.5047
74.2802
72.972
72.6751
73.4764
73.3961
72.1009
71.8778
72.5574
72.9851
73.7326
72.6993
73.0188
72.8092
73.6572
74.6801
74.6538
73.9038
74.9596
74.7215
76.1128
76.2798
75.4304
74.8122
75.2911
74.1181
73.0851
73.7164
72.7548
73.0698
73.4328
72.1285
72.3063
72.5535
72.4337
72.1603
71.88
72.3047
72.9014
73.5218
74.3355
75.3947
74.076
75.359
76.2089
75.4764
74.5601
74.5275
73.7169
73.9087
74.0975
73.8737
73.7488
72.932
73.4933
73.6616
73.6286
73.1652
72.748
73.5659
71.7526
73.1804
73.9238
73.8044
73.7307
73.8091
73.5321
75.1858
75.0126
75.0461
73.3361
73.1043
74.1036
73.7852
71.7166
72.134
71.5125
72.4661
70.944
72.6189
70.7308
72.4874
70.8308
71.0484
70.7159
70.7915
70.6571
71.62
71.0129
71.7367
72.7317
71.4689
71.8609
73.1121
72.2003
72.2351
72.0288
71.8255
72.3392
71.8564
70.5454
70.3799
70.376
70.7791
70.1932
70.2467
71.3501
69.9933
71.1402
69.6793
69.3529
70.0739
70.1672
70.2992
70.5357
71.7943
71.8289
72.541
71.5848
73.1303
72.1914
72.693
72.5259
72.1203
71.631
72.3281
71.3509
72.3554
72.9372
71.7097
72.0325
72.4905
71.8905
71.267
74.4666
72.2222
73.7238
73.2217
73.9872
73.0381
73.3267
74.6695
74.7981
73.0086
72.0394
72.8493
72.2165
72.8221
72.1394
71.4186
72.1311
70.3074
71.2975
70.7347
70.9777
71.2957
70.8687
71.1315
71.2615
71.9486
73.3995
72.7125
72.7767
72.356
73.1562
73.6357
72.2182
73.0925
72.1183
71.4207
70.5614
71.6738
70.6948
71.0576
69.6412
69.9807
69.6477
68.9092
68.8724
69.7882
71.1228
69.2655
69.4026
70.8392
69.3427
70.4865
71.0586
72.614
72.8643
72.3777
71.9693
70.3455
70.1434
69.6567
70.7884
69.5106
70.3105
68.3331
69.1129
68.3621
70.0026
69.84
70.8746
69.7134
70.5722
71.5253
72.1537
71.816
72.3654
72.457
74.3398
72.5393
73.6285
74.1675
72.1319
72.5917
73.2354
71.1972
72.6189
70.8898
71.4573
70.0393
71.2807
70.2663
70.9928
72.3298
73.1104
71.6593
71.6911
73.0664
72.8073
73.0354
74.7965
74.736
74.5241
75.1373
75.5134
74.9791
75.1609
73.9407
74.6188
74.5916
73.2829
74.0035
72.6954
71.8172
71.2218
70.7102
71.8577
72.7124
70.8337
70.7962
71.2185
70.7161
70.861
70.843
71.9297
71.7929
71.1025
71.4758
73.0602
71.5796
72.0012
71.5375
71.0707
70.4491
71.2614
71.34
71.301
69.9892
70.4843
70.003
70.804
69.169
70.2367
70.1335
70.1514
69.0045
69.7176
70.1231
69.7621
69.9068
70.4363
71.233
71.9999
72.889
72.6542
71.6445
72.4965
72.1959
71.275
71.5493
71.3774
70.9613
70.8653
69.5174
70.237
70.2548
69.5466
71.2854
71.7662
73.1581
72.8195
73.9436
73.3105
75.0178
73.796
74.0348
74.89
74.2034
75.4734
74.3548
73.9052
74.2712
72.8398
72.7524
72.3249
73.5285
72.4912
72.272
71.4872
72.1229
72.2936
72.8654
71.3677
73.2639
73.6807
72.6115
73.0764
74.2453
74.497
75.6946
74.4744
74.3499
73.9899
73.4934
74.6925
72.9217
73.9382
73.2693
72.8949
71.8279
71.5033
72.438
71.4921
71.9752
72.254
72.5652
71.8378
73.4424
74.2795
72.996
74.1055
73.6179
73.317
73.0117
74.3139
73.2282
73.7289
72.9472
73.8378
72.1237
72.0428
72.2519
73.0928
71.3687
71.4996
70.3235
70.3952
71.1663
70.0286
71.9624
72.3807
71.7637
71.4344
72.9639
72.4056
73.2432
74.4921
75.6759
76.2949
74.4786
73.9788
74.2504
73.6528
73.5566
74.5513
73.1782
73.9962
72.1671
72.4502
73.063
72.0095
71.8074
71.0447
71.9701
72.9094
72.1706
73.0695
73.0341
73.8095
74.3104
73.6802
74.4136
74.4112
75.3058
73.7223
73.9569
74.5702
74.3866
73.4042
74.708
74.4585
73.6181
72.6119
72.518
72.2386
72.2496
72.3697
73.0119
71.6281
73.0819
72.5675
72.4051
71.4951
72.9472
72.9213
73.014
72.7931
72.8544
71.6553
72.6782
71.2439
72.5594
72.0587
70.7684
72.2572
70.7852
70.6232
69.9512
69.9309
70.5942
70.2228
70.9628
69.809
70.5489
69.9311
69.5115
69.6524
70.2952
71.629
70.1908
70.7517
70.8118
72.2583
71.2386
71.5848
72.0555
70.6844
71.7456
70.6302
70.1061
69.1509
70.539
69.7585
69.0312
69.9746
70.9973
71.8109
71.2281
73.5481
73.1995
72.4838
73.2705
72.6329
73.0423
73.5985
73.9443
72.2438
72.8993
73.307
73.9405
72.9263
72.6784
73.3096
73.0266
72.2987
71.8855
72.405
72.0246
72.1961
72.606
72.3929
71.4372
73.996
73.5094
73.4529
72.8351
73.9482
72.4788
72.8357
73.9903
72.8823
73.2765
74.0277
73.8956
72.5926
71.7247
72.137
71.6742
70.8022
71.7912
70.1415
71.3858
70.1928
71.5312
70.7446
71.6096
72.6343
72.7234
73.6153
73.792
74.0245
73.3344
73.7724
74.188
72.7306
73.0461
72.6185
73.6305
71.8609
73.3953
72.5266
72.5001
70.9921
70.6838
70.9223
71.0686
70.5056
72.4091
71.184
72.2727
72.119
74.2201
74.1451
72.5726
73.998
73.6351
74.1844
74.0138
73.311
73.2449
73.638
74.2277
73.2544
73.3305
73.6126
72.9775
71.8975
72.9484
70.8153
72.5465
71.6016
71.3849
72.6365
72.263
73.0844
72.9812
73.4409
73.6754
73.5711
75.0912
74.0172
74.7537
74.061
73.6491
72.9773
74.3124
73.3685
73.406
71.8818
72.1684
72.0204
71.4643
70.1315
71.3592
71.5251
71.2038
70.7444
70.4468
69.7328
69.1675
68.6176
68.27
68.3251
68.0059
67.6952
67.6631
68.8389
67.7132
68.1653
67.7439
66.9108
67.6745
67.3073
67.904
66.9816
67.3635
66.8561
66.8287
65.9175
65.8541
66.5733
66.9344
65.9598
65.5257
65.0065
65.8612
66.249
64.8424
65.6999
65.1192
65.0693
65.1638
64.3282
66.1789
65.6416
64.7908
64.6743
64.3698
63.501
63.8153
64.2481
63.3918
65.7867
65.2602
66.5242
68.3217
69.5192
70.418
69.8564
70.5037
71.5572
72.214
72.2349
72.3019
71.387
71.7166
70.6033
70.7053
69.3728
69.2693
68.3333
68.2629
68.5849
67.9116
67.0251
66.6587
68.3515
67.4762
69.7793
69.1548
71.2527
70.7597
72.7281
71.5764
71.5315
72.4389
72.5136
73.0431
72.0149
72.034
71.3628
70.2244
71.0461
70.2964
69.6769
68.5957
69.323
69.6775
68.7354
68.3592
68.728
68.9921
70.1991
69.9793
71.2226
71.6897
71.3002
71.2784
71.8906
70.7419
72.4504
71.3269
71.4174
72.2748
70.604
71.2695
70.119
70.7186
70.0135
70.3679
70.2518
70.0634
69.5188
69.5114
69.2843
70.0292
69.7779
70.6443
72.0991
72.559
72.4895
72.0276
72.5611
72.2925
72.1454
73.1763
72.0988
73.0318
73.4095
73.6106
73.2247
72.7724
71.7768
71.3987
72.0167
71.7171
71.8908
71.7916
71.7387
70.8619
71.6938
72.2497
71.8644
71.7157
73.1133
73.116
71.9859
71.7706
72.695
72.971
72.474
73.5206
72.4369
72.1807
71.3246
71.8558
71.8807
72.1536
71.1778
71.4136
71.752
72.2955
72.067
70.5086
70.1844
71.2903
70.2365
70.4253
70.6284
71.2902
70.8319
71.1355
70.8374
70.8385
70.9325
70.2729
70.5882
70.2406
70.8042
69.8014
69.3128
69.3567
69.134
70.4453
70.2093
69.9352
69.2963
68.4572
69.3668
69.7844
70.0505
69.9462
69.5866
69.2683
70.6721
69.7714
70.36
71.229
71.0186
71.6744
71.9892
71.4124
70.213
70.4694
71.8188
70.7573
70.3505
71.4619
70.9897
69.8562
70.3383
70.6453
71.5934
72.8127
71.4608
72.8555
73.0531
73.9259
74.96
75.9482
75.7549
74.8103
73.5482
75.0746
73.3025
74.8998
74.9315
73.0813
74.3861
73.5557
72.4314
73.0194
72.1483
72.8104
72.6922
72.9395
72.1096
73.5862
72.5587
73.5839
72.6747
73.6832
74.6571
74.8183
75.3049
74.7596
74.823
75.2021
73.7385
74.527
74.2279
73.438
73.0706
72.2732
71.5195
71.6392
72.1005
72.358
71.5226
70.9639
72.5815
72.5842
72.3617
72.43
71.7572
73.0733
72.7551
72.5752
73.4804
72.8115
72.5567
72.8516
73.2697
71.1915
72.0829
71.9635
71.8261
70.8203
69.4255
69.9224
69.3144
70.7603
70.971
70.1711
70.7143
71.9217
72.0038
71.7846
72.6556
72.5801
73.0506
74.5404
75.1886
74.2789
74.2621
73.2381
73.8703
73.4324
72.372
73.9281
73.2572
72.53
71.6387
72.28
71.722
70.3933
70.1096
70.6582
71.5109
72.4464
71.5157
72.7279
72.2977
71.5288
72.5961
72.0155
72.976
71.2055
72.5252
72.498
72.6227
71.3969
70.2932
70.104
70.0212
70.2778
68.7643
69.3792
67.7852
68.4998
66.6656
66.9289
65.8044
66.8957
66.2063
65.6226
66.386
66.5772
67.2263
66.5976
67.1215
65.9735
66.845
66.3457
65.0483
65.3667
64.6029
65.0063
65.1028
64.7375
66.4442
66.6712
68.2039
67.9938
68.8225
69.832
70.4168
69.6766
69.7596
70.639
71.2626
70.3799
68.9975
67.8057
68.6515
67.3954
67.0487
66.5848
65.5034
65.7281
65.7135
66.2175
67.3271
67.623
68.0809
68.7268
70.4536
70.0661
69.9775
70.4927
71.6168
70.292
71.6707
70.7053
70.4301
69.2916
69.3406
70.3842
69.6303
69.0398
67.762
67.6768
68.8601
67.5705
68.4634
69.2935
68.0155
68.1009
68.1275
70.0166
70.2586
71.0961
71.5028
71.4249
72.7117
71.5946
72.4333
71.4871
71.9947
71.3547
70.3911
69.4381
70.2585
69.6719
68.2234
68.808
68.0325
67.8097
66.4055
67.8351
65.9725
66.3191
66.2917
66.4698
67.1973
67.2661
66.5896
66.1357
67.4582
67.0828
66.6015
66.1444
65.7097
65.7266
65.5893
65.8296
65.6695
64.473
64.3328
64.3073
63.2792
63.2866
62.7178
62.1036
62.3587
62.2684
64.1476
66.7452
66.8848
67.3919
66.3784
67.2473
68.8048
67.7871
67.6234
68.1324
68.3525
68.761
68.2785
67.1804
66.5416
67.0112
66.6427
65.0615
65.18
64.6793
65.5512
64.5968
65.2756
64.8854
65.1542
64.2652
64.0788
63.9958
63.372
63.8586
65.7787
66.0047
65.1234
66.5761
65.0266
64.9527
64.9766
65.6772
65.2474
65.4154
64.9888
64.9699
63.3079
64.4046
63.8798
62.6505
63.648
63.0638
63.0825
62.4276
62.0899
61.824
61.8084
63.5703
63.143
65.213
63.9442
64.4577
63.5914
62.8982
64.4526
64.1268
63.4906
63.4243
62.1573
62.1844
62.2383
61.2849
62.4316
62.6401
62.7548
63.0711
65.3626
67.6883
66.7894
67.403
69.2222
68.7291
69.4362
70.2581
70.2595
70.6073
70.2063
69.8103
68.2449
68.1098
67.6312
68.129
66.9358
67.2818
67.1284
65.7918
65.1314
66.1775
66.5138
66.5276
67.785
69.3667
71.1069
71.3451
71.6393
70.36
71.986
71.6647
72.73
72.1754
71.9271
70.852
69.0146
68.4946
67.4858
68.077
68.2311
67.0133
67.1861
65.9224
66.3821
66.4629
68.2405
68.0279
70.1038
70.2266
71.3768
70.6751
70.463
71.2816
71.0559
71.7063
72.1736
71.8454
71.1742
71.4373
71.0044
71.151
69.5594
69.6461
69.7365
68.794
69.7251
69.2315
67.2144
68.7593
69.2705
69.91
69.073
70.978
70.8134
69.8074
70.5042
71.0098
71.6448
71.6094
71.1764
70.4696
70.5055
70.6229
71.6991
70.7391
69.0218
68.785
69.225
67.8775
67.2947
67.2862
66.7891
67.5043
67.7901
69.8757
70.2152
71.1866
71.6762
71.2236
70.4392
70.3629
70.7973
70.2365
71.7316
70.9422
70.5392
70.5477
70.9077
69.7868
70.9119
70.0741
69.5959
69.6026
68.2788
69.4562
68.45
69.7386
68.9421
68.1815
68.7666
67.4582
67.6626
67.7712
67.6951
68.1138
68.4092
68.6858
68.7078
68.5282
67.2933
67.72
66.435
67.6421
67.5056
66.6351
66.0309
66.8566
65.1732
65.2175
66.2829
65.4215
64.9436
64.8945
64.559
63.7514
64.5976
64.1227
63.4995
64.7009
63.7962
64.008
64.7222
62.8777
63.8224
63.758
63.1574
63.4429
62.1289
61.8251
61.8308
63.1629
61.2505
61.0137
61.2154
62.3775
62.9259
64.8711
64.8649
66.0412
67.6715
68.9235
67.9542
69.7695
70.2459
69.8213
70.8397
70.5117
71.0236
68.7053
68.1117
68.1167
67.215
67.0622
67.3097
66.694
65.7051
64.621
65.7762
67.4052
68.7194
69.6197
70.2737
70.5634
70.6708
72.2673
70.6233
71.0633
71.6503
71.7777
70.06
70.758
69.9843
68.8497
69.7461
69.5395
67.5232
67.3799
67.4175
65.9384
66.8248
67.2714
67.1336
68.5277
68.5598
68.8138
70.3617
71.7024
72.1349
72.1884
71.926
71.9273
71.5481
70.4919
71.4865
70.2064
69.4928
68.9205
68.3306
68.8253
68.8401
68.3144
66.6481
66.3445
66.1731
66.7421
68.0163
68.9209
70.1291
70.8523
70.6637
70.4602
70.7234
71.4496
72.7081
72.7782
71.2976
71.3391
72.4317
70.6863
70.9079
69.2255
69.5923
69.2321
68.1553
66.912
67.7156
66.3345
66.3403
66.1825
66.2639
68.2238
69.1643
69.1093
70.818
70.0168
70.9016
71.6456
71.7034
71.2768
70.6313
70.9713
71.7135
69.9054
69.664
69.1684
69.6972
69.1568
68.7252
68.3599
67.1813
67.9457
66.718
65.6671
66.8459
66.2921
66.8837
65.1995
65.5821
64.7039
66.2232
64.8801
65.5553
64.6495
64.6818
64.8096
65.3329
64.3627
64.1122
65.1115
65.339
65.6143
63.7784
63.7044
63.4634
63.6445
65.4405
63.6647
64.3214
64.1734
64.8639
62.9832
63.8317
62.8109
62.847
63.1663
63.2343
63.0198
63.7077
62.5138
63.2196
62.206
62.1529
63.0555
62.1029
62.5408
62.5503
63.2049
62.9318
71.9434
70.7156
69.2881
68.4379
68.2493
68.4714
67.0178
68.0833
67.6875
67.398
66.2691
65.343
64.7743
66.4479
67.2628
67.6015
69.9053
70.74
70.4983
70.2612
71.5383
71.2703
70.9003
71.5215
70.2841
71.6002
70.2873
68.8398
68.4978
69.3138
67.7279
68.0993
67.2578
66.864
66.5978
65.533
66.8627
67.508
67.7741
68.524
69.5661
71.2896
70.1406
71.0348
71.4442
70.7833
70.6635
69.9071
70.2475
71.0176
71.1179
69.2869
69.2742
70.1945
68.7782
68.1868
68.8598
67.7376
67.4981
66.7335
65.9654
66.9312
69.0778
69.2237
69.4535
72.2257
72.3261
72.0269
71.5863
70.5704
71.2768
71.5548
72.0393
71.4865
70.8646
69.3564
69.6124
68.4398
68.1854
67.2917
68.4297
67.0583
66.503
67.0073
65.4264
67.6794
67.022
68.5476
69.4655
70.434
71.939
70.813
70.8125
70.159
71.6445
70.1978
70.5823
71.2087
70.2066
71.0118
68.8545
69.9833
68.4645
68.7382
69.0627
68.387
67.5839
67.8308
68.8142
66.6904
66.3684
66.6135
67.3392
66.9323
66.7696
66.0083
66.78
66.5817
67.117
66.156
66.6949
64.8238
65.243
65.2116
64.5419
64.8747
65.4967
65.3811
65.029
64.676
64.4442
64.2522
65.4002
63.7307
64.2089
63.4568
64.4881
63.7973
64.3608
63.8483
65.513
65.4839
65.7501
64.6581
64.3628
64.9901
65.3467
65.3953
64.4533
64.6171
63.7543
63.495
64.1297
63.6987
62.3175
62.5625
62.0831
64.2841
63.944
65.7632
67.3893
66.7976
67.5173
69.4227
69.8657
69.4734
70.9511
71.5689
70.9906
70.6025
68.0002
68.2578
68.6398
68.3232
66.4338
67.1882
67.2708
65.2779
64.6738
63.9685
64.6085
65.5645
66.5334
68.2341
68.5696
69.7042
69.6398
70.2222
70.3154
71.9595
71.2464
71.5877
70.4211
71.2065
70.6153
70.07
69.2917
67.8545
68.2489
68.7672
68.2159
66.4223
67.3952
65.3689
66.2536
66.5975
67.7297
68.4823
69.9232
70.5851
71.4131
70.3228
71.1179
69.4724
70.8918
71.4622
71.4048
72.2868
69.7696
69.8586
70.2904
69.189
68.259
69.4841
69.0373
68.9905
66.9669
67.7959
67.3011
68.0632
68.9231
69.9547
69.9997
70.4606
69.6918
71.0124
69.3636
69.2396
69.026
67.6688
66.9785
66.1377
65.6413
64.9944
64.1551
62.703
63.8394
62.4419
62.3711
65.3757
65.9696
66.5936
68.3314
68.9282
69.4471
70.6938
68.8075
69.771
69.4302
69.6994
68.3926
69.6702
68.5784
67.0502
68.5384
66.5898
66.4437
66.6398
65.352
66.565
64.6224
64.9924
63.9775
64.1827
64.5563
63.9619
63.5677
63.451
62.7566
61.8849
61.9711
62.0364
62.8588
61.7553
60.3308
61.3186
61.2652
59.5647
59.9214
60.0935
59.9222
58.8623
58.7771
59.4107
57.8446
58.3895
59.125
57.4584
58.2336
58.7335
58.9726
60.2579
59.1594
60.267
59.2006
59.4205
59.6108
59.3758
60.4504
60.3832
59.9109
60.284
58.8325
60.1842
60.5738
60.5842
59.5413
60.5789
59.2025
59.5363
61.4276
62.3505
63.873
63.9547
64.3326
66.8905
66.7629
68.2277
68.6622
68.7758
69.8515
69.6413
68.6788
66.5391
66.7559
66.6742
65.2054
65.2363
63.5061
64.4646
63.5174
63.6195
62.963
61.7735
63.9544
63.9899
66.0433
68.1422
68.6157
68.8043
70.2487
68.8422
71.0742
70.7975
70.0038
69.6382
71.1114
68.9746
68.4145
67.6308
65.7348
65.5043
64.7917
63.9184
64.497
63.6752
62.4683
63.5871
64.9848
64.7982
67.3777
67.5364
68.9368
69.0158
70.0114
70.5434
70.3562
72.0505
70.8359
71.221
70.2222
69.8327
67.9523
67.6511
67.467
65.2202
65.2434
64.626
63.6704
64.2177
62.4077
64.2575
63.7822
65.7106
66.7796
68.3823
68.298
70.4145
68.7308
70.538
69.845
69.9242
70.0665
70.0119
70.7521
70.2315
68.8909
68.7479
68.6135
67.8041
66.82
66.7696
65.6955
65.73
65.0438
64.6604
66.6637
66.9148
68.3512
68.5389
69.1808
70.0482
69.0919
70.1368
68.6449
69.1091
69.3488
70.0681
69.6868
69.2895
68.1033
68.527
67.8021
66.2926
66.1558
65.5026
65.6786
66.765
65.3875
64.959
64.7727
64.3617
65.1175
64.0658
63.8445
63.7
64.9598
64.5456
64.9264
64.0569
65.1409
65.376
64.4996
64.6151
64.3863
64.6986
63.6962
63.4623
61.7373
62.8886
62.0252
61.3294
61.58
60.9524
60.851
59.9101
60.3241
61.2449
59.6694
61.1205
61.88
60.4901
61.0023
61.7659
60.2654
60.7112
60.5216
61.7219
60.8459
60.7765
60.297
60.503
60.8654
60.312
59.8436
60.937
61.2918
61.3562
62.5148
62.4328
64.9168
65.397
65.9156
67.2905
68.4574
70.0738
69.7033
69.7203
69.4014
68.6086
68.5943
67.3668
67.0327
67.241
65.7964
64.9923
64.4956
65.117
64.3214
63.6076
64.3124
63.6047
64.4461
65.5156
66.9843
67.6119
69.9813
70.6756
69.6288
69.6971
69.912
70.5589
70.5151
69.6169
69.9509
68.9174
67.9837
69.2115
68.4994
68.2066
67.1753
66.9875
66.0112
66.2611
66.0323
66.2646
66.5901
67.3386
67.7181
68.7441
70.0715
69.0966
68.5409
68.7479
70.211
69.0881
71.1409
71.3541
70.409
70.1168
68.4566
68.0437
67.8683
68.2527
67.9339
67.4156
66.8286
66.4683
66.7053
65.9933
66.3995
68.6894
68.8698
69.2893
70.137
70.8792
69.7339
71.0767
70.8997
70.8172
70.0889
71.4981
70.3387
69.98
69.1105
68.1864
67.3935
66.5753
67.7332
66.6898
65.8322
65.9524
67.281
66.9042
67.8068
68.7112
70.0294
69.3263
70.9551
70.3365
70.4679
71.4754
71.6851
70.435
70.8091
70.6765
70.5363
70.9107
69.7293
69.6018
69.4888
67.2479
67.3315
66.8934
66.5613
66.5374
67.1373
66.5595
65.9057
65.5392
65.8395
64.5739
65.4709
64.0623
65.6132
65.0033
65.0699
65.4957
64.8906
63.9333
65.7423
64.8733
64.591
64.5245
65.8607
65.7016
65.48
65.0198
64.0765
64.1902
64.5451
64.1628
64.6881
65.0068
64.8673
65.2756
64.7619
64.2148
64.225
63.4898
64.0288
65.1412
64.1658
63.8255
64.5165
64.8155
63.6581
63.0427
63.669
62.8466
64.0027
64.1703
64.2907
62.8534
64.2775
63.9382
64.1924
66.3956
66.3559
66.9371
67.946
67.8362
68.0297
67.6353
67.9535
67.9416
66.3136
66.9024
67.9255
66.2489
66.6177
66.4585
65.7002
66.1551
64.3709
64.7377
63.7168
65.1291
64.5908
65.3948
64.9926
63.5513
63.8632
63.4599
63.0815
63.4805
64.8234
64.4581
63.8021
65.0489
65.8807
65.4815
64.1998
65.8784
64.7257
65.0094
64.3797
64.8171
64.0185
62.5984
62.1536
63.6546
62.6687
63.1933
64.245
65.1453
64.9329
66.6415
66.8212
67.196
66.1377
66.3732
67.3836
67.9887
66.2559
65.9285
67.2149
66.2467
66.6148
64.8481
64.9489
64.4563
63.9799
64.2673
64.5918
65.377
65.1921
65.3795
65.0571
65.8711
66.5495
66.4333
67.942
67.7378
67.9441
68.5957
67.7628
66.3713
66.4549
67.7665
66.3049
66.775
66.0879
66.2363
66.0895
65.4936
65.2091
64.6527
65.6835
64.5385
64.8744
65.8369
66.4556
66.2213
67.4062
66.8297
66.3484
66.5606
67.8747
68.3688
68.3219
68.6148
67.7431
67.0865
68.3433
68.3001
68.2279
66.6988
66.4911
66.356
66.8182
65.5695
66.6156
65.6977
64.5938
64.7438
65.259
64.475
64.6115
63.686
65.4382
64.1221
65.423
65.9563
65.8197
64.856
65.0062
63.9439
65.2021
63.8474
63.7502
64.876
64.1806
64.0725
62.4333
62.5264
62.3096
62.3544
63.4246
63.0941
62.5824
63.3796
62.8678
62.8842
62.1199
62.7077
63.593
62.7166
63.6089
62.828
63.7986
63.1169
62.1289
61.5977
62.8583
61.4162
61.4916
61.8281
61.6974
61.6525
60.6069
60.4732
61.553
62.0191
61.2361
63.68
63.3633
64.1372
64.5332
64.1948
65.1362
65.976
65.8555
66.3276
66.9297
67.2614
65.8079
66.2039
66.5104
64.8207
63.5922
63.2353
62.4905
62.2837
63.3075
62.8028
62.3419
64.1747
63.9709
65.0523
64.7546
65.0488
65.7492
66.4019
66.1866
67.3175
66.9543
66.9379
67.7397
66.7261
66.0864
66.7163
65.1469
64.6427
65.6269
64.0822
64.542
65.0926
64.4385
64.6208
63.2959
64.7192
63.7318
66.2971
67.1943
67.069
68.721
69.9607
70.5669
69.75
69.1734
70.5084
70.2454
70.8129
69.947
68.8668
68.3933
66.6068
66.76
66.2764
65.7551
65.8101
65.3727
66.2889
66.2341
64.9123
67.0513
67.8386
68.1094
69.6564
70.6057
70.6293
70.2112
70.2911
70.6455
71.2765
71.8373
71.4673
69.7594
70.1142
70.055
69.3703
67.9823
67.7866
68.4345
68.0779
67.8129
67.5677
66.2476
67.65
67.0514
69.0558
70.1015
70.6327
71.0608
71.0738
69.8733
70.9249
71.2246
70.7887
71.992
70.8959
72.3873
70.1468
69.7458
69.4316
68.2325
69.4779
68.9153
68.3549
68.3934
68.4227
67.0775
66.9036
66.3701
68.2176
67.5345
67.4284
66.961
67.3362
66.8436
65.8908
66.8126
65.3292
65.9289
66.5889
65.1054
65.6301
65.8149
65.5702
63.9197
64.5118
64.4339
64.3338
64.5755
65.035
63.1147
63.8706
64.6478
63.6452
64.0514
62.7828
63.8235
63.5869
62.0883
63.0193
63.9071
63.0784
62.6984
61.7279
62.2893
63.0883
61.5556
63.0093
62.1841
62.3966
61.1477
61.133
62.2017
61.0386
62.8208
62.2873
61.7404
64.3496
66.0085
65.9853
67.0307
68.1115
68.1859
69.0919
70.4616
68.5554
68.1835
68.7995
68.9439
68.3791
68.0327
66.7523
65.7009
65.2315
65.5833
64.4383
64.7675
63.6394
64.9937
65.4279
64.5437
65.7425
68.249
68.8152
69.619
69.2754
69.469
70.3985
70.7275
70.0738
70.4311
69.1865
69.3372
68.5245
68.6632
67.3973
68.3111
67.1601
66.9737
66.4848
64.8808
64.708
64.546
65.6784
65.0588
67.0386
69.0564
68.9919
69.9779
70.1754
68.1666
68.573
69.8353
70.2748
70.2061
69.4092
70.278
68.3033
68.0932
68.3643
67.7242
67.8085
68.2696
66.646
67.568
67.3646
64.8115
66.5333
67.0867
66.858
69.4703
70.777
71.07
70.782
70.7083
70.9635
70.218
71.1473
71.7824
70.9443
70.2541
69.9739
71.2081
70.2811
68.4253
68.1403
68.3152
68.8055
68.7081
68.2113
67.0231
68.1363
68.5081
68.7847
70.2631
69.4889
69.7881
69.9672
69.7425
70.6906
70.6324
70.6755
71.4884
70.2179
69.9343
70.2232
70.6887
68.722
69.4523
68.4122
68.3675
67.6365
67.662
65.9031
66.2144
65.8264
65.5051
65.745
65.3664
65.907
63.7725
64.5595
64.5256
64.674
62.7941
64.3144
62.5598
62.7497
62.7306
63.6541
63.4207
61.9411
62.8932
61.9614
61.3363
61.9543
61.382
62.3844
61.0948
61.3633
60.593
60.4306
60.5824
60.3112
59.7678
59.864
60.2479
60.8747
60.2856
59.5289
59.3167
59.1401
59.3358
58.504
59.1076
58.1603
58.4236
57.8619
58.6393
59.0747
60.4909
59.7119
60.3759
60.1711
60.2967
62.0328
63.3057
66.4611
68.2618
70.7116
71.2755
72.1683
71.1842
72.1406
71.212
69.2171
68.3529
65.9437
63.1658
63.4757
63.469
61.4292
61.6771
61.7869
60.8856
61.4999
61.0557
61.4708
62.3063
62.8706
63.4009
