0.142296
0.157719
0.138475
0.13617
0.275098
0.4325
0.33339
0.316944
0.301512
0.195192
0.159351
0.145196
0.0943785
0.0936182
0.0955099
0.0875148
0.101887
0.0932716
0.080187
0.107423
0.12213
0.118618
0.121474
0.122239
0.130082
0.11937
0.192373
0.154179
0.15614
0.153511
0.216651
0.129123
0.228794
0.161011
0.15262
0.152979
0.132756
0.129964
0.153546
0.167512
0.154508
0.112512
0.148014
0.169752
0.150282
0.133869
0.13217
0.12948
0.139128
0.151014
0.175512
0.175959
0.169254
0.228617
0.258173
0.213432
0.105857
0.158034
0.140938
0.150186
0.132852
0.138366
0.15151
0.159337
0.121835
0.14546
0.131163
0.120149
0.104272
0.0982119
0.0969272
0.0977994
0.0942742
0.137114
0.110455
0.132583
0.905385
0.929024
0.0806287
0.234354
0.219498
0.109202
0.141498
0.140992
0.109823
0.105366
0.115941
0.100774
0.117303
0.0914271
0.0999764
0.1242
0.106021
0.102823
0.0991451
0.093892
0.111951
0.0975516
0.11391
0.134589
0.146609
0.156512
0.214654
0.224078
0.154352
0.109959
0.137311
0.109105
0.0982809
0.117546
0.0889912
0.112899
0.101403
0.0668031
0.121772
0.131726
0.133957
0.117523
0.11267
0.0972861
0.0980246
0.0919003
0.116578
0.128799
0.168407
0.182576
0.189291
0.23812
0.115591
0.107126
0.141284
0.0946594
0.0942366
0.127298
0.102792
0.113005
0.0771113
0.120816
0.122555
0.114485
0.114308
0.0993754
0.0992133
0.0986905
0.135389
0.121842
0.167323
0.17
0.183908
0.132602
0.161039
0.177996
0.095252
0.127945
0.0854723
0.114072
0.113169
0.0855238
0.108656
0.100094
0.0750573
0.11305
0.108683
0.107531
0.0980018
0.0924408
0.0976025
0.10074
0.141909
0.133534
0.143549
0.169228
0.24367
0.189021
0.105337
0.165526
0.115012
0.146531
0.101556
0.101369
0.121464
0.111031
0.0851863
0.103551
0.0929202
0.122924
0.114819
0.103286
0.103656
0.0857644
0.0895652
0.0960723
0.127231
0.134073
0.172839
0.188894
0.214961
0.0861193
0.196618
0.166262
0.111147
0.0725454
0.121499
0.0848131
0.111434
0.0566939
0.102496
0.0980136
0.0716746
0.11152
0.107303
0.105508
0.0979198
0.0886516
0.0995588
0.102502
0.0975115
0.128932
0.989074
1.034
0.0720196
0.224377
0.168372
0.150964
0.0972507
0.0928124
0.120406
0.0833705
0.104475
0.0879897
0.0907471
0.100397
0.0518367
0.105612
0.106565
0.0968093
0.0909212
0.0922848
0.0945566
0.0911229
0.0957755
0.124945
0.135219
0.137638
0.140516
0.180166
0.199866
0.101
0.127294
0.0959362
0.142177
0.093348
0.0780255
0.0975724
0.0951793
0.0936877
0.0865523
0.0898081
0.0996096
0.111351
0.0980949
0.11395
0.107568
0.134045
0.192386
0.198952
0.117112
0.124281
0.110217
0.0943178
0.0908305
0.123542
0.10465
0.0914649
0.0726749
0.0800472
0.098913
0.0907375
0.0913412
0.0971321
0.0819575
0.15105
0.101444
0.223932
0.187859
0.109004
0.143955
0.125957
0.098792
0.110153
0.0896611
0.0941916
0.0811408
0.0916932
0.0639505
0.160633
0.125466
0.0974853
0.0841848
0.0834015
0.0934749
0.0934823
0.100686
0.121064
0.118304
0.147348
0.20082
0.180409
0.178045
0.11108
0.100021
0.0987788
0.0848936
0.0947592
0.086339
0.0907283
0.0922506
0.0825087
0.085094
0.146366
0.107725
0.114809
0.091625
0.0836704
0.0940147
0.105398
0.101133
0.137182
0.156112
0.181365
0.224472
0.240751
0.112738
0.160399
0.10355
0.0949048
0.102609
0.0837308
0.068001
0.0776866
0.087211
0.0702856
0.0734211
0.0911364
0.101919
0.0888676
0.105303
0.0783933
0.0966598
0.0920614
0.103035
0.12434
0.162176
0.185836
0.194465
0.19816
0.199711
0.0580672
0.14315
0.0916963
0.0885946
0.106783
0.087259
0.0762463
0.0705992
0.0763136
0.102035
0.0942818
0.0897624
0.0912772
0.0948954
0.108144
0.117657
0.122841
0.114535
0.217461
0.210926
0.122509
0.136781
0.106671
0.104844
0.0870398
0.106177
0.0599344
0.105376
0.0799391
0.0773174
0.0758387
0.101383
0.0976765
0.0988295
0.0909732
0.0818166
0.0830478
0.16709
0.0987414
0.141719
0.0388988
0.21363
0.239086
0.156824
0.190648
0.0966312
0.0963229
0.105488
0.0824397
0.0979628
0.0811024
0.0845043
0.071839
0.0821176
0.063785
0.090296
0.0889792
0.0806893
0.0848157
0.0820305
0.0903958
0.0849303
0.1085
0.154952
0.166718
0.220575
0.225911
0.0764184
0.181203
0.0644423
0.115681
0.10424
0.0895962
0.12649
0.0862437
0.092192
0.0862215
0.0731268
0.0785682
0.0993712
0.0919323
0.101688
0.075903
0.088731
0.0906718
0.095121
0.0996333
0.131973
0.0857039
0.14892
0.168259
0.159104
0.145816
0.100778
0.105556
0.0818442
0.0879528
0.0849856
0.0681135
0.0776522
0.0627893
0.0995197
0.0926174
0.0893899
0.084952
0.0876815
0.0953797
0.090868
0.117304
0.108241
0.146773
0.14163
0.211604
0.151838
0.112491
0.086547
0.105752
0.0643436
0.0916587
0.0711111
0.0750025
0.0823037
0.07563
0.0920362
0.0879582
0.0845185
0.0829971
0.12687
0.133338
0.128339
0.150144
0.206345
0.0524592
0.162529
0.105396
0.12736
0.0943158
0.0957732
0.0847087
0.0888806
0.0763381
0.0699375
0.0989352
0.0912942
0.0785423
0.0771186
0.0829369
0.0850683
0.12412
0.112666
0.143495
0.220787
0.126044
0.16306
0.166832
0.130156
0.098418
0.0887554
0.0970255
0.0916525
0.0844096
0.116123
0.0768802
0.0418444
0.109948
0.1159
0.0945075
0.0775527
0.0865431
0.0932578
0.101908
0.110944
0.137596
0.136694
0.197252
0.208998
0.207381
0.113402
0.0998398
0.126259
0.0847558
0.107228
0.099444
0.104109
0.124832
0.146319
0.115334
0.112362
0.102112
0.132604
0.0987816
0.0804478
0.101264
0.111465
0.102006
0.121553
0.146383
0.161002
0.193961
0.109614
0.166973
0.101498
0.139286
0.0911728
0.0962546
0.212868
0.0796836
0.0949498
0.0774975
0.0901634
0.0856748
0.102515
0.117256
0.0919002
0.101947
0.0966961
0.103009
0.137623
0.124791
0.136975
0.177047
0.179654
0.103425
0.165123
0.134173
0.0854427
0.116337
0.135585
0.0861487
0.0866557
0.066193
0.0843354
0.0899333
0.107291
0.104649
0.108006
0.0926117
0.0952255
0.0949442
0.109427
0.116218
0.118654
0.154556
0.163333
0.158153
0.0927268
0.111918
0.0869566
0.0762435
0.0940877
0.0549741
0.0894167
0.0705643
0.0768898
0.0943324
0.0993647
0.0905731
0.0902878
0.0945785
0.0977207
0.0929885
0.0979327
0.107066
0.104862
0.133073
0.148135
0.1556
0.238854
0.125869
0.0906898
0.110493
0.0866148
0.0871933
0.0831693
0.0829252
0.0895323
0.083886
0.0518382
0.0894157
0.0941601
0.0932126
0.0906582
0.0943331
0.0915368
0.0902085
0.104276
0.0949039
0.107888
0.122527
0.141545
0.145775
0.142292
0.0937385
0.115966
0.0821824
0.0922204
0.0897081
0.0851992
0.0817834
0.0877131
0.0593078
0.0814901
0.0914413
0.0942896
0.0965016
0.0852443
0.0905436
0.0957313
0.100878
0.101332
0.132679
0.133309
0.146563
0.213649
0.138718
0.115043
0.0969094
0.0894426
0.0947895
0.0890824
0.0775331
0.101095
0.0635224
0.095962
0.083246
0.0910333
0.090986
0.104743
0.0894575
0.087184
0.0934122
0.084788
0.129779
0.106145
0.138995
0.16365
0.195011
0.0807644
0.135371
0.118851
0.097984
0.100486
0.116815
0.0887122
0.0931702
0.0857756
0.105584
0.0864523
0.0991575
0.0970408
0.0936601
0.0942463
0.112771
0.108729
0.12832
0.161382
0.149149
0.169221
0.121972
0.106156
0.163204
0.114728
0.0760015
0.105483
0.0949759
0.0653525
0.092762
0.099715
0.0907629
0.0824024
0.103661
0.199853
0.130808
0.143985
0.187511
0.187206
0.237744
0.252206
0.412619
0.333784
0.218
0.308707
0.241355
0.212047
0.175768
0.134797
0.162904
0.160676
0.109723
0.121656
0.13159
0.193346
0.1795
0.183161
0.152889
0.145144
0.156019
0.181965
0.214
0.839231
0.3325
0.391
0.57439
0.326796
0.186066
0.203935
0.241901
0.133696
0.159906
0.147527
0.124268
0.100994
0.0887354
0.108771
0.102155
0.110303
0.0947476
0.0958115
0.104109
0.110125
0.113955
0.131629
0.156178
0.186141
0.210568
0.183082
0.184262
0.0974307
0.124667
0.110353
0.0991266
0.0974669
0.103143
0.11171
0.0900873
0.086905
0.0962115
0.104748
0.119818
0.100345
0.102439
0.100038
0.126746
0.119818
0.143032
0.163943
0.177273
0.173473
0.115397
0.101153
0.123552
0.095894
0.0946141
0.110444
0.0860212
0.0964703
0.0778916
0.0939058
0.0858164
0.103214
0.105449
0.109693
0.105234
0.10197
0.116605
0.113288
0.135434
0.148375
0.18413
0.184005
0.182635
0.176092
0.0724028
0.126272
0.142576
0.0831278
0.129988
0.0946608
0.113798
0.0914274
0.102078
0.0932054
0.0902394
0.109984
0.103418
0.094837
0.0929411
0.0965031
0.0988044
0.137146
0.138488
0.142863
0.182912
0.209246
0.0896309
0.160099
0.169831
0.111096
0.103265
0.106421
0.111076
0.0933295
0.0901565
0.0913872
0.0825789
0.0833675
0.115032
0.112556
0.0970784
0.0894849
0.0954666
0.0930891
0.134486
0.119523
0.156554
0.16286
0.156781
0.15992
0.0941793
0.148831
0.0702108
0.12625
0.105712
0.103751
0.122362
0.137877
0.11786
0.120465
0.11375
0.107352
0.109541
0.105772
0.108844
0.112163
0.117966
0.127788
0.155222
0.156447
0.171682
0.175777
0.145377
0.102166
0.108964
0.120971
0.838041
0.138871
0.113685
0.114138
0.0986718
0.106514
0.105483
0.124806
0.112333
0.108534
0.109217
0.109404
0.110393
0.136529
0.123941
0.157158
0.195287
0.243509
0.261832
0.184723
0.112488
0.154967
0.139956
0.119974
0.11578
0.0929856
0.116403
0.113099
0.110448
0.0853368
0.11026
0.117663
0.118015
0.118139
0.107149
0.108439
0.11406
0.132777
0.118961
0.115486
0.179406
0.214325
0.205019
0.213119
0.119443
0.123667
0.123833
0.100309
0.113839
0.106943
0.114195
0.113528
0.110798
0.0959463
0.112255
0.107925
0.106651
0.104036
0.100925
0.104398
0.130867
0.131827
0.147067
0.173533
0.152304
0.163101
0.165608
0.151374
0.111465
0.153357
0.112089
0.132385
0.10412
0.110782
0.135108
0.132028
0.101423
0.116366
0.111508
0.108039
0.106979
0.107041
0.134549
0.107433
0.155998
0.222614
0.194183
0.175915
0.204561
0.158183
0.194675
0.134039
0.122247
0.126195
0.120284
0.111193
0.129054
0.0787033
0.127059
0.121846
0.110379
0.114717
0.106452
0.109707
0.116719
0.109563
0.135443
0.146716
0.20892
0.232419
0.321585
0.254437
0.26245
0.162665
0.153017
0.216891
0.135727
0.12627
0.11262
0.12066
0.096566
0.119919
0.107341
0.125864
0.116298
0.117707
0.126614
0.13154
0.136513
0.139056
0.158359
0.222865
0.195852
0.173233
0.177478
0.14596
0.133671
0.152333
0.168109
0.161269
0.12984
0.149135
0.131814
0.136767
0.121357
0.103945
0.11282
0.120856
0.11634
0.122953
0.122891
0.146427
0.14838
0.157719
0.201404
0.143189
0.148883
0.197928
0.126004
0.166674
0.172854
0.0819538
0.145132
0.115744
0.120467
0.127307
0.107152
0.120243
0.107143
0.128546
0.120697
0.116228
0.132985
0.116175
0.129265
0.155472
0.129102
0.229413
0.193705
0.245486
0.243022
0.143738
0.14617
0.183096
0.128174
0.0812301
0.119228
0.12367
0.0981553
0.113525
0.117521
0.104076
0.0791422
0.0808399
0.128181
0.109585
0.120248
0.132121
0.105431
0.100667
0.106717
0.0941221
0.118924
0.117475
0.140956
0.118228
0.131425
0.135122
0.144571
0.175187
0.198339
0.235892
0.199331
0.252758
0.131313
0.158033
0.138298
0.129769
0.180105
0.121614
0.177606
0.116052
0.118055
0.120087
0.106256
0.107984
0.121785
0.116302
0.129192
0.117042
0.122535
0.131608
0.150977
0.183534
0.196714
0.236524
0.163614
0.28989
0.205026
0.133419
0.145272
0.125326
0.196553
0.132518
0.114313
0.104356
0.132202
0.148494
0.152743
0.134659
0.137283
0.130686
0.136451
0.137028
0.161477
0.202668
0.277241
0.239683
0.235433
0.133699
0.216673
0.144656
0.213882
0.135861
0.145945
0.137779
0.106295
0.121449
0.102917
0.157433
0.074837
0.121975
0.110768
0.113528
0.118767
0.119613
0.149221
0.153971
0.176529
0.209358
0.274036
0.158695
0.157654
0.133189
0.116663
0.133783
0.123609
0.101335
0.0960797
0.109986
0.113099
0.122333
0.101874
0.116102
0.190008
0.130168
0.174063
0.112245
0.284294
0.216419
0.234627
0.134657
0.188106
0.120575
0.215478
0.127621
0.0717272
0.305021
0.138571
0.155116
0.10614
0.138804
0.244871
0.139068
0.172981
0.125692
0.119236
0.134094
0.146868
0.164185
0.215716
0.166571
0.309181
0.296801
0.337256
0.306163
0.151991
0.190622
0.128591
0.134171
0.111255
0.12568
0.0779459
0.169896
0.162353
0.128333
0.0566985
0.128793
0.140779
0.112645
0.107385
0.120908
0.119362
0.137761
0.169659
0.211781
0.245876
0.357579
0.274696
