33.5573
33.3333
33.4427
33.4447
33.3333
33.556
33.3333
33.4447
33.4447
33.3333
33.556
33.3333
33.554
33.3333
33.554
33.3333
33.4427
33.446
33.3333
33.5573
33.4427
33.556
33.3333
33.3333
33.5573
33.556
33.3333
33.554
33.3333
33.3333
33.554
33.3333
33.5553
33.3333
33.4427
33.4427
33.4447
33.446
33.4447
33.446
33.446
33.3333
33.446
33.4427
33.4447
33.4447
33.4447
33.4427
33.4447
33.4427
33.4447
33.4427
33.3333
33.4427
33.4447
33.4447
33.4447
33.4447
33.4427
33.3333
33.5573
33.4447
33.446
33.3333
33.4447
33.4447
33.4427
33.446
33.3333
33.556
33.3333
33.556
33.4447
33.4447
33.446
33.4427
33.3333
33.4427
33.4427
33.4427
33.4427
33.3333
33.552
33.3333
33.5553
33.4427
33.3333
33.5553
33.3333
35.6633
33.4447
33.4427
33.446
33.4447
33.3333
33.4447
33.556
33.446
33.3333
33.4447
33.4447
33.446
33.4447
33.3333
33.5573
33.3333
33.4447
33.4447
33.554
33.3333
33.4427
33.4427
33.4427
33.4427
33.4447
33.5553
33.3333
33.4447
33.4447
33.446
33.4427
33.556
33.3333
33.556
33.3333
33.3333
33.5573
33.3333
33.5573
33.3333
33.4427
33.4447
33.5573
33.3333
33.4427
33.4447
33.4447
33.4447
33.4447
33.3333
33.446
33.4427
33.4447
33.446
33.4447
33.4447
33.446
33.5573
33.4427
33.3333
33.446
33.4447
33.4447
33.3333
33.5553
33.3333
33.556
33.3333
33.554
36.6713
34.778
33.3333
33.5553
33.3333
33.5587
33.3333
33.4427
33.4447
33.5553
33.3333
33.3333
33.556
33.3333
33.556
33.3333
33.4447
33.446
33.4447
33.446
33.3333
33.5553
33.446
33.4427
33.3333
33.446
33.446
33.446
33.4447
33.446
33.3333
33.4427
33.4447
33.556
33.3333
33.4447
33.446
33.4427
33.4447
33.3333
34.8907
35.5727
33.446
33.3333
33.4447
33.5573
33.4447
33.4447
33.3333
33.4447
33.4447
33.4447
33.446
33.4447
33.3333
33.4447
33.4427
33.556
33.3333
33.556
33.3333
33.446
33.446
33.3333
33.5573
33.3333
33.554
33.3333
33.3333
33.554
33.5573
33.3333
33.4447
33.4447
33.4447
33.7833
33.5587
33.3333
33.4447
33.4447
33.3333
33.5573
33.5573
33.3333
33.3333
33.554
33.3333
33.5587
33.3333
33.446
33.4447
33.4427
33.554
33.554
35.1113
33.4447
33.4447
33.3333
35.1947
33.4427
33.4427
33.3333
33.4427
33.4427
33.4447
33.5573
34.5553
35.328
34.774
34.6613
33.556
33.3333
33.3333
33.67
33.3333
33.4447
33.4447
33.554
33.3333
33.4447
33.4447
33.3333
33.554
33.3333
33.446
33.446
33.4447
33.4447
33.3333
33.552
33.4427
33.446
33.3333
33.4447
33.4447
33.4447
33.446
33.446
33.3333
33.446
33.4447
33.5573
33.4427
33.3333
33.4427
33.4447
33.446
33.3333
33.5573
33.3333
33.4447
33.4447
33.3333
33.5553
33.4447
33.446
33.4447
33.4447
33.3333
33.554
33.3333
33.446
33.4427
33.3333
33.5573
33.4447
33.4447
33.3333
33.552
33.3333
33.4427
33.4427
33.3333
33.5553
33.3333
33.6647
33.4427
33.554
33.3333
33.446
33.4427
33.3333
33.552
33.3333
33.4447
33.446
33.3333
33.554
33.3333
33.5573
33.3333
33.5587
33.3333
33.4427
33.4427
33.4447
33.4427
33.3333
33.4447
33.4447
33.4427
33.4427
33.4447
33.4427
33.4447
33.4427
33.3333
33.552
33.3333
33.446
33.446
33.446
33.446
33.4427
33.4447
33.4447
33.4447
33.446
33.3333
33.4427
33.4447
33.4427
33.4447
33.3333
33.4427
33.5573
33.4447
33.4447
33.4427
33.4447
33.446
33.446
33.4447
33.446
33.3333
33.556
33.446
33.5573
33.4447
33.3333
33.554
33.3333
33.4427
33.4447
33.446
33.4447
33.3333
33.4447
33.446
33.5553
33.3333
33.4427
33.4447
37.214
33.446
33.4447
33.4447
33.3333
33.5553
33.3333
33.4447
33.446
33.554
33.3333
33.4447
33.4447
33.4427
33.4447
33.4447
33.3333
33.446
33.4447
33.4447
33.5553
33.3333
33.446
33.4447
33.4447
33.4447
33.446
33.3333
33.4447
33.4427
33.4427
33.446
33.4447
33.4427
33.4447
33.4447
33.4447
33.4447
33.3333
33.4447
33.4447
33.4447
33.4447
33.3333
33.5573
33.4447
33.4447
33.3333
33.5573
33.3333
33.4427
33.446
33.4447
33.4447
33.3333
33.4447
33.4447
33.554
28.5714
33.4447
33.4447
33.3333
33.5587
33.3333
33.556
33.3333
33.3333
33.5573
33.556
33.3333
33.3333
33.5553
33.3333
33.554
33.3333
33.446
33.4447
33.3333
33.5573
33.3333
33.556
33.3333
34.344
36.2207
36.1113
33.4447
33.4447
33.6633
38.1267
33.9913
33.3333
33.4447
33.556
33.4447
33.3333
33.4447
33.556
33.5573
33.4447
33.3333
33.5553
35.756
39.91
35.5487
33.6667
33.554
33.3333
33.3333
33.554
33.3333
33.4427
33.4427
33.4427
33.4447
33.3333
33.4427
33.5573
33.4447
33.3333
33.4427
33.4447
33.4447
33.4447
33.446
33.3333
33.4447
33.4427
33.4447
33.446
35.1113
33.446
33.4447
33.4447
35.2227
33.4447
33.4447
33.4447
33.3333
33.4447
33.4447
33.554
33.3333
33.4447
33.446
33.3333
33.556
33.3333
33.5573
33.3333
33.3333
33.5573
33.3333
33.554
33.446
33.4447
33.3333
33.554
33.3333
33.4427
33.446
33.3333
33.5573
33.3333
33.4427
33.4447
33.5573
33.3333
33.4447
33.446
33.3333
33.5573
33.3333
33.554
33.3333
33.3333
33.5573
33.554
33.3333
33.4427
33.4447
33.3333
35.1113
36.9867
37.114
33.556
33.3333
33.4427
33.4447
33.554
33.3333
33.446
33.446
33.3333
33.556
23.0769
33.556
33.3333
33.4447
33.4447
33.3333
33.5573
33.4427
33.446
33.3333
33.5573
33.3333
33.446
33.4447
33.3333
33.554
33.3333
33.4447
33.554
33.554
33.3333
33.4427
33.4447
33.446
33.446
33.3333
33.4447
33.446
33.4427
33.5553
33.5587
33.3333
33.4427
33.4447
33.3333
33.5553
28.5714
33.4427
33.4447
33.5573
33.3333
33.3333
33.556
33.554
34.0033
33.446
33.4427
33.3333
33.5573
33.3333
33.4427
33.4447
33.4427
33.4447
33.4447
33.4447
33.4447
33.446
33.3333
33.5573
38.0187
37.3347
37.222
38.1107
37.8893
38.222
34.1093
37.444
33.8893
33.4447
33.4447
33.3333
36.5713
37.116
36.1007
35.8967
36.5493
36.3373
35.6673
35.7787
36.1113
35.44
33.5573
33.3333
33.5553
33.3333
33.446
33.4447
33.3333
33.554
33.4427
33.4447
33.3333
33.5553
33.3333
33.5573
33.3333
33.4447
33.4447
33.3333
33.5573
33.3333
33.5573
33.3333
33.554
33.3333
33.4427
33.4427
33.446
33.4447
33.3333
33.4427
33.446
33.446
33.4447
33.554
33.3333
33.4447
33.4447
33.4447
33.4427
33.3333
33.4447
37.7947
38.556
36.9907
33.5573
33.3333
36.2333
38.8913
38.1007
33.446
33.4447
33.4447
33.4447
33.3333
33.4447
33.446
33.6653
33.3333
33.4427
33.4447
33.4447
33.446
33.3333
33.4427
33.4427
33.4447
33.4447
33.3333
33.5573
33.4427
33.5587
33.3333
33.5553
33.3333
33.4447
33.446
33.3333
33.5573
33.3333
33.554
33.3333
33.5573
33.3333
33.5553
33.3333
33.3333
23.3354
33.3333
33.554
33.3333
33.4427
33.4447
33.5587
33.3333
33.446
33.4447
33.3333
33.5573
33.3333
33.446
33.4447
33.4447
33.3333
33.446
33.5573
33.4427
33.5553
33.5573
33.3333
33.4447
33.4447
33.3333
33.556
33.3333
33.446
33.4427
33.556
33.3333
33.552
33.3333
33.3333
33.552
33.3333
33.552
33.3333
33.4447
33.4447
33.3333
33.556
33.4447
33.446
33.446
33.4427
33.4427
33.4447
33.3333
33.4427
33.4447
33.4447
33.4447
33.554
33.3333
33.556
33.3333
35.2227
33.3333
33.4427
33.4447
35.2207
33.3333
33.5587
33.3333
23.3315
37.5
33.5573
33.3333
33.4447
33.4427
33.3333
33.554
33.3333
33.5553
33.3333
33.3333
28.81
33.556
33.3333
33.3333
33.5553
33.4447
33.4427
33.3333
33.5573
33.3333
33.4447
33.4447
33.6667
33.4447
33.4447
33.4447
33.3333
33.446
35.8336
33.4447
33.446
35.7143
33.4447
33.4447
35.9521
30.7692
33.4447
33.4427
35.8336
33.4447
33.3333
35.9543
30.7692
33.4447
33.4427
33.6667
33.554
35.7143
30.7692
33.4427
33.3333
35.9557
30.7692
33.556
33.3333
35.7143
35.9507
33.3333
33.5553
35.8336
31.0262
33.3333
33.446
33.4447
35.7143
33.615
33.3333
33.4447
35.835
33.3333
33.446
33.446
35.8336
30.8954
33.4447
33.3333
35.835
33.4742
33.446
33.4447
35.835
30.7692
33.4427
33.4427
35.8336
30.7692
33.4447
33.3333
35.8336
30.8954
33.4447
33.4447
35.7143
30.8977
33.554
33.446
35.9543
30.7692
33.4447
33.4447
35.7143
31.0277
33.3333
33.552
35.7143
30.7692
33.556
33.554
35.7143
30.7692
33.5573
33.3333
35.8336
30.7692
33.4427
33.4447
35.7143
35.9507
33.4725
33.4447
35.7143
35.9507
33.3333
33.446
35.8336
35.8314
33.4447
33.3333
35.835
35.8336
33.6092
33.3333
33.554
35.7143
33.4742
33.4447
33.4447
35.8314
33.3333
33.446
33.4427
35.835
33.4725
33.554
33.3333
35.8314
30.8977
33.3333
33.556
33.3333
35.8314
33.4725
33.446
33.4427
35.8336
30.8992
33.4427
33.4447
35.8314
30.7692
33.4447
33.4447
35.9486
30.7692
33.4447
33.446
35.9529
30.7692
33.446
33.446
35.7143
35.8336
33.3333
33.5587
35.7143
35.7143
33.554
33.3333
35.9529
30.8977
36.5487
35.7893
33.446
35.8336
33.3333
35.6667
33.3333
35.8336
33.75
36.4447
33.554
35.7143
30.8977
33.3333
33.5553
35.7143
30.7692
33.4427
33.3333
35.9507
30.7692
33.4427
33.4447
35.9557
30.7692
33.5573
33.3333
35.7143
31.0254
33.3333
33.4447
35.8314
31.5338
33.4427
33.4447
35.8336
30.8954
33.4427
33.3333
35.835
30.8954
33.446
33.4447
35.8314
30.7692
33.4447
33.554
35.8314
30.7692
33.446
33.446
35.8336
30.8992
33.3333
33.556
35.7143
34.0167
33.8873
33.554
35.7143
31.0238
33.3333
33.446
35.835
33.3333
33.554
33.3333
35.8314
33.3333
33.3333
33.552
35.9486
35.7143
33.3333
33.5573
35.7143
31.0277
33.3333
33.4427
33.446
33.3333
35.9521
35.835
35.835
30.7692
33.6092
33.3333
33.4427
33.446
33.4447
33.446
35.7143
35.835
30.8977
33.6133
36.9153
33.3333
33.446
33.446
35.7143
35.9486
30.7692
33.47
33.4447
33.4427
35.8314
33.5587
35.8314
35.8314
30.7692
33.554
33.3333
33.446
35.8336
35.835
35.835
30.8954
33.4447
33.4447
33.4427
35.8336
35.8336
35.7143
30.8992
33.4427
33.446
33.4447
33.4447
35.7143
35.9507
30.8977
30.8992
33.3333
33.554
33.3333
33.4427
33.4427
35.7143
36.07
30.7692
33.4725
33.3333
33.554
33.4447
35.835
35.7143
35.9529
33.47
33.3333
33.556
33.3333
35.9543
35.7143
35.7143
31.0262
33.3333
33.4725
33.3333
33.4427
33.4427
33.4427
35.835
35.7143
30.8992
33.4725
33.4427
33.4447
33.4427
33.4447
35.8336
35.7143
35.7143
30.8977
33.4447
33.4427
33.3333
33.554
35.7143
35.9557
30.7692
33.4725
33.3333
33.4427
33.4447
33.3333
35.9529
37.3814
45.6229
35.8685
33.4447
33.556
33.3333
33.554
35.7143
35.7143
35.8314
30.7692
33.556
33.4427
33.5573
33.446
35.7143
35.9543
35.835
30.7692
33.3333
33.5573
33.3333
33.4427
35.8336
35.8336
35.7143
30.7692
33.4742
33.5553
33.3333
33.4447
33.4427
35.8336
35.835
30.7692
33.47
33.3333
33.4447
33.446
35.7143
35.9507
35.7143
30.8992
33.3333
33.5573
33.3333
33.4427
35.835
35.7143
31.0254
33.3333
33.446
33.4447
33.554
33.3333
35.8314
35.8314
35.7143
31.0238
34.2153
33.5573
33.3333
35.7143
36.0721
35.9557
30.7692
33.3333
33.4427
33.3333
33.554
33.3333
35.8314
35.8336
30.7692
33.556
33.3333
33.556
33.3333
35.8336
35.7143
35.8336
33.4725
33.446
35.4613
38.2036
33.5593
35.8336
35.8314
35.8336
33.4725
33.446
33.554
33.3333
33.5573
35.7143
35.835
30.8977
33.3333
33.556
33.3333
33.556
36.3193
35.8336
30.8977
33.4725
33.4427
35.7143
33.554
33.3333
35.7143
35.8314
35.7143
31.0277
33.3333
33.4427
33.3333
33.552
33.3333
33.4427
35.8336
35.7143
31.0254
33.3333
33.4447
35.9543
33.3333
33.3333
33.554
35.7143
35.9507
35.7143
33.4742
33.4427
33.3333
33.4447
33.4447
35.9507
35.7143
35.8336
30.7692
33.4447
33.4447
33.4447
33.4447
35.7143
35.835
35.7143
35.8336
30.8992
33.6117
35.7143
33.4447
33.4427
33.4447
35.8336
35.7143
30.8954
33.4447
33.446
33.4427
33.776
39.0314
37.145
35.7143
30.8977
33.47
33.4447
33.4447
33.3333
35.835
35.8336
35.8314
35.9543
30.7692
33.4725
33.446
33.4447
33.446
35.7143
35.9529
35.7143
30.8977
33.4447
30.7692
33.554
33.4447
35.8336
35.7143
37.51
30.7692
33.556
33.3333
33.4447
33.446
35.7143
31.0238
30.7692
33.6667
33.3333
33.554
34.9727
33.554
35.7143
35.8336
34.6169
35.2227
33.3333
33.3333
33.5573
35.9529
35.7143
35.835
33.4725
33.3333
33.554
35.104
35.1187
37.7307
37.4943
32.7008
34.1625
33.4447
33.3333
33.4447
35.8314
35.8314
35.7143
30.7692
33.47
33.446
33.5593
33.3333
33.5553
33.4447
35.8336
35.7143
30.8977
33.47
33.4447
33.446
33.3333
33.556
35.7143
35.7143
30.8977
33.5587
33.3333
33.3333
33.556
33.3333
35.9507
35.7143
33.4742
33.4447
33.3333
33.5573
33.4447
35.835
35.7143
31.0277
33.3333
33.446
33.4447
33.446
35.7143
35.8336
35.835
33.4725
33.4447
33.556
33.3333
33.4447
35.8336
35.7143
35.9486
33.3333
33.554
33.3333
33.3333
33.556
35.9507
35.7143
30.7692
33.4725
33.3333
31.0238
33.3333
33.3333
35.9521
35.7143
35.8336
33.3333
33.5587
33.4427
33.4447
33.3333
35.835
35.8314
35.835
33.3333
33.4427
33.3333
33.4447
35.835
35.9529
30.7692
30.8992
33.4427
33.4427
33.3333
33.3333
33.6633
35.835
35.8336
35.8336
30.7692
33.554
33.4447
33.4427
33.3333
33.4447
35.8336
35.8336
33.4725
33.3333
33.4447
33.4427
33.446
36.3114
35.7143
30.8992
33.4725
34.8987
33.3333
37.2679
35.8314
35.7143
35.8314
30.7692
33.4725
33.556
30.8992
33.3333
33.4447
35.8336
35.7143
33.6092
41.3333
33.554
33.3333
33.3333
35.9507
35.9507
30.7692
33.3333
33.554
33.3333
33.5553
35.7143
35.8314
31.0262
33.3333
33.4447
33.3333
33.556
33.3333
35.9543
35.7143
36.0693
30.7692
33.4742
34.5633
35.104
31.0254
35.7143
35.8336
35.7143
35.9521
30.7692
33.6108
33.3333
33.3333
33.5553
33.3333
35.8314
35.7143
30.8954
33.4447
33.5573
33.3333
33.4742
35.8336
35.7143
35.8314
30.7692
33.4725
35.8336
33.4427
33.3333
33.4447
33.5573
35.8336
35.7143
35.835
33.4742
35.8336
33.4447
33.3333
33.5553
35.7143
35.7143
30.8954
33.4742
33.446
33.4427
33.4447
35.7143
35.9521
35.7143
30.7692
33.47
33.3333
33.5573
33.3333
35.9521
35.7143
35.9543
35.7143
30.7692
33.5553
33.3333
33.5587
33.3333
33.3333
35.835
35.7143
35.9507
30.8992
33.47
33.3333
33.5573
35.7143
33.446
35.8336
35.7143
30.8954
33.3333
33.446
33.554
33.446
33.4447
35.8314
35.8314
30.8992
33.3333
33.5573
33.3333
33.4447
35.835
35.7143
35.9507
33.4742
33.4427
33.3333
33.5573
33.3333
35.9507
35.7143
31.0254
33.446
33.4447
33.446
33.6092
33.3333
35.8336
35.835
35.8336
33.47
33.3333
33.556
33.3333
35.7143
35.835
35.7143
31.0262
35.5933
35.835
33.4427
35.2207
33.4447
35.835
35.7143
30.7692
33.4742
30.8954
33.446
35.54
33.446
35.9507
35.7143
30.8992
33.4427
33.554
33.446
33.3333
35.835
35.8336
35.835
33.47
33.446
34.6667
33.4447
34.786
35.7143
35.835
30.8954
33.4725
33.4427
33.3333
33.4447
35.9507
35.8336
35.7143
30.8977
33.4725
33.4447
33.4447
33.3333
33.5573
35.7143
35.7143
35.8336
30.8977
33.4427
33.4447
33.446
33.3333
35.9507
35.7143
35.7143
33.4742
33.3333
33.5573
33.3333
33.554
35.7143
36.1864
32.0477
33.4725
35.8314
33.3333
33.4447
33.4427
35.7143
35.9543
35.7143
35.9543
35
37.8727
38.1107
35.2353
33.4447
35.8336
40.5943
41.8871
34.1054
33.3333
33.4447
35.8336
33.552
35.7143
35.835
35.835
30.7692
33.446
33.3333
30.8977
33.446
35.7143
35.9529
31.0238
33.3333
33.4447
33.446
33.3333
33.47
35.7143
30.7692
33.6092
33.3333
33.554
33.3333
33.554
35.7143
35.8314
33.3333
33.3333
35.9507
33.3333
33.446
33.4447
35.8314
35.7143
30.7692
33.6092
33.4427
33.4447
33.3333
35.8314
35.8336
35.9543
33.3333
33.446
33.3333
33.4447
35.835
35.8336
35.835
30.8977
33.4725
33.3333
33.5573
33.3333
33.4447
35.835
35.7143
35.9529
30.7692
33.554
33.3333
33.552
33.3333
35.8314
35.8336
35.7143
30.8954
33.3333
33.556
33.3333
33.446
33.4447
35.9543
35.7143
30.8992
33.4725
33.3333
33.5553
33.3333
33.554
35.7143
35.9529
30.7692
33.6117
33.3333
33.5573
33.3333
33.446
35.8336
35.8336
30.7692
33.3333
33.446
33.4447
33.4447
35.8314
35.835
35.8336
30.8992
33.3333
33.4447
33.4447
33.4427
33.446
35.7143
35.8336
35.8336
33.6117
33.3333
33.446
33.446
33.446
35.8314
35.7143
35.9521
30.7692
33.4447
33.5573
33.3333
33.5573
33.3333
44.4864
35.835
30.8977
33.3333
33.446
33.4447
33.446
35.7143
35.8336
35.8336
33.6092
33.4427
33.3333
33.4427
33.4447
33.446
35.7143
35.8336
35.8336
33.3333
33.4427
33.3333
33.554
35.7143
33.446
33.3333
35.9543
35.7143
35.7143
33.615
33.3333
33.554
33.3333
33.4427
33.5573
33.446
35.8314
35.835
35.8336
30.7692
33.4725
33.4725
33.4447
33.4447
33.3333
33.446
33.5553
35.8336
35.7143
35.8336
30.8977
33.4725
33.4447
33.4427
33.3333
33.5587
33.3333
33.3333
35.9557
35.9543
35.7143
30.7692
33.554
33.3333
33.552
33.3333
33.5573
33.3333
35.552
38.3343
38.575
37.85
36.7843
30.8977
33.3333
33.554
33.3333
33.554
33.3333
33.3333
35.9543
35.7143
35.9557
32.0408
33.3333
33.446
33.4447
33.3333
33.554
33.3333
35.9543
35.7143
35.8336
35.835
35.9543
33.3333
33.4447
33.446
33.4447
33.446
33.3333
35.8336
35.835
35.8314
30.8977
33.3333
33.6067
33.4447
33.446
33.3333
33.554
33.3333
33.4447
33.4427
33.3333
33.554
35.7143
35.7143
35.9507
35.9543
35.7143
35.7143
35.9521
35.7143
35.8314
35.7143
35.7143
31.1523
35.7143
30.8954
30.7692
33.6108
30.7692
33.446
33.4447
33.3333
33.552
33.3333
33.446
33.4447
33.4427
33.4447
35.8336
35.8336
35.8336
35.835
35.8336
30.7692
35.8336
35.8314
35.7143
35.835
30.7692
31.0262
33.4725
33.4447
33.3333
35.8314
33.3333
33.556
33.3333
33.6653
33.3333
33.3333
33.554
33.3333
33.5573
33.3333
33.554
33.3333
33.554
33.3333
30.7692
35.9507
35.7143
35.835
35.8336
35.8336
35.8314
35.8314
35.8336
35.835
35.8336
35.7143
35.8314
35.8336
35.8336
35.8314
35.835
35.7143
35.9543
35.8336
35.835
35.7143
35.835
35.835
35.7143
35.9543
35.8336
35.8314
35.7143
30.7692
31.0238
33.3333
34.4407
33.4447
33.4447
33.4447
33.4427
33.3333
33.4447
33.446
33.3333
35.9521
35.8336
35.835
35.7143
35.9507
35.7143
35.8336
35.8314
35.7143
35.9543
35.7143
30.7692
30.8992
33.4725
33.3333
33.4725
33.4427
33.3333
33.5587
33.3333
33.9987
33.3333
33.3333
33.556
33.3333
33.5587
33.3333
33.556
33.3333
35.9486
35.7143
35.7143
35.9543
35.7143
36.07
35.7143
30.8992
35.8314
30.8992
30.7692
33.3333
33.4725
33.3333
34.4353
33.5553
33.3333
33.446
33.4447
33.3333
33.6092
33.4427
30.8992
35.7143
35.835
37.1507
35.8336
35.8336
35.7143
31.0254
30.7692
33.47
33.446
33.4447
33.3333
33.4447
33.4447
33.4447
33.4447
33.3333
33.446
33.446
33.446
35.7143
33.6667
35.8336
35.8336
35.7143
35.9543
35.7143
35.8314
35.7143
35.7143
31.0238
30.7692
30.8992
30.8977
31.0254
33.3333
33.4427
33.4427
33.3333
33.446
33.4447
33.4447
33.4447
33.4447
33.3333
33.5573
33.4447
33.446
33.3333
33.4447
33.4427
33.3333
35.9529
35.7143
35.8314
35.8314
35.7143
35.9486
33.47
35.8336
30.7692
31.0254
30.7692
33.4725
33.4447
33.3333
33.5573
33.3333
33.4427
33.4447
33.5553
33.3333
35.8336
33.4447
35.835
35.8336
35.7143
33.47
33.4725
36.8014
35.7143
35.9557
30.7692
31.0262
33.3333
33.47
33.4447
33.3333
33.4427
33.4447
33.4427
33.4447
33.3333
33.554
35.835
35.8314
35.8314
35.7143
35.835
33.47
35.8336
30.8992
30.7692
33.4725
33.47
33.6092
33.3333
33.446
35.222
33.556
33.3333
35.8336
33.3333
35.082
35.8314
35.7143
35.9543
35.835
35.8336
35.7143
35.9543
30.7692
30.8977
33.4725
33.3333
33.6673
33.3333
33.3333
33.5587
33.5573
33.3333
30.7692
33.552
33.3333
33.556
35.7143
35.7143
35.9557
35.7143
35.9529
35.8314
35.9521
30.7692
30.8992
30.8977
33.3333
35.8336
33.3333
33.446
33.446
33.446
33.3333
33.4447
35.9529
35.8314
35.7143
35.8336
35.8314
35.8314
35.8314
35.7143
35.8336
30.8954
30.7692
31.0262
33.4725
33.4742
33.4447
33.446
33.4447
33.4427
33.3333
31.0238
33.3333
33.3333
35.9543
35.7143
35.9543
35.7143
35.9507
35.7143
35.835
30.7692
30.7692
31.0215
33.3333
33.446
33.446
33.3333
33.556
33.446
33.4447
33.3333
33.4427
33.4447
33.4427
33.4447
33.4427
35.7143
35.8314
35.835
35.9543
35.7143
35.8314
30.8977
33.3333
33.4725
33.3333
33.3333
33.5573
33.3333
33.5553
33.3333
34.4433
35.7143
35.9529
35.7143
35.9507
35.7143
35.9507
35.7143
30.7692
33.6117
33.3333
33.446
33.4447
33.556
33.7813
33.4447
33.4447
33.3333
33.5573
33.3333
35.8314
35.8336
35.835
35.8336
35.835
35.8336
30.8954
30.7692
33.3333
33.4742
33.4742
33.4447
33.3333
33.4447
33.4447
33.556
33.4427
33.6647
33.3333
33.4447
33.446
35.7143
35.9529
38.5714
39.0357
35.8336
35.8336
35.8336
35.8314
35.8314
30.8992
30.8977
33.4742
33.4447
35.8314
33.3333
33.4427
33.4427
33.446
33.446
33.4447
33.446
35.7143
33.5587
35.7143
35.8336
35.835
39.5043
31.0215
35.7143
35.835
35.7143
35.9543
30.7692
33.6092
33.3333
33.446
33.4447
33.3333
34.3313
34.3333
33.5573
34.7813
36.1864
35.8314
31.0277
35.7143
35.835
40.3379
30.7692
30.8954
33.3333
33.4427
35.8314
33.4447
33.3333
33.554
33.4447
33.446
33.3333
33.47
33.4742
35.7143
35.9557
38.9414
35.8314
35.8336
30.7692
31.0238
30.7692
33.47
33.3333
33.4427
33.4447
33.446
33.3333
33.4427
33.446
33.4447
33.446
33.4447
35.835
39.405
35.835
35.7143
35.8336
35.835
35.7143
31.0238
30.7692
33.4725
33.4742
33.5573
33.3333
33.4447
33.4447
33.3333
35.9529
33.3333
33.5587
35.7143
35.835
39.8614
35.8336
35.9521
35.8314
35.7143
35.9543
30.7692
30.8977
30.8954
33.3333
33.5553
33.3333
30.7692
35.9529
33.5573
33.3333
33.5587
33.3333
33.3333
33.6067
36.13
37.1429
35.7143
35.9507
35.7143
35.7143
35.9543
35.9507
30.7692
31.0254
33.3333
33.4427
33.5573
33.3333
33.5573
33.3333
33.3333
33.6687
33.5573
33.3333
37.5879
39.7621
37.705
30.7692
35.835
35.8314
30.7692
30.8992
30.7692
33.615
33.3333
33.4447
33.3333
33.5553
35.7143
33.3333
35.9543
33.3333
33.5553
33.3333
33.3333
38.9314
34.1127
33.3333
35.8336
35.835
35.835
35.835
30.7692
35.9529
35.7143
30.7692
33.6108
33.3333
33.556
33.3333
33.556
33.3333
33.3333
33.5553
33.3333
35.872
35.556
33.446
33.4447
33.3333
35.9557
35.9521
35.7143
35.7143
35.9543
30.7692
35.835
33.3333
30.7692
31.0238
33.3333
33.4427
30.8977
33.552
33.3333
35.224
36.1093
33.4447
33.446
35.7143
35.835
36.3114
36.3079
35.8314
35.835
35.835
35.8314
30.8977
35.8336
35.7143
30.8992
33.4742
33.4725
33.446
33.4447
33.8887
38.46
33.556
33.3333
33.3333
33.5573
33.3333
35.8336
35.7143
35.8314
35.8336
35.7143
35.835
35.9521
35.7143
30.7692
33.4725
33.4447
33.4427
33.3333
33.4447
37.8707
33.446
33.446
33.4447
33.5553
35.7143
35.835
35.8336
35.8314
35.7143
35.835
31.0238
33.4725
33.4427
33.3333
33.552
33.446
33.4427
33.3333
33.5573
36.3313
34.8893
33.47
33.446
35.9507
35.7143
35.8336
35.7143
35.9543
35.7143
35.9543
30.7692
33.3333
33.556
33.3333
33.5553
33.3333
33.446
33.4447
33.3333
35.456
36.11
33.3333
33.3333
35.9529
35.8314
35.8336
37.8621
38.2136
30.8954
36.8986
30.7692
33.6133
33.6133
33.3333
33.3333
33.5553
33.3333
33.5553
33.3333
34.3347
36.984
33.3333
35.9507
33.4427
35.8336
35.7143
35.9521
35.7143
35.835
35.835
35.7143
35.835
35.7143
30.8977
33.4725
33.446
33.4427
33.446
33.4447
33.4447
37.906
33.556
33.3333
35.7143
35.9543
35.7143
35.835
35.835
35.9543
35.7143
35.835
35.8336
30.8954
33.4742
33.3333
33.446
33.4447
33.4447
33.4447
33.4447
38.112
33.5553
33.3333
33.5573
33.3333
33.4427
35.8336
35.7143
35.8314
35.835
35.8336
35.8314
35.8314
35.8336
30.8977
30.7692
31.0277
33.3333
33.4725
33.4742
37.908
33.5573
33.3333
33.7525
33.3333
33.4427
33.4447
33.4447
33.4447
33.3333
35.8336
35.8314
35.8314
35.7143
35.7143
35.9507
39.5279
30.7692
30.8992
33.3333
33.4447
33.5593
33.3333
33.6092
33.3333
30.7692
33.446
33.556
33.3333
33.5587
35.7143
35.7143
35.9507
35.7143
35.8314
35.8336
38.465
36.7871
30.7692
31.0215
30.7692
33.4742
30.7692
33.554
33.3333
33.4447
33.4447
33.3333
33.5573
33.3333
33.4427
33.5587
33.4447
35.7143
35.8314
35.8336
38.465
36.7679
35.7143
35.8336
35.7143
35.9543
30.7692
33.6133
33.3333
33.5573
33.3333
33.4447
33.4447
33.3333
35.1953
35.2207
33.3333
33.446
35.835
35.9543
38.5921
36.5479
35.9529
35.7143
35.9529
35.7143
30.7692
31.0238
30.7692
33.6133
33.3333
33.5553
33.3333
33.552
33.3333
33.446
33.4427
33.3333
33.554
36.0714
39.3814
36.3093
35.7143
35.9507
35.7143
35.9529
35.7143
30.8954
33.4725
33.3333
33.3333
33.4447
33.4427
33.4447
33.446
33.4427
33.4427
33.4447
33.4427
33.3333
40.005
36.7879
35.9507
35.7143
35.9543
35.7143
35.7143
35.9529
35.9486
35.7143
35.7143
35.9507
30.7692
33.47
33.4725
33.4447
33.4447
33.4447
33.4427
34.0007
37.4633
33.4427
33.4447
35.7143
35.9529
35.7143
35.8314
30.8977
35.8314
30.7692
33.3333
33.6133
33.4447
33.4427
33.4447
33.446
33.4447
33.4447
33.3333
35.0167
38.9286
35.8336
35.835
35.9543
35.7143
35.8336
30.8954
30.8977
33.4742
33.3333
33.4427
33.4427
33.4447
33.4447
33.3333
33.5573
33.5553
33.3333
33.4447
37.28
37.9586
35.835
35.7143
30.8954
30.7692
33.4725
33.446
33.554
33.3333
33.4447
33.4427
35.7143
35.9507
35.7143
35.835
35.7143
35.7143
35.9543
30.7692
33.4385
35.0233
33.47
33.4427
33.4427
33.4427
33.4447
33.3333
33.4447
33.446
33.3333
35.9507
35.8314
35.835
35.7143
35.9543
35.7143
35.835
35.8314
30.7692
34.3631
34.0167
33.4742
33.3333
33.554
33.3333
33.554
33.3333
33.4447
33.4447
33.3333
33.556
33.3333
35.7143
35.9486
35.7143
35.9507
35.7143
35.9543
35.7143
39.3857
35.8336
31.0238
30.7692
33.3333
33.6133
33.3333
33.554
33.4725
33.5587
33.3333
33.446
33.4447
33.3333
33.5553
33.3333
33.4427
33.4447
33.4447
33.4427
38.0007
33.4447
33.446
35.7143
35.8336
35.835
35.7143
35.9507
35.7143
35.9529
35.7143
30.7692
31.0215
30.7692
33.4742
33.3333
33.554
33.3333
33.556
34
37.2153
33.4427
33.3333
33.6633
33.4427
35.835
35.9486
35.835
35.8336
35.835
38.0771
38.2229
35.8336
35.7143
35.8336
33.4725
31.0238
30.7692
33.4725
34.8633
38.4343
33.4447
33.4427
33.446
33.3333
33.5573
33.3333
33.4447
35.8336
35.835
35.7143
35.8314
35.8336
35.8336
35.7143
35.8336
30.7692
30.8977
33.4742
37.326
33.556
33.4447
33.4447
33.3333
33.4427
33.4447
33.4427
33.4447
33.4447
33.3333
33.446
35.3427
35.9543
35.7143
35.835
35.8336
35.7143
35.9529
35.7143
35.8314
35.8314
30.7692
33.47
33.4725
36.332
35.2167
33.3333
33.4447
33.4447
33.4427
33.4427
33.3333
33.4427
33.4447
33.4447
33.446
35.8336
35.8336
37.7386
35.8336
37.5914
35.8314
35.7143
35.835
30.7692
30.8977
33.4725
33.3333
33.5553
33.446
33.4427
35.3333
35.9893
33.4427
33.4447
33.4447
33.4427
33.4447
35.8336
35.835
35.9543
35.7143
35.8314
35.8314
35.7143
35.8314
30.7692
31.0262
30.7692
30.8977
30.8977
33.3333
33.6108
33.4427
33.4447
34.7613
35.1227
33.3333
33.5573
33.3333
35.835
35.8336
35.7143
35.9529
35.8336
35.8336
35.8336
30.8992
30.7692
33.6067
33.3333
33.4742
33.3333
33.3333
37.4447
34
33.5553
33.4447
33.4447
33.4447
33.3333
33.552
35.8314
35.8336
35.8336
35.7143
35.9521
30.7692
31.0277
30.8954
33.4725
33.3333
33.446
33.3333
33.4447
33.4447
33.4447
33.4427
33.3333
38.004
35.9557
35.7143
35.9507
35.7143
35.9529
35.7143
35.7143
31.0254
30.7692
33.4725
33.4447
33.446
35.0007
34.8893
33.4427
33.4447
33.446
33.3333
33.4447
35.8314
36.0714
36.5493
38.4457
39.1786
42.1307
35.7143
35.9543
30.7692
30.8954
33.3333
33.3333
33.554
33.3333
33.4447
33.4447
33.4427
33.4447
33.446
33.4427
33.4427
33.446
33.3333
35.8314
35.835
35.835
37.1507
37.0143
37.985
39.0207
41.7907
37.9671
36.1964
35.8336
35.7143
35.9543
35.7143
35.835
30.8977
30.8954
33.3333
33.6108
33.4447
33.4427
33.3333
33.446
33.4447
33.3333
33.5573
33.3333
33.5553
33.3333
33.3333
33.554
34.554
36.78
35.8336
35.8336
35.8314
35.7143
35.8314
35.7143
35.8336
35.8314
35.7143
35.9486
35.8314
30.8992
30.7692
33.6092
33.3333
33.5573
33.3333
33.3333
33.5553
33.3333
33.4447
33.446
33.5553
33.8887
37.33
35.9507
35.7143
35.9543
37.9764
38.0957
35.8314
35.8314
35.8314
30.8977
30.8954
33.47
33.4725
33.3333
33.446
33.446
33.4447
33.4447
33.3333
33.5573
33.446
33.554
33.3333
33.5587
33.5553
40.5943
35.9521
35.7143
35.9507
35.7143
35.835
35.8336
35.8314
30.8977
35.835
30.7692
30.8977
33.4742
33.3333
33.4427
33.4427
33.4447
33.4427
33.3333
33.446
34.002
33.8873
33.6687
33.4447
33.8887
39.9893
36.0679
36.675
35.8336
35.8336
35.8336
35.8336
35.8336
35.7143
35.835
35.8336
30.7692
33.4742
33.47
33.4447
33.4447
33.4427
33.3333
33.4447
33.5573
33.446
33.3333
33.556
33.3333
37.1229
39.3043
39.6579
32.6018
1.334
0.996
1.006
0.666
0
0.334
0
0.334
0
0
0.328
0
0.334
0
0
0.328
0.338
0
0.328
0
0
10.008
3.962
0
0
0.328
0
0.334
0
0.334
0
0.338
0
0.334
5.084
0.334
0
0.334
0
0.328
0
0.338
0.656
3.034
0
14.014
0
0
0.338
0
0.338
0
0.334
0
0.334
0
0
0.328
0
0.328
0
0
0.666
0.334
0
0
0.328
0
2.63
11.03
0.328
0
0.334
0
0
0.338
0.334
0
0
0.334
0
0.338
0
0.334
0
0
0.334
0
0.334
0
0.334
0
12.014
1.64
0
0.4225
0
0.328
0
0.334
0
0.334
0
0.338
0
0
0.334
0
0.338
0
0.328
0
0.328
0
0.338
2.034
11.652
0
0.328
0
0.328
0
0
0.334
0.334
0
0
0.338
0
0.328
0
0.334
0
0
0.334
0.338
0
0
0.334
10.39
3.334
0.334
0
0
0.334
0
0.334
0
0.4175
0
0.334
0
0
0.338
0
0.334
0
0
0.328
0.334
0
0
1.69
12.328
0.338
0
0.334
0
0.334
0
0
0.334
0.328
0
0.328
0.334
0
0.334
0
0.334
2.34
0.328
0
0.338
0
0.328
6.662
6.95
0
0.338
0
0.328
0
0.334
0
0.334
0
0.338
0
0
0.328
0
0.328
0
0.338
0
0
0.334
0.334
0
1.64
11.996
0.334
0
0.334
0
0
0.334
0
0.334
0
0.334
0
0.338
0
0
0.338
0
0.334
0
0.334
0
0.334
0
0.334
13.34
0.328
0
0.334
0
0
0.334
0
0.328
0
0.338
0
0.334
0
0.334
0
0.334
0
0.338
0
0.41
0
0.4225
2
11.662
0
0.328
0
0.338
0
0
0.334
0.328
0
0
0.338
0
0.328
0
0.334
0
0
0.334
0
0.334
0
0.328
0
13.68
0.334
0
0.668
0
0.328
0
0
0.4225
0
0
0
0.334
0
0.328
0
0
0.334
0.334
0
0.328
0
0.328
5.612
8.056
0
0.328
0
0
0.334
0
0.334
0.328
4.918
0.328
0
0
0.334
0
0.328
0
0.334
0
0
0.338
0
0.328
13.652
0
0.334
0
0.328
0
0
0.328
0
0.338
0
0.338
0
0.338
0
0
0.328
0
0.338
0
0
0.328
0.328
11.612
2
0
0.334
0
0.338
0
0
0.334
0
0.338
0
0.338
0
0.334
0
0.334
0
0
0.334
0
0.334
0
13.968
0
0
0.328
0
0.338
0
0.334
0
0
0.334
0.338
0
0
0.328
0
0.334
0
0
0.328
0
0.338
6.95
6.666
0.334
0
0.328
0
0
0.328
0
0.328
0
0.334
0
0.338
0
0
0.338
0
0.338
0
0.328
0
0
14.036
0
0.338
0
0.338
0
2.372
0.338
0
0.672
0
0.328
0
0
0.328
0.338
0
0
0.338
0
0.338
0
3.724
10.328
0
0.338
0
0.338
0.328
0
0.338
0
5.296
1.016
0
0
0.328
0
0.328
0
0.41
0
0.334
0
0.334
10.334
3.288
0
0.328
0
0.338
0
0.338
0
0
0.672
0
0
0.334
0
0.334
0
0.328
0
0.338
0
0.328
0
0
0.334
7.34
6.284
0.328
0
0.334
0
0.41
0
0.338
0
0.334
0
0
0.334
0
0.328
0
0.334
0
0.334
5.716
0
0.334
0
0.328
0
0
0.328
0.338
0
0
0.338
0
0.338
0
0.334
3.288
0
0.338
0
0.334
0
0.328
0
0.4175
8.322
0
0.41
0
0.338
0
0
0.4175
0.334
0
0
0.338
0
0.338
0
0
0
0
0.328
0.334
0
0
0.334
0
0.328
0
0
0.334
0
0.334
0
0.338
0
0.328
0
0.666
0
0
0.338
0
0.334
0
0
0.338
0.328
0
0.328
0
0
0.334
0
0.4175
0
0
0.328
0.334
0
0
0.334
0
0.334
0
0.334
0
0
0.338
0
0.328
0
0.338
0
0.338
0
0.338
0
5.246
0
0.4175
0
0.334
0
0.334
0
0.328
0
0
0.334
0
0.328
0
0.334
0.338
0
0
0.334
0
0.334
0
0.328
0
0
0.338
0
0.4175
0
0.334
0
0.338
0
0.338
0
0.338
0
0
0.328
0.334
0
0
0.338
0
0.334
0
0.328
1.334
0
0.338
0
0.338
0
0
0
0
0.328
0
0.4225
11.62
11.718
5.318
0.334
0.328
0
0
0.4175
0
0.328
0
0.334
0
0
0.334
0
0.334
0
0.334
0
0
0.328
4.215
0
0.328
0
0.334
0
0.334
0
0
0
0
0.668
0
0.4175
0
0.328
0
0
0.328
0.334
0
0
0.328
0
0.334
0
0
0.338
0
0.4175
0
0.334
0
0.334
0
0
0.334
0
0.334
0
0
0.338
0.41
0
0.334
0
0
0.328
0
0.334
0
0
0.334
0
0.338
0
0.338
0
0.4225
0
0.328
0
0
0.334
0
0.338
0
0.338
0
0.328
0
0.334
0
0
0.334
0
0.41
0
0.334
0
0.334
0
0.338
0
0
0.334
0
0.338
0
2.706
0.338
0
0.338
0
0
0.328
0
0.338
0
0
0.338
0
0.338
0
0.334
0
0.338
0
0
0.328
0
0
0.41
0
