244122
258265
3.23953e+06
267842
3.22224e+06
265767
236695
242795
258097
235499
252357
236301
282313
211838
3.24888e+06
242114
3.2412e+06
245429
230041
247600
235212
260300
230071
264085
237271
261323
3.23725e+06
254862
3.24737e+06
225190
250940
230978
262319
235497
248283
243400
249711
243717
3.24172e+06
255955
3.2211e+06
253793
242207
244641
245782
249634
232768
253386
243175
236034
3.24099e+06
247113
3.22249e+06
240165
251737
226327
256926
236917
252376
259127
219037
241918
3.23252e+06
266012
3.20993e+06
253948
239276
251676
239299
255742
213700
238498
259419
240198
3.24883e+06
237509
3.24401e+06
236972
256938
236136
256729
234670
234200
253754
237412
250319
3.21596e+06
292090
3.22436e+06
236701
227057
257728
239293
235845
251200
237458
247151
232946
3.24307e+06
248976
3.24209e+06
241318
258786
242851
233124
260257
237194
241907
223401
265658
3.22676e+06
269071
3.23416e+06
247154
239909
251001
245427
245271
243777
229951
261331
238705
3.2352e+06
238669
3.23822e+06
241383
242915
242803
252122
245866
244874
259231
237485
251142
3.26601e+06
268978
3.21955e+06
250667
226590
250937
257391
239186
265730
244336
273484
260826
3.21243e+06
250041
3.22948e+06
252372
228633
253911
255604
252911
240502
251820
244606
258127
3.24153e+06
268252
3.2249e+06
249406
247141
251762
249979
246418
251186
244801
253899
238998
3.24663e+06
268530
3.23132e+06
238892
236885
257800
247053
259031
235208
255852
239466
241280
3.23861e+06
247743
3.24739e+06
263945
223067
242767
255704
239505
257739
238905
232952
253479
3.22859e+06
258699
3.23825e+06
248249
244941
260855
229059
252070
250179
234909
262628
244432
3.25361e+06
249921
3.23424e+06
245451
257676
254384
258928
225973
248062
252026
239174
271910
3.2409e+06
265367
3.23238e+06
267969
245214
259969
241839
248567
251078
245016
262516
243620
3.26236e+06
251770
3.25588e+06
246521
257255
253634
239959
252233
232607
268876
237627
248714
3.23978e+06
264484
3.22117e+06
257621
243913
252722
250845
237929
262630
229879
251109
244945
3.25804e+06
239235
3.2558e+06
233708
241161
262493
236477
260941
240957
238547
250110
266236
3.23397e+06
252152
3.2368e+06
253102
237171
244675
236178
243647
253757
247602
250890
248602
3.2551e+06
248113
3.28478e+06
260754
219839
254068
229355
257058
262446
1.24018e+06
2.27108e+06
259978
3.23089e+06
248757
3.25818e+06
228558
267060
241959
273871
239560
266201
248236
252657
251742
3.23698e+06
268579
3.31949e+06
266101
243991
251850
251105
257054
250622
253562
250469
240984
3.25731e+06
243435
3.2447e+06
251797
242999
253667
245419
238899
264696
249501
232831
267964
3.24999e+06
259527
3.23824e+06
260225
239487
249820
243441
252087
249695
241480
260207
251933
3.24024e+06
252160
3.2471e+06
242626
258707
231018
261194
235631
249281
256689
238528
262248
3.24049e+06
251283
3.22732e+06
256052
226626
256158
242633
243717
251162
240877
261025
245658
3.2521e+06
236063
3.2392e+06
237628
259796
251316
242875
254477
248382
246525
240007
269959
3.23379e+06
256958
3.22195e+06
255516
241014
244072
257380
244383
257467
247320
253115
247766
3.23693e+06
240256
3.25564e+06
250895
226420
267511
237518
249753
255457
246707
238203
266068
3.22411e+06
288656
3.22166e+06
252607
240767
237554
260285
238979
258649
229923
253306
254196
3.25031e+06
245628
3.22856e+06
258316
238328
253330
238631
250253
240730
257320
243771
275431
3.24184e+06
252521
3.24729e+06
230172
257449
247812
259260
241602
250854
241955
261971
256386
3.23122e+06
273132
3.24238e+06
257765
253928
271604
246087
268441
245622
262116
230303
245845
3.25222e+06
242016
3.26185e+06
255013
252346
248963
260418
243351
271355
251294
226718
268437
3.23302e+06
256032
3.25544e+06
260018
239642
262088
251806
248498
255248
248198
250553
245044
3.25744e+06
252943
3.24598e+06
233187
255574
256643
247717
244907
247128
247600
248156
265150
3.23321e+06
265336
3.23019e+06
252375
243211
251390
245563
228244
254345
240311
259417
249510
3.23705e+06
3.25499e+06
243685
232350
254957
247025
254224
258667
249934
252552
257755
3.23406e+06
243386
3.23885e+06
254191
245248
248947
246963
234151
255304
244506
255814
240847
3.32029e+06
255712
3.25945e+06
246759
235111
271629
241744
253261
253960
250184
235084
271726
3.23768e+06
252362
3.24331e+06
247380
253436
249854
258505
234949
253681
241614
251072
249267
3.24927e+06
262681
3.24296e+06
253501
241007
254218
241488
260913
245215
251380
240336
251681
3.23715e+06
274330
3.22263e+06
243638
255884
243239
258277
240959
266413
226564
257943
241036
3.22822e+06
270504
3.23608e+06
249686
233765
246757
3.22816e+06
248919
235369
257814
238726
263029
3.23652e+06
248720
3.2577e+06
233011
251556
238617
261755
225593
255809
244315
230856
259247
3.24596e+06
261744
3.2375e+06
248712
250321
255288
246289
254512
247413
241317
262489
237921
3.24658e+06
256207
3.23585e+06
244128
258393
244173
259180
239867
257970
248844
229546
251849
3.23874e+06
264761
3.22425e+06
262425
243641
253186
245125
244341
254256
244250
257829
249961
3.25592e+06
256583
3.24341e+06
242797
266761
240054
247797
243652
246122
261319
246188
273897
3.22656e+06
267619
3.22239e+06
267290
246346
258775
247139
239030
264852
245109
247650
255217
3.25674e+06
252297
3.25514e+06
245207
261411
248442
234227
262916
243965
269786
243424
254331
3.22592e+06
274760
3.23504e+06
226882
274551
243678
268744
243537
272854
250481
263026
247761
3.24116e+06
247622
3.24443e+06
255419
248049
271746
246256
263923
244058
263818
245562
273713
3.22344e+06
257115
3.25798e+06
248855
261345
272407
261660
248905
279150
259640
263080
258559
3.2505e+06
247463
3.24032e+06
255462
247251
266930
250313
264478
256915
259946
246235
267462
3.25562e+06
246734
3.25793e+06
243800
259471
238407
257799
245794
276265
237681
256126
242674
3.23049e+06
263568
3.25708e+06
268001
243584
271558
282275
261742
255371
252028
253957
254325
3.26004e+06
264973
3.26291e+06
258360
274360
264174
269493
273387
303109
262509
249190
284020
3.23967e+06
285151
3.23901e+06
257909
245175
268181
253455
244791
270364
253782
260633
264177
3.25729e+06
251639
3.26859e+06
243895
247579
247561
245308
267430
300265
237502
248129
268456
3.23459e+06
263633
3.25434e+06
259956
241698
248046
248998
238273
274783
240688
255276
257031
3.25536e+06
249859
3.24966e+06
248563
234449
250409
222676
228328
234785
237276
222864
261360
3.21695e+06
254451
3.22119e+06
218554
241390
239855
225635
242242
238559
227698
241768
236803
3.22787e+06
231687
3.21859e+06
235358
230174
245502
228695
246371
220510
247599
216184
264045
3.22095e+06
235197
3.25143e+06
233712
239937
234934
250453
223365
251789
224792
244355
231851
3.23693e+06
249971
3.21091e+06
244898
214081
247575
225824
236859
239795
235576
232808
253999
3.21486e+06
240742
3.22634e+06
247431
236062
233359
245841
236469
245136
224314
234005
241651
3.20308e+06
261562
3.21183e+06
251200
216012
255496
220503
3.23212e+06
233264
227083
229243
251812
3.22319e+06
218885
3.25562e+06
222463
225656
240323
228010
223507
236186
227903
225596
247329
3.21866e+06
236447
3.23517e+06
237366
219340
250664
229741
243908
259016
230379
256210
250069
3.25703e+06
246250
3.25322e+06
235777
257152
249449
237801
253695
249800
253992
254691
258820
3.24255e+06
266086
3.26445e+06
247971
237969
254537
245697
230611
260080
237044
257262
250782
3.2456e+06
256761
3.24514e+06
231670
244303
259986
243869
251173
237841
244516
244581
251645
3.24126e+06
257323
3.24395e+06
239605
258925
240659
257206
229128
261259
234781
251701
250134
3.24206e+06
235443
3.23715e+06
245869
232018
260369
238247
262111
244078
250967
246971
269480
3.22803e+06
250288
3.25375e+06
207558
260545
239173
259812
234880
263448
232604
247461
255057
3.20877e+06
256915
3.2503e+06
251994
235029
262173
240048
261482
237357
256120
225655
263619
3.22348e+06
258380
3.24214e+06
241999
245445
240774
264668
225559
261426
244461
248637
260399
3.23719e+06
270192
3.24502e+06
255534
247868
256933
245945
285494
220921
256594
247813
254931
3.24433e+06
241625
3.2562e+06
237203
254375
256552
252388
252273
257477
240639
255010
259704
3.22183e+06
242887
3.22956e+06
265801
236981
260054
245909
250921
264959
1.3429e+07
6.60309e+06
1.38797e+08
3.26461e+06
335110
2.45126e+08
6.32293e+07
291082
288185
274498
299356
303715
360933
350081
356008
384684
380580
424082
360159
421578
382527
341436
445259
422991
316314
228875
253463
223710
237656
242514
251048
223451
247185
230525
225159
224883
236707
213654
231962
241654
216280
264732
234056
218566
240987
2.74909e+06
1.13562e+06
239960
225690
230157
250700
225030
241141
244412
241196
1.09573e+07
240062
232457
210350
263489
254378
289820
244490
283938
268929
309114
319939
321786
345016
339839
1.10106e+06
372611
353601
354904
356842
391917
400827
341441
281316
288950
282041
325864
330408
359371
351401
368227
371846
378316
364380
375114
358873
375881
400415
363196
386958
350540
381934
367745
401917
392489
380059
394509
367190
423591
373295
396618
388276
417161
375992
394688
389754
400523
365174
401819
385163
396115
389117
380155
397420
377955
310622
222955
240275
228489
235400
251191
233335
223889
196124
64837.6
59552
75583.4
50648.2
68888.6
63256.8
56208.6
99026.5
90698.6
96987
95292
120918
101699
117616
129903
107019
154579
172585
183661
197745
234134
198565
226864
235439
241813
225156
238644
219361
216900
239536
237255
237443
252723
219853
221559
240417
223269
229546
229699
214854
223324
217172
230997
208643
257412
225473
227122
222639
209855
209450
224078
226719
216952
231797
211332
227805
242339
218752
215251
221419
221405
211570
223133
219301
233431
219462
230992
205354
250506
209612
217429
208162
211699
228951
213146
234836
222413
241031
216388
218299
251852
218549
219613
204073
222753
200166
240710
224812
239352
219821
231844
203673
234458
225013
211729
237807
230126
242445
225242
249038
211404
228794
218635
238671
245933
217561
227730
216265
232262
218162
235847
227753
214332
209806
219280
257612
251681
214615
208185
230858
211684
219094
191856
229927
200495
63814.4
38516.6
40660.2
88262.8
51062.8
371618
270514
246090
208388
252111
227012
239833
244948
225664
242138
236314
253892
223926
244827
236085
254903
240221
257266
241811
313480
345095
336155
255560
221486
217017
219838
258422
239369
239418
241657
270154
287634
331201
227359
362483
393311
404165
399510
374197
407345
399839
431195
420649
1.08154e+06
383766
390450
397029
1.09449e+06
392420
381615
391281
393191
331182
350831
255255
247156
235537
254176
261647
558003
258198
291176
246964
286839
311200
301893
338780
637312
757693
358971
399204
1.01717e+06
287447
258025
232855
292420
248389
342656
336798
345060
1.04119e+06
241318
238119
859607
225751
221272
234415
232509
228125
219696
233392
217878
480163
215846
234211
460745
224584
240675
224321
226884
206590
235275
217389
219213
631031
237784
231338
705987
227285
213108
238436
223147
224171
216622
255180
214977
210347
217693
210327
221405
220735
234464
222261
231546
224794
221865
222229
219128
222181
212468
225354
202729
220268
201837
213694
209888
212408
200900
213967
226960
195205
226383
917486
218211
209780
226692
191948
220979
207348
214215
216299
212125
207889
207542
237138
212703
211391
200963
214174
207527
216801
210849
215363
210266
216175
221101
217077
220455
186322
220531
206348
222749
212614
201289
216548
231366
212457
207536
235956
213919
218748
225233
221883
209158
215984
234190
274763
161788
210425
220339
229880
220044
207077
226507
212921
205958
222496
217916
220496
228825
211270
215760
240551
204186
220298
210489
208134
223072
213666
214512
210834
228575
198107
231913
216012
214453
199016
217999
207921
210340
227747
204163
212484
218053
221129
210613
241545
213043
209213
201414
204658
221399
216093
207952
215485
223631
197836
216583
230679
204190
217961
214784
198406
212062
220773
197605
232403
202737
220954
208226
218636
214410
210202
218896
209896
220425
208755
217977
201048
222067
205460
212636
237591
204901
213720
202908
219203
203825
221367
203463
227428
212574
204579
226811
224210
212323
204648
224538
210720
213729
210685
214452
217432
221219
212086
223864
234264
191448
220392
210655
217940
202145
220958
198583
204996
228218
204380
220523
220136
208032
216061
215063
200904
218049
210933
207475
243426
341121
337174
327400
980290
214182
239616
203846
222009
230337
209210
1.61243e+06
229273
230641
228909
260934
602013
224751
221389
233174
219319
228634
220656
484722
238032
223131
217405
232283
524693
214080
232978
215185
224444
230059
221284
543313
219987
237429
227474
234078
625793
227170
220482
235699
226656
213664
227011
920637
239921
229576
237654
226250
799628
227647
228812
229508
223668
235206
206290
501082
235969
229802
230381
225571
713233
218863
240598
217460
235892
210112
234472
828152
228027
232528
222600
219628
815393
232129
229271
244901
217817
243250
234655
902288
236481
233504
229953
229542
595668
214677
236918
222517
227402
232904
234651
467170
228287
219294
223779
240034
698624
236498
219254
229208
229769
222184
215326
907772
233315
199692
214226
209448
235554
189865
229776
202370
214318
207721
222627
203032
204642
212050
240550
224690
219912
221062
208472
225067
197410
226207
204026
203767
219954
217596
205753
216204
227160
225389
212031
204370
205539
216450
210008
219252
209681
216769
215123
207001
237230
215196
214726
219845
212364
216294
222563
210506
222016
213626
230761
220674
245797
217810
221610
211655
213393
228476
217676
219713
208911
228271
206472
225905
215521
208733
209598
226730
206625
203049
218644
207484
214327
212021
220910
193518
240652
198382
210235
220605
907681
224922
203078
215267
205497
227189
204678
210181
226785
202126
223139
205541
219044
216412
216183
209290
219839
210705
214426
181855
234508
203961
215343
220840
198135
220011
215291
219840
209992
215690
182444
218235
226692
203978
226305
207762
212146
207325
227436
188198
219921
217575
198301
232628
206026
220699
203134
218934
202102
213543
205740
225978
210674
205168
214448
209507
235010
208397
207863
207181
207646
215039
221731
203160
208579
223870
204226
213446
224796
220793
203670
214327
198933
221461
212015
206295
207605
212771
221254
203362
240613
209930
220883
218731
211217
209762
214302
215958
211831
208499
212363
220576
220376
216697
218661
216707
205866
219789
206048
212984
221554
202326
222773
215042
224354
200063
224285
221789
227426
215414
215971
214245
216374
235935
193848
214498
216706
209482
217393
197935
220785
210873
207415
206044
227606
207990
213691
213306
230735
213930
213989
216866
209162
223633
218427
201356
211970
224939
202344
255514
188233
203148
228837
208700
202390
214819
210990
211617
220468
202811
225065
206834
223563
215232
211395
213025
201703
232024
198372
212118
231909
205404
205343
203165
229090
209479
210213
219923
230205
214088
199535
207318
230857
209006
202007
229835
234318
214476
208884
219074
206305
215800
210195
220688
212341
213213
192361
204269
223513
216201
226427
204519
217992
221910
203047
197727
221091
218216
209654
225035
219985
208978
221472
215009
180299
234446
204138
197581
215316
215565
221575
221162
223372
204498
238101
200400
216677
205706
196909
214480
221978
210779
204230
235007
224792
205462
205409
218012
200700
222838
214800
204515
226401
201294
220722
209314
230432
184449
224717
206109
197809
211238
203830
212234
212223
219058
208619
232249
218632
207605
210603
209217
209757
204049
220709
199591
222292
198588
213303
218306
215561
208987
217060
214204
196041
214402
210225
215222
219228
198478
206395
215575
229358
203889
232805
206162
210883
215938
212260
203804
225690
210699
205743
209370
218644
209716
204682
226078
197228
234074
201373
214279
209986
214852
196981
212375
218083
209151
209666
204242
211211
216888
214203
187064
227053
199233
214345
225491
214536
214087
217427
213943
203896
219234
201254
218736
215317
205880
214130
221990
228523
199953
226266
197346
215351
206072
205289
204074
211078
214969
204246
222079
211744
214092
221114
223041
198340
214345
204572
197391
220158
196988
208200
205537
228853
210337
213978
204861
207990
208012
212478
207448
213103
219918
209095
224715
219813
207644
204319
235873
204881
220635
199202
204042
215084
205750
204547
211254
228499
204412
218361
204808
195825
214325
220887
213913
206566
215872
204075
215576
227363
208849
209714
219336
207734
211127
189856
209485
226404
206658
208559
214749
240884
198648
208831
223620
197529
231861
205168
200863
209460
221109
205954
219809
219781
213152
208964
202030
208313
210523
212976
209861
222336
213013
206579
210070
222893
223063
212685
220875
203691
207459
204181
198425
214232
216701
204123
233579
209031
204349
221715
210854
214146
205619
212798
215629
224601
199350
204397
226771
224136
217945
200224
230444
203982
209317
215135
214915
203284
215899
218172
202767
245948
209784
211830
217469
197765
210040
217098
203955
216448
220274
207501
218092
228689
207598
210139
212652
210117
230038
200123
210393
208040
225554
213134
221550
219428
220671
212390
208361
218991
218356
199871
218555
219058
221937
196691
232916
223388
211914
204802
237022
200600
211971
221608
212618
217432
206846
220209
213426
238211
207262
238301
202344
204756
218957
204048
214352
217601
210319
210714
221409
218726
213689
209612
207980
205004
207585
207212
204106
227338
203892
214202
210976
235601
204128
211271
214199
203991
229463
203832
214490
220445
214016
211569
235180
224911
207868
204413
219222
204533
204659
233583
207576
206019
212976
211351
211739
217560
226971
195931
213552
219538
221002
215646
227147
207195
228604
210854
210599
251045
204245
219750
221702
219850
216247
235683
218954
225688
217794
224887
224771
229828
232090
209603
224724
219774
214358
224555
232645
217576
217325
227360
217716
248667
216033
222790
213287
227596
210490
221299
210728
226722
213233
216131
222701
229599
220590
204231
228096
203753
220834
217471
214938
221679
220295
221105
206714
247271
204648
226723
208394
221043
210503
222217
222793
210718
222654
216275
217122
226275
220639
211825
221175
211021
203816
234385
203816
220982
219157
220958
208780
241755
222830
222040
216388
206272
215994
217602
226290
209931
222682
210713
221287
236509
226102
219417
210013
217832
212221
219837
206166
219032
213332
215330
216371
240138
207401
217679
223923
210728
214386
216727
220713
217179
221815
216036
215418
230405
214973
222888
216213
214717
214156
226757
199187
220761
225087
214881
216338
237916
216251
210810
240991
200805
220796
222718
221810
209683
233323
203470
216864
233858
210644
226377
211773
232378
210204
233650
203902
221011
230352
217982
204812
235968
218757
208472
227264
216148
226559
218296
220071
211267
222805
224648
204474
253363
204384
222168
231049
202087
202216
232597
216763
208897
236491
210893
226756
229868
223753
210827
233587
210710
226983
222544
219834
207045
232213
214247
211098
242373
205857
226445
216911
227730
204141
229521
220815
216944
218494
218773
215335
240105
221984
217826
225926
212967
214505
241133
211519
207264
229190
219665
217716
239260
210376
235911
220741
203102
230348
211747
232208
215562
229330
216654
223048
239541
218738
220449
211052
222233
211509
228908
213622
224830
218302
233279
221332
251691
215000
228164
238008
213834
219034
222015
230459
217897
241161
211846
221554
235457
215725
223285
217500
228535
211414
232210
210725
215054
223010
235903
230673
241114
213123
209192
232511
222755
227102
216610
220775
215595
229621
217405
225801
230306
213279
230201
226641
222929
209162
218238
221598
215536
237967
226021
227342
229714
236350
214046
231612
223809
232056
217216
231403
224576
245953
229395
211109
254569
225228
233296
223321
215895
224845
236259
218666
205021
240646
233003
223752
231208
221155
222481
226754
195809
234945
217694
210745
232711
219515
225543
207794
242283
217429
217854
218013
227721
218346
226212
225118
213030
225419
211670
215554
224864
230639
211698
232611
210801
218614
220827
222739
225115
214818
226548
209534
247671
216768
232546
222530
215330
228582
228257
216318
214953
236142
222721
219701
240185
225975
219542
212952
224379
223526
219573
213750
232481
211585
231740
216364
235890
216842
219491
225915
214281
227195
219327
224325
212904
229117
217353
231698
243017
208605
227533
211600
232384
209935
230653
214430
227685
230352
218657
222358
238251
215859
216969
233571
201094
230135
228931
224823
213915
237665
219545
218121
245153
208244
231645
208425
231354
208047
237695
207193
214942
279234
226928
221287
244096
239760
218644
244452
221464
227643
214474
229697
215312
234352
221010
220066
246216
218571
232530
220825
223291
243912
233628
222785
200521
236415
219075
218630
296345
259292
213002
233690
207392
233650
224797
210615
235548
227105
236102
208858
250642
217795
224665
226895
233444
221669
233040
231051
213399
237429
215713
230458
233414
220187
221008
224175
228607
220329
222529
218033
227010
231439
227371
215278
250756
221505
227698
224500
225260
208288
222669
251471
205303
224961
216981
230024
238913
231211
208965
223018
224867
203497
230220
218715
230273
220700
234867
220021
245582
219278
223509
219662
223819
222732
220370
230295
190326
232766
228579
234936
218319
237351
213256
203562
235412
208293
236527
212312
222683
219082
237067
207151
240847
231219
209724
220675
211194
224914
215319
231972
204270
239542
207548
218401
228787
220392
223196
219502
234470
221626
237746
203785
231320
216169
218680
213803
234845
230420
223912
218506
207308
230667
217988
224789
213788
207304
234193
214056
236061
218317
226657
211031
224777
204939
228510
214208
218471
225617
214467
225167
232020
230559
220409
235363
213471
237437
222478
215784
237372
225358
232634
209563
249989
213588
226904
227195
213815
220300
231306
231631
218549
237681
222988
217443
231922
230459
219506
233843
223904
193530
236008
211791
229313
222770
225733
216521
242060
228373
222707
234527
204375
230964
199193
228854
217702
228305
217834
228929
235861
235661
216595
215446
219810
217357
232667
223225
212934
221356
230536
217552
240604
222002
203429
238662
210955
229404
220710
234863
211733
239246
199820
232564
237756
214582
219875
232667
219045
217815
239488
210913
235752
220144
222714
217981
233239
211171
217719
231845
217345
230717
220652
226478
214581
233765
217443
234769
229150
224187
222623
211101
234621
212188
231987
228616
243865
223262
218520
230067
238806
228993
202095
219335
224419
229002
216234
229161
222884
218339
229586
217489
246252
219603
230688
220755
257105
211141
232097
216798
223915
223060
217821
1.24666e+06
555224
220550
217106
231583
244629
221488
221274
237482
211282
228341
223265
232919
243507
226656
240483
233125
232987
242199
241588
247785
224782
317390
221005
245830
246456
240656
230208
248762
233527
223613
247728
223990
222941
472777
232671
233532
265341
224148
238968
226963
228503
235255
223164
237282
220982
253386
220454
247950
247267
523317
223712
232183
231731
228030
239739
215050
239479
229227
242070
235986
262951
452608
222134
247702
217442
236610
240383
235410
227164
242271
230253
235559
250094
465898
232394
234563
218227
223479
238666
227979
230210
233726
241911
246337
244864
438627
220248
245101
229671
235448
232806
235012
215884
252788
224804
224502
264987
451258
235800
243254
229459
230580
242070
221810
231370
232233
215279
242632
240926
227641
228500
232254
222507
223343
235761
225191
223836
231002
229829
237074
241653
224903
220480
228771
226277
225054
231525
212597
224087
219026
220440
231002
236595
236257
212853
236724
212383
230147
231162
210571
232926
226238
224461
232227
243381
218989
227296
230796
227592
221103
229885
231865
213354
242181
222572
228429
238887
240794
221107
228773
227712
221057
232556
221661
238932
234499
241141
229250
250225
222268
235665
226112
221056
241260
225677
231392
220216
240334
220120
233371
237971
233087
214975
225819
241121
221656
225515
230143
236540
226047
235024
230542
246067
219551
222006
237246
225072
240154
218962
221051
221846
251849
210512
255044
235386
230449
246693
223899
232624
231555
236779
231550
240814
223730
238867
239456
237144
241165
225163
236638
225738
237894
229767
232114
225263
242151
231890
229479
254935
222448
238506
216263
245394
227018
238246
238645
225822
238081
222809
242401
244642
239347
225060
246596
227039
232027
229830
243772
224448
236807
231996
235179
260116
218799
238470
212632
238544
231342
241633
224775
238496
226101
228193
252925
236824
238951
230576
243619
225872
225646
229435
237829
233160
