0
0
0
0
0
0
0
0
0
0
0
0
0
0
0
0
0
0.100436
0.116695
0
0
0
0
0
0
0
0
0
0
0
0
0
0
0
2.69478
1.12479
0
0
0
0
0
0.171305
0.166639
0
0
0
0
0.259064
0.266101
0
0
0
0
0
0
0
0
0
0
0
0
0
0
0
0
0
0
0
0
0.196605
0.176104
0
0
0
0
0
0
0
0
0
0
0
0
0
0
0
0
0
0
0
0
0
0
0
0.195077
0.170254
0
0
0
0
0.207846
0.25445
0
0
0
0
0
0.129805
0.110536
0
0
0
0
0
0
0
0
0
0
0
0
0
0
0
0
0
0
0
1.67056
1.13403
0
0
0
0
0
2.95069
2.63395
0
0.178182
0.164415
2.70509
2.87593
0
0
0
0
0
0.270932
0.216732
0
0
0
0
0
0
0
0
0
0
0
0
0
0
0
1.17021
1.7712
0
0
0
0
0
0
0
0
0
0
1.14207
1.42159
0
0
0
0
0
0
0
0
0
0
0
0
0
0
0
0
0
0
0
0
0
0
0
0
0
0
0
0
0
0
0
0
0
0
0
0
0
0
0
0
0
0
0
0
0
0
0
0
0
0
0
0
0
0
0
0
0
1.45873
1.93821
0
0
0
0
0
0
0
0
0
0
0
0
0
0
0
0
0
0
0
0
0
0
0
0
0
0
0
0
0
0
0
0
0
0
0
0
0
0
0
0
0
0
0
0
1.27851
1.02143
0
0
0
0
0
0
0
0
0
0
0
0.105035
0.105277
0
0
0
0
0
0
0
0
0
2.08851
2.95156
0
0.359322
0.315438
0
0
0
0
1.73827
1.71438
0
0
0
0
0
0
0
0
0
0
0
0
0
0
0
0
0
0
0
0
0
0
0
0
0
0
0
0
0
0
0
0
0
0.229593
0.266382
0
0
0
0
0
0
0
0
0
0
0
0
0
0
0
0
0
0
0
0.169201
0.145793
0
0
0
0
0
0
0
0
0
0
0
0
0
0
0
0
0
0.333977
0.325389
0
0
0
0
0
0
0
0
0
0
0
1.68818
2.04109
0
0
0
0
0
0
0
0
0
0
0
0
0
0
0
0
0
0
0
0
0
0
0
0
0
0
0
0
0
0
0
0.122652
0.161397
0
0
0
0
0
0
0
0
0
0
0
0
0
0
0
0
0
0
0
0
0
0.29653
0.205042
0
0
0
0
0
0
0
0
0
0
0
0
0
0
0
0
0
0
0
0
0
0
0
0
0.289038
0.257688
0
0
0
0
0
0
0
0
0
0
0
0
0
0
0
0
0
0
0
0
0
0
0
0
0.125286
0.157763
0
0
0
0
0
0
0
0
0
0
0
0
0.135921
0.182355
0
0
0
0
0
0
0
0
0
0
0.197728
0.124235
0
0
0
0
0
0
0
0
0
0
0
0
0
0
0
0
0.166331
0.18391
0
0
0
0
0
0
0
0
0
0
0
0
0
0
0
0
0
0
0.439338
0.445065
0
0
0
0
0.155066
0.115314
0
0
0
0
0
0
0
0
0
0
0
0
0
0
0.172812
0.160025
0.173125
0.176975
0
0
0.664817
0.652244
0
0
0
0
0
0
0
0
0
0
0
0
0.49512
0.313055
0
0
0
0
0
0
0
0
0
0
0
0
0
0
0
0
0
0
0
0
0
0
0
0
0
0
0
0
0
0
0
0
0
0
0
0
0
0
0
0
0
0
0
0
0
0
0
0
0
0
0
0
0
0
0
0
0
0
0
0
0
0
0
0
0
0
0
0
0
0.134164
0.164846
0
0
0
0
0
0
0
0
0
0
0
1.91079
2.03603
0
0
0
0
0
0
0
0
0
0
0
0
0
0
0
0
0
0
0
0
0
0
0
0
0
0
0
0
0
0
0
0
0
0
0
0
0
0
0
0
0
0
0
1.01493
1.84537
0
0
0
0
0
0
0
0
0
0
0
0
0
0
0
0
0
0
0
0
0
0
0
0
0
0
0
0
0
0
0
0
0
0
0
0
0
0
0
0
2.43614
1.88539
0
0
0
0
0
0
0
0
0
0
0
0
0
0
0
0
0
0
0
0
0
0
0
0.464368
0.429262
0
0
0
0
0
0
0.488755
0.300766
0
0
1.08014
2.96864
0
1.76696
1.30446
0
0
0
0
0
0
0
0.105032
2.43971
1.56858
0
0
0
0
0
0
0
0
0
0
0
0
0
0
0
0
0
0
0
0
0
0
0
0
0
0
0
0
0
0
0.118735
0.103247
0
0
0
0
0
0
0
0
0
0
0
0
0
0
0
0.174335
0.172333
0
0
0
0
0
0
0.347625
0.48769
0
0
0
0
0
0
0
0
0
0
0
0
0
0
0
0
0
0
0
0
0
0
0
0
0
0
0
0
0
0
0
0
0
0
0
0
0
0
0
0
0
0
0
0
0
0
0
0
0
0
0
0
0
0
0
0
0
0
0
0
0
0
0
0
0
0
0
0
0
0
0
0
0
0
0
0
0
0
0
0
0
0
0
0
0
0
0
0
0
0
0
0
0
0
0
0
0
0
0
0
0
0
0
0
0
0
0
0
0
0
0
0
0
0
0
0
0
0
0
0
0
0
0
0
0
0
0
0
0
0
0
0
0
0
0
0
0
0
0
0
0
0
0
0
0
0
0
0
0
0
0
0
0
0
0
0.20636
0.255169
0
0
0
0
0
0
0
0
0
0
0
0
0
0
0
0
0
0.113606
0.183608
0
0
0
0
0.115479
0.130118
0
0
0
0
0
0
0
0
0
0
0
0
0
0
0
0
0
0
0
0
0
0
0
0
0
0
0
0
0
0
2.74678
1.78998
0
0
0
0
0
0
0
0
0
0
0
0
0
0
0
0
0
0
0
0
0
0
0
0
0
0
0
0
0
0
0
0
0
0
0
0
0
0
0
0
0
0
0
0
0
0
0
0
0
0
0
0
0
0
0
0
0
0
0
0
0
0
0
0
0
0
0
0
0
0
0
0
0
0
0
0
0
0
0
0
0
0.353824
0.460627
0
0
0
0
0
0
0
0
0
0
0
0
0
0
0
0
0
0
0
0
0
0
0
0
0
0
0
0
0
0
0
0
0
0
0
0
0
0
0
0
0
0
0
0
0
0
0
0.233645
0.221121
0
0
0
0
0
0
0
0
0
0.144274
0.194892
0
0
0
0
0
0
0
0
0
0
0
0
0
0
0
0
0
0
0
0
0
0
0
0
0
0
0
0
0
0
0
0
0
0
0
0
0
0
0
0
0
0
0
0.231318
0.217884
0
0
0
0
0
0
0
0
0
0
0
0
0
0
0
0
0
0
0
0
0
0
0
0
0
0
0
0
0
0
0
0
0
0
0
0
0
0
0
0
0
0
0
0
0
0
0
0
0
0
0
0
0
0
0
0
0
0
0
0
0
0
0
0
0
0
0
0
0
0
0
0
0
0
0
0
0
0
0
0
0
0
0.290192
0.239719
0
0.224528
0.244841
0
1.67002
1.41457
0
0
0.1246
0.153209
0
0
0
0
0
0
0
0
0
0
0
0.294773
0.212637
0
0
0
0
0
0
0
0
0
0
0
0
0
0.35068
0.401006
0
0
0
0
0
0
0
0
0
0
0
0
0
0
0
0
0.306099
0.326362
0
0
0
0
0
0
0
0
0
0
0
0
0
0
0
0
0
0
0
0
0.100302
0.124793
0
0
0
0
0
0
0
0
0
0
0
0
0
0
0
0
0
0
0
0
0
0
0
0
0
0
0
0
0
0
0
0
0
0
0
0
0
0
0
0
0
0
0
0
0
0
0
0
0
0
0
0
0
0
0
0
0
0
0
0.297369
0.223064
0
0
0
0
0
0
0.277287
0.233897
0
0
0
0
0
0
0
0
0
0
0
0
0
0
0
0
0
0
0
0
0
0
0
0
0
0
0
0
0
0
0
0
0
0
0
0
0
0
0
0
0
0
0
0
0
0
0
0
0
0
0
0
0
0
0
0
0
0
0
0
0
0
0
0
0
0
0
0
0
0
0
0
0
0
0
0
0
0
0
0
0
0
0
0.192779
0.193213
0
0
0
0
0
0
0
0
0
0
0
0
0
0
0.172059
0.176576
0
0
0
0
0
0
0
0
0
0
0
0
0
0.477318
0.450336
0
0
0
0
0
0
0
0
0
0
0
0
0
0
0
0
0
0
0
0
0.109148
0.151388
0
2.70869
2.37354
0
0
0
0
0
0
0
0
0
0
0
0
0
0
0
0
0
0
0
0
0
0
0
0
0
0
0
0
0
0
0
0
0
0
0
0
0
0
0
0
0
0
0
0
0.17824
0.153075
0
0
0
0
0
0
0
0
0
0
0
0
0
0
0
0
0
0
0
0
0
0
0
0
0
0
0
0
0
0
0
0
0
0
2.74712
1.86454
0
0
0
0
0
0
0
0
0
0
0
0
0
0
0
0
0
0
0
0
0
0
0
0
0
0
0
0
0
0
0
0
0
0
0
0
0.287451
0.274922
0
0
0
0
0
0
0
0
0
0
0
0
0
0
0
0
0
0
0.293859
0.20539
0
0
0
0
0
0
0
0
0
0
0
1.82553
2.52849
0
0
0
0
0
0
0
0
0
0
0
0
0
0
0
0
0
0
0
0
0
0
0
0
0
0
0
0
0.158983
0.120062
0
0
0
0
0
0
0
0
0
0
0
0.201218
0.72605
0.416124
0
0
0
0
0
0.228935
0.22535
0
0
0
0
0
0
0
0
0
0
0
0
0
0
0
0
0
0
0
0
0
0
2.16511
1.14201
0
0
0
0
0
0
0
0
0
0
0
0
0
0
0
0
0
0
0
0
0
0
0
0
0
0
0
0
0
0
0
0
0
0
0
0
0
0
0
0.128733
0.11619
0
0
0
0
0
0
0
0
0
0
0
0
0
0
0
0
0
0
0
0.233089
0.22698
0
0
0
0
0
0
0
0
0
0
0
0
0
0
0
0
0
0
0
0
0
0
0
0
0
0
0
0
0
0
0
0
0
0
0
0
0
0
0
0
0
0
0
0
0
0
0
0
0
0
0
0
0
0
0
0
0
0
0
0
0
0
0
0
0.170562
0.157734
0
0
0
0
0
0
0
0
0
0
0
0
0
0
0
0
0
1.11759
2.8231
0.409098
0
0
0
0
0
0
0
0
0
0
0
0
0
0
0
0
0
0
0
0
0
0
0
0
1.65769
2.30698
0
0
0
0
0
0
0
0
0
0
0
0
0
0
0
0
0
0
0
0.188974
0.170031
0
0
0
0
0
0.229229
0.265578
0
0
0
0
0
0
0
0
0
0
0
0
0
0
0
0
0
0
0
0
0
0
0
0
0
0
0
0
0
0
0
0
0
0
0
0
0
0
0
0
0
0
0
0
0
0
0.12017
0.142975
0
0
0
0
0
0
0
0
0
0
0
0
0
0
0
0
0
0
0
0
0
0
0
0
0
0
0
0
0
0
0
0
0
0
0
0
0
0
0
0
0
0
0
0
0
0
0
0
0
0
0
0
0
0
0
0
0
0
0
0
0
0
0
0
0
0
0
0
0
0
0
0
0
0
0
0
0
0
0
0
1.55919
2.40565
0.220949
0
2.54431
2.85602
0
0
0
0
0
0
0
0
0
0
0
0
0
0.149404
0.105522
0
0
0
0
0
0
0
0
0
0
2.76398
1.74235
1.15071
2.9167
1.87002
0
0
0
0
0
0
0
0
0.114183
0.100375
0
0
0
0
0
0
0
0
0
0
0
2.24652
2.33261
2.09303
1.41052
2.51029
0
0
0
2.6075
2.10595
1.97712
1.22788
1.1679
1.67913
1.62169
2.90731
2.56725
2.31985
0
0
0
0
0
0.153216
0.110716
0
0
0
0
2.0353
1.33474
2.95691
1.75008
1.21385
0
1.9876
2.748
2.77458
1.02193
2.77259
0
0
0
0
0
0
0
0
0
0
0
0
0
0
0.139173
0.158927
0
0
0
0
0
0
0
0
0
0
0
0
0
0
0
1.54297
1.20551
2.8131
2.72773
2.19246
0
0
0
0
0
0
0
0.177472
2.7193
3.22481
2.78076
2.98135
2.10549
0
0
0
0
0
0
0
0
0
0
0
0
0
0
0
0
0
0
0
2.93529
1.77513
2.22614
1.42692
1.85278
2.87896
1.85713
1.71674
0
0
0
0
0
0
0
0
2.07707
2.14268
2.26398
3.0527
2.36869
0
0
0
0
0
0
0
0
0
0
0
0
0
0.343298
0.352715
0
0
0
0
0
0
0.197763
0.100464
0
2.63496
2.06744
1.67696
2.3159
2.43544
0
0
0
0
0
2.1161
1.11323
1.33977
1.5706
1.56525
0
0
0
0
0
2.34684
1.0367
2.85307
1.9837
1.62004
0
2.05582
1.43185
2.69884
2.23169
1.58466
2.08427
2.65442
0
0
0
0
0
0
0
0
0
0.187367
0.130733
0.193859
0.131695
0
0
0
0
2.94652
2.78628
1.68487
2.9964
1.00701
0
0
1.05526
2.94652
1.64591
1.12154
1.4743
0
0
0
0
0
0
0
1.8522
2.46113
2.24867
1.47524
2.00654
0
0
0
0.165431
0.108003
2.85243
2.63002
1.64638
2.96453
2.41724
0
0
0
0
0
0
0
0
0
0
1.1249
1.07032
1.33682
2.45571
1.36748
0
0
0
0
0
0
0
0
0
0
0
0
0
0
0
0
0
0
0
0
0
0
0
0
0
0
0
0
0
0
0
0
0
0
0
0.173865
0.195879
0
0
0
0
0
0
0
0
0
0
0
0
0
0
0
0
0
0
0
0
0
0
0
0
0
0
0
0
0
0.381653
0.361936
0
0
0
0
0
0
0
0
0
0.186227
0.116789
0
0
0.132682
0.117245
0
0
0
0.245588
0.295325
0
0
0
2.66498
2.76116
0
0
0
0
0
0
0
0
0
0
0
0
0
0
0
0
0
0
0
0
0
0
0
0
0
0
0
0
0
0
0
0.160131
0.171219
0
0
0
0
0
0
0
0
0
0
0
0
0
0
0
0
0
0
0
0
0
0
0
0
0
0
0
0
0
0
0
0
0
0
0
0
0
0.359423
0.492868
0.153951
0
0
0
0
0
0
0
0
0
0
0
0
0
0
0
0
0
0.476961
0.444759
0
0
0.285045
0.214523
0
0
0
0
0
0
0
0
0
0
0
0
0
0
0
0
0
0
0
0
0
0
0
0
0
0.202978
0.293352
0
0.433945
0.45975
0
0
0
0
0
0
0.169092
0.142134
0
0
0
0
0
0
0
0
0
0
0
0
0
0
0
0
0
0
0
0
0
0
0
0.185402
0.177155
0
0
0
0
0
0
0
0
0
0
0
0
0
0
0
0
0
0
0.351423
0.423609
0
0
0
0
0
0
0
0
0
0
0
0
0
0
0
0
0
0
0
0
0
0
0
0
0
0
0
0
0
0
0
0
0
0
0
0
0
0
0.243373
0.24573
0
0
0
0
0
0
0
0
0
0
0
0
0
0
0
0
0
0
0
0
0
0
0
0
0
0
0
0
0
0
0
0
0
0
0
0
0
0
0
0
0
0
0
0
0
0
0
0
0
0
0.183114
0.13487
0
0
0
0
0
0
0
0
0
0
0
0
0
0
0
0
0
0
0
0
0
0
0
0
0
0
0.140015
0.189405
0
0
0
0
0
0
2.87452
2.17254
0
0
0
0
0
0
0
0
0
0
0
0
0
0
0
0
0
0
0
0
0
0
0
0
0
0
0
0
0
0
0.255094
0.210558
0
0
0
0
0
0
0.29914
0.224414
0
0
0
0
0
0
0
0
0
0
0
0
0
0
0
0
0
0
0
0
0
0
0
0
0
0.149662
0.154425
0
0
0
0
0
0
0
0
2.39839
2.05035
0
0.19565
0.188673
0
0
0
0
0
0.116947
0.147322
0
0
0
0.38297
0.406932
0
2.66948
1.06627
0
0
0.19713
0.137237
0
0
0
0
0
0
0
0
0.137157
0.119503
0
0
0
0
0
0
0.304039
0.33172
0
0
0
0
0
0
0
0
0
0
0.428337
0.443395
0
0
0
0
0
0
0
0
0
0
0.219855
0.25268
0
1.53676
1.9393
0
0
0
0
0
0
0
0
0
0
0
0
0
0
0
0
0
0
0
1.15321
2.41181
0
0
0
0
0
0
0.111432
0.17403
0
0
0
0
0
0
0
0
0
0
0
0
0
0
0
0
0
0
0
0
0
0
0
0
0
0
0
0
0
0
0
0
0
0
0
0
0
0
0
0
0
0
0
0
0
0
0
1.70151
1.42979
0
0
0
0
0
0
0
0
0
0
0
0
0
0
0
0
0
0
0
0
0
0
0
0
0
0
0
0
0
1.23293
2.75953
0
0
0
0
0
0
0
0
0
0
0
0
0
0
0
0
0
0
0
0
0
0
0
0
0
0
0
0
0
0
0.35789
0.437857
0
0
0
0
0
0
0
0
0
0
0
0
0.187622
0.188378
0
0
0
0
0
0
0
0
0
0
0
0
0
0
0
0
0
0
0
0
0
0
0
0.367622
0.493551
0
0
0
0
0
0
0
0
0.277865
0.289
0
0
0
0
0
0
0
0
0
0
0
0
0
0
0.320301
0.399549
0
0
0
0
0
0
0
0
0
0
0
0
0
0
0
0
0.11085
0.142835
0
0
0
0
0
0
0
0
0
0
0.38561
0.365205
0
0
0
0
0
0
0
0
0
0
0
0
0
0
0
0
0
0
0
0
0
0
0
0
0
0
0
0
0
0
0
0
0
0
0
0
0
0
0
0
0
0
0
0
0
0
0
0
0
0
0
0
0
0
0
0
0
0
0
0.429107
0.326211
0
0
0
0
0
0
0
0
0
0
0
0
0
0
0
0
0
0
0.443332
0.496118
0
0
