13.644
13
13.332
13.656
13.332
13.666
14.048
13.974
13.666
14
14
13.328
13.332
12.662
13.716
13.64
13.332
13.666
13.332
13.324
13.972
13.042
15.31
14.332
13.666
13.334
14
13
14.334
13.628
13.704
13.668
13.332
13.668
14
13.332
13.686
13.302
13.666
13.334
13.666
14
13.332
13.364
13.968
12.668
13.332
14.052
13.366
12.968
13.672
13.334
14
13
14.028
13.296
14.022
12.972
13.35
14
13
14.29
13.366
14
13.666
14.326
13.01
13.994
13.332
13.67
13.334
13.668
13.332
14
13.316
14.304
13.332
14
13
14.332
13.322
13.668
13.678
14
13.016
14.002
13.666
14
13.666
14.316
12.668
13.668
13.332
13.334
13.35
13.666
12.982
13.668
14
13.336
13.016
13.656
13.334
14.334
13.65
13
13.666
13.666
13.332
13.63
14.368
12.666
13.332
13.666
13.666
13.334
13.332
13.416
13.3
13.332
13.984
13
14.334
13.666
14
13.328
13.668
13
14
13
13.702
13.974
13.332
14.002
13.332
12.628
13.666
13.992
13.666
13.666
13.666
12.962
13.332
14
14.664
14.334
13.666
13.336
13
14
12.988
13.334
13.644
13.634
12.664
14.29
12.998
13.67
13.378
13.626
13.332
14.334
13.044
13.636
13.334
13.702
12.678
13.998
12.998
13.334
13.664
14.388
14.05
13.634
13.332
12.958
13.334
14
14
13.678
14
13
14
13.332
14.334
13.68
13.998
13.334
14
13
13.718
13.674
13.634
13.334
14.668
13.666
13.39
13.306
14
13.354
14.372
13.334
13.646
13.332
14.006
13.334
14.664
13.334
14
13.666
13.332
13.668
13.35
13
14
13.526
13.332
13
13.666
13
13.998
13.372
14
13
13.332
13.666
13.674
13.332
13
13.666
14.334
13
13.666
13.322
13.666
13
14.334
13
14.334
14
13.34
13.332
13
13.334
14
14.668
13.666
14.334
13.656
13
13.998
14.332
12.666
13.594
13.666
13.666
12.998
14.668
13.016
14.002
12.986
14.334
13
14.336
12.998
13.708
13.296
14.332
12.998
13.668
13.666
13.64
13.332
14.034
12.666
14.334
13.332
13.336
13.668
13.336
13.716
13.274
13.032
13.332
13.666
13
13.666
13.332
13.332
13.332
14.318
13.29
12.998
14
13.332
13.334
14
14.332
14
13.634
13.37
13.38
13.666
13
14.05
12.972
12.998
13.656
13.332
13.666
14
16
13.666
13.334
13.734
13.308
13.332
13.666
13.332
13.668
13.666
13.334
13.65
13.724
14.334
13.052
14
13
14.33
13.332
13.332
14.014
13.666
13
12.998
13.666
14
13.334
13.668
13.334
13.332
13.718
13.666
13.334
14.002
13
13.996
13.998
13.656
14.328
13.332
13.334
12.998
13.334
13.332
13.666
13.332
13.334
13.332
13.666
12.666
13.334
13.712
14.3
13.06
13.598
13.668
13.716
13.332
13.336
13.316
14
12.998
13.37
13.316
14
12.664
13.658
13.316
13.002
13.666
13.334
14.046
13.008
13.666
13.67
13.38
13.64
12.994
12.996
14.018
14.002
13.338
13
13.332
13.666
13.016
13.334
14
14
13.332
13.29
13.368
13.668
13.344
13.668
13.666
13.332
14.334
13.666
14
13.332
12.976
14
13.666
13
14
13.332
13.344
13.666
12.984
14.002
14
13.334
13
14
12.984
12.662
13.666
13.664
12.998
14
13.666
13.336
13.666
13
13.332
14.368
14
13.334
13.31
13.668
13.332
13.662
14
13.334
14.334
13
13.666
13.334
12.998
13.668
13.336
13.668
12.666
15.334
13.666
13.334
13.332
14
13.372
13.968
12.998
13.668
13.666
13.68
13.332
14.666
12.968
14
12.966
14
13.666
14.334
12.998
13.67
13.666
13.37
13.666
14.332
13
14.342
13.666
14.046
13.294
14
12.664
13.002
13.652
13.668
13.332
14.322
13.332
13.334
13.666
13.668
13.334
13.666
14
13.334
14.71
12.666
13.06
13.834
12.998
13.38
13.312
12.99
13.666
14
14.334
13.334
13.012
13.334
13.666
13.666
13.666
13.334
14.35
14
13.722
13.968
13.332
13.332
13.334
13.334
13.666
13.626
13.666
13.702
13.666
14.334
13.666
13.332
14
12.666
14
13.334
13.334
14
13.382
13.026
14.666
14
13.332
13.968
13.666
13
14
13.372
13.294
14.302
12.984
13.668
13.656
12.962
14
13.362
13.294
13.334
13.668
13
13.332
13.706
13.294
13.666
13
14
12.666
13.334
12.664
13.67
13.666
13.37
12.666
14.002
13.666
13.336
13.666
13.002
13.666
13.666
12.998
14.374
13.666
13.706
76.23
65.835
21.666
17.668
16.668
16.666
15.668
17
15.666
16.296
16.336
16.668
17.334
18.334
16.652
16
16.738
16.62
16.336
16.668
16.012
16
17.018
16.334
16.392
15.958
17
16.334
17
17
16.334
16.334
17.012
16.334
16.32
16.334
16.668
16.666
16.392
16.298
16.334
16.666
16.67
16.334
16.336
16.666
16.666
16.042
16.334
16.334
16.336
16.988
16.666
16
16.668
16.656
16.352
16.002
16.668
16
16.002
17
16.336
16.666
16
15.998
16.334
16
16.666
15.63
17.392
17.33
16
16.668
16.606
16.38
17.668
15.668
16.668
15.656
16.65
16.332
16.666
15.998
16.67
17.002
16.318
16.332
16.334
17
15.668
17.334
16.668
16.666
16.002
17
15.684
17
16.018
16.666
16
17.046
15.958
16.31
17
17
16
17.384
16.288
16.666
16.334
17
16.002
17
16.334
17.668
16.724
15.954
17
16.666
15.666
17.332
16.668
16.7
17.332
16
17.334
17.044
16.724
16.29
17
16.052
17
17
16.318
16.998
16.998
17.002
16
16.378
16.622
15.634
16.684
16
15.984
17.038
16.332
15.668
17.002
15.668
16.334
16.332
16.334
16.978
16.666
16
16.056
16.29
16.666
15.334
16.68
16.336
17.352
16.666
16.334
15.99
16.334
15.998
16.674
16.286
16.674
16
16.334
16.666
17
16.706
16.302
16
16.666
16.332
16.668
17.002
16.064
16.95
15.666
16.666
16.356
17.328
16.68
16.666
16.998
16.666
16.006
16.716
15.63
16.666
18.334
16.666
16.666
16.046
16.286
16.332
16
17
16
16.436
15.668
17
16.334
17
16.336
16.666
16.332
16.332
16.356
17
16.002
17.01
15.38
16.282
17.334
17
16.002
16.666
17.016
17
16.334
16.372
16.332
16.666
16.334
16.998
17
16.334
16.97
16.666
16.336
17
16.334
15.664
16.668
16.334
16
16.044
17.294
16
17
16.334
17.332
15.72
16.666
15.668
16.336
16.334
16.33
16.334
16.318
16.372
16.666
16.666
16.668
15.334
17
16.042
16.652
16.002
16.002
16.334
16.664
16.334
16.334
16.336
16.666
15.968
16.99
16.332
15.668
16.332
16.378
16.95
16.652
16.666
16.336
16.666
16.716
16.288
16.666
16.666
16.334
17.3
16.336
16.666
16.666
16.044
16.284
16.666
16.332
17
16.342
16.332
16.334
19
15.668
17
16.052
16.316
16.334
16.666
16.666
16.666
16.656
16.666
16
16.666
16.668
16.666
16.334
16.332
16.664
17.334
16.002
16.666
17.04
16.288
16.682
16.334
16.648
16.002
17.35
16
16.666
18.332
16.336
16
16.998
16
16.334
16.998
16.336
16.668
16.666
16.666
17
16.622
16.714
16.332
16.358
15.964
16.64
16.002
17
16.332
16.336
16.324
16.692
16.372
16.928
15.666
17
16.002
16.658
16.668
17
16.334
16.668
15.668
16.998
16.352
16.284
16.334
17.062
15.964
15.962
17.33
16.002
16.334
16.336
16.33
17.332
16.052
16.336
16.334
16.674
16
16.668
16.372
16.332
16.332
16.336
16.668
16.66
16.666
17.334
15.668
17.014
16.334
16.336
16.668
16.668
16.368
17.69
16.028
16.286
16.336
16.656
15.998
16.666
16.332
17.334
17.044
15.616
16.666
16.334
16.7
16.334
16.666
16.332
16.332
16.318
16.666
15.68
17
16.296
16.666
16
17.006
16.034
16.662
16
16.666
16.668
16.328
16.332
16.962
15.668
17
16.666
17.334
15.668
17.332
16.332
16.332
17.332
15.674
16.668
16.666
16.342
16.99
16.666
17
16.336
16.656
16.018
16.332
16.334
16.334
15.668
16.334
16.704
16
16.65
16.65
17
16.668
17.332
15.666
17
15.334
16.002
16.002
16.32
16.334
17
16.666
16.686
16
16
16
16.322
16.664
16.336
16
16.666
16
16.65
16.002
16.334
16.332
17
16.332
16.668
16.708
16.666
16.03
15.952
16.666
17
16.64
16.65
17.384
16.002
16.334
16.332
16.002
16.306
16.716
15.956
17.668
17.334
16.666
15.668
16.666
16.668
15.998
16.666
16.332
16.334
17.318
16.334
17.334
16.666
17.374
16.666
16.998
15.718
16.996
16.954
16.382
16.328
17.308
16.002
17.334
16.668
16.63
18.668
17.332
15.666
17.002
16.334
16.334
15.99
16.708
16.29
15.33
16.336
16.002
16.334
16.668
16.666
15.998
16.334
16
16.34
17.046
16.602
16.332
17.332
15.668
17
16.334
16.334
16.664
16.68
16.332
17.018
16.666
16.998
16.046
16.616
17
16.668
16.668
17
16
17
16.334
16.334
16.666
16.668
16.656
16.666
16.334
16.668
16.298
15.984
16.666
16.656
16.038
16.622
18.668
16.334
16.666
16.334
16.372
16.618
16.666
16.336
16.378
16.622
16.328
15.668
16.332
16.002
17.332
16.05
16.282
15.984
17.334
15.716
16.652
16.666
16.338
16.666
16.666
16.022
16.332
16.656
16.362
16.332
17.668
15.674
17
16.334
16.372
16
17.334
16.336
16.968
17
16.666
16.652
17.424
16.286
16.668
16.666
16.334
16.668
16.668
16.666
15.996
16.336
16.334
16.662
17
16.002
16.386
16.668
16
16.666
16.334
17.002
16.988
17.018
16.296
17
16.002
16.666
16.044
16.284
16.666
16.666
16.666
17.022
16.334
17.334
16.332
16.334
16
16.002
16
17.012
16.352
16.668
16.998
15.99
16.334
16.332
16.666
16.334
16.38
16.666
17.042
17.376
16.038
16.286
16.704
17.282
16.332
17.002
16.666
17.328
16.334
16.336
16.334
16.334
15.968
18
16.002
16.666
16.04
16.336
15.706
16.288
16.334
17.334
16.332
16.998
16
16.336
17.322
16
16.666
16.308
17.666
16.334
16.66
16.334
16.666
16.722
16.282
16.656
17
16.724
17.29
16.334
16.712
16.634
17.044
15.952
17
15.668
16.666
16
17.328
16.048
16.61
17.332
17
16.978
16.666
16
16.662
16.716
16.282
16.002
17.364
16.35
17.328
17.02
16.666
16.334
16.334
16.348
17
17
16.666
15.986
16.664
16.308
16.712
16.998
16.954
16.718
16.666
16.336
15.7
17
16.332
16.666
16.332
16.998
16
17
16.334
17.318
16.998
16.668
16.666
16.334
16.284
17
16.894
17.332
16.372
17.278
16.372
16.284
16.372
16.668
16.666
15.99
16.706
16.622
16.666
16.998
16
17.668
16.72
16.668
16.668
17.332
16.666
16.99
16.332
16.336
16.38
16.95
16.334
16.684
17.332
16.666
17
16.944
16.378
16.652
17
15.668
17
16.334
17.33
16.666
17.334
16.324
17.05
16.284
16.666
16
16.332
16.318
17.666
15.664
16.332
16.334
15.998
15.672
16.666
16
16.668
15.684
16.666
17.648
16.666
16.332
16.666
16
15.998
16.332
16.666
16.334
16.994
16.03
16.712
15.934
16.702
16
16.296
16.998
15.668
16.666
16.002
16.666
16.038
16.95
16.332
16.666
16.718
16.668
16.334
16.334
15.958
16.39
16.622
16.668
15.668
17.002
16.38
15.952
18.668
16.318
16.386
16.668
16.332
16.336
16.668
16.312
16.006
17
16.332
16.39
16.962
16.002
16.332
17.33
15.666
16.668
16.998
16.002
16.666
16.652
16.372
16.002
16.666
16.998
16.332
16.332
17
16.014
17
16.666
15.998
16
16.666
16.332
17
16.332
17
17.334
17
16.32
17.334
16.002
17
17.028
16.63
16.668
17.04
15.666
16.332
17
16.334
17.666
17
16.336
16.72
16.998
16.628
17
16.998
16.684
16.998
16.312
17
17.686
16.38
16.286
16.724
17
16.332
17
17.002
17
16.998
16.668
16.334
16.6675
17.5
15.8325
16.6625
17.0825
17.0825
16.32
17.915
16.6675
17.0825
17.515
17.5
17.5025
17.8
16.25
17.4875
16.195
17.5
17.0825
17.5
15.8325
17.085
17.0825
17.9175
16.6675
17.5
17.5
17.0775
16.605
17.55
17.4975
18.245
17.4875
17.9175
16.6675
17.5
16.2525
17.02
17.435
16.665
17.085
19.085
17.0825
17.0825
16.6675
17.5
16.6675
17.0825
16.27
18.2625
15.925
17.605
17.0975
17.02
17.0825
17.5
16.2525
17.5
17.5475
17.495
16.2525
17.96
16.225
16.765
16.6525
16.665
16.2525
18.3325
16.2525
17.5
17.08
17.5
17.5
17.915
16.2525
17.085
17.0825
17.195
16.25
17.5
15.8325
17.0825
17.91
17.5
16.25
17.9175
16.25
16.7725
17.0825
17.0375
16.6675
17.9175
15.835
17.8
17.9375
17.5
17.905
17.4975
16.6675
17.5025
16.25
17.0825
16.67
18.3325
16.25
16.6275
17.0825
17.5
16.25
17.5
16.6675
17.5
17.9225
16.71
16.67
17.8275
16.665
18.335
17.0825
18.385
16.23
17.4975
16.655
17.4975
16.6675
16.6675
16.665
17.5025
16.2525
17.085
17.5025
17.5025
16.6675
18.3325
16.665
17.4975
17.59
17.0825
16.6675
18.3325
16.34
17.085
16.6675
17.5
16.6675
18.335
17.0825
17.5
17.0825
17.0275
16.6675
18.33
16.2675
17.0375
17.5
16.3825
15.835
17.085
17.4575
17.5
17.05
18.335
15.8075
17.4875
16.35
16.665
16.665
17.02
16.6675
17.89
16.2675
17.5
16.2525
16.66
16.19
17.515
16.9925
17.1875
16.665
17.5
16.25
16.61
17.085
17.5
16.6675
17.8775
15.7775
17.5
17.9175
17.5075
17.5
17.03
16.6875
17.5025
16.25
17.48
16.25
17.0825
17.5225
17.5
17.0925
16.6675
17.0825
17.555
17.0825
17.915
16.275
17.9175
16.7575
17.0275
16.665
19.16
16.675
17.5
17.175
17.085
15.8275
18.335
16.6675
16.6675
17.1725
17.0825
16.6675
17.5
17.0275
17.0825
16.6675
17.4925
15.7925
17.5
16.25
17.5
16.25
17.0825
16.2675
17.9175
16.25
17.0825
17.4975
17.085
16.6675
17.4375
16.6675
17.9175
16.25
16.6675
16.665
17.915
16.6675
18.3325
16.665
17.0275
16.6675
17.1875
16.665
17.445
17.0825
17.9175
16.665
17.915
16.6675
17.5
18.3325
17.0375
16.6675
17.4975
16.6675
17.5
16.2525
16.665
15.835
18.335
16.6675
17.0825
16.64
18.335
16.6675
17.5
16.6675
17.085
16.2375
17.0425
16.6675
17.5
17.0825
17.9175
16.25
17.0825
17.0825
17.5
17.0825
17.0825
16.2525
17.0825
16.2525
17.5
16.665
17.0775
17.0825
18.335
16.6675
18.03
17.0825
16.665
17.0825
17.5
15.835
18.3325
16.6675
17.085
17.085
17.085
16.665
17.87
16.6675
16.6675
17.0825
16.66
16.5975
17.91
16.665
18.0075
17.0825
16.6625
16.6675
18.3325
16.25
17.0825
16.25
17.9175
16.2675
18.3325
17.065
17.0825
17.915
17.5
17.1825
17.5
17.0825
16.57
16.6825
18.7475
16.25
17.9175
16.665
17.235
17.915
17.9175
16.6675
17.5
17.0825
16.665
16.6675
17.0425
17.08
17.4975
17.0825
18.34
17.0825
17.0825
16.3425
17.5025
16.6525
17.495
17.0825
16.6275
16.6675
18.275
16.665
18.75
17.4975
18.3325
17.0825
18.335
16.6825
17.5
17.4375
17.5
16.25
18.3325
16.6675
17.0825
16.6675
16.6675
17.175
17.0825
17.0825
17.9225
17.56
17.925
17.5
17.5025
16.6675
18.015
17.085
18.2175
16.6675
17.915
17.0825
17.085
17.0825
16.6675
16.26
18.06
16.25
18.3325
17.0825
17.5
16.6675
17.915
16.2525
17.5
16.25
17.0825
17.0825
17.5025
17.0825
18.335
18.2875
17.5
16.6675
17.4875
16.6675
17.0825
17.4975
16.665
16.25
18.295
16.665
17.0825
17.0825
17.5
17.5075
17.915
16.665
17.9175
16.6675
17.5
17.0475
17.4975
17.0825
17.535
17.9175
17.5
17.515
17.5
16.2525
17.9175
17.0825
17.0825
17.4975
17.0775
16.6675
17.3975
16.665
17.5
16.2525
17.96
16.25
17.9175
16.665
17.0825
17.0825
17.5
16.25
17.0825
17.0825
17.5025
16.665
17.915
16.675
17.5
16.665
17.5
16.6675
17.5025
17.09
17.485
17.0825
17.915
16.2525
17.5
17.0625
17.085
17.0975
16.665
16.2525
17.915
16.25
17.5
17.4825
17.035
15.835
17.4875
17.0825
16.6675
17.6
16.71
17.0825
20
17.085
17.915
16.6675
17.8625
16.6675
17.5
17.08
16.665
17.085
17.5
16.19
17.4625
16.6675
17.085
16.6675
17.5
16.26
17.9175
16.25
17.32
17.0975
17.5025
16.6825
17.9175
16.655
17.0375
17.915
17.5
16.6825
17.5025
17.0825
17.915
17.62
17.085
16.6675
17.9175
16.2525
18.3325
16.6675
17.0825
16.6675
17.5025
16.6675
17.9175
16.7575
17.5
16.34
18.33
16.19
17.8025
17.08
17.1825
16.25
18.3325
16.2525
17.085
16.665
16.625
17.0825
17.5
15.835
17.5
16.2525
17.5575
17.0825
17.8525
15.8325
17.145
17.0825
16.665
17.0825
17.9175
16.2525
17.5
17.0825
17.5
17.085
17.91
16.25
17.5
16.665
17.0825
16.665
17.915
16.25
16.665
16.6675
17.915
17.0825
17.445
16.2325
17.5925
16.25
17.0825
17.0825
17.1975
16.665
16.6675
17.08
16.25
17.5
17.5
16.2525
17.085
16.61
17.0825
16.665
17.5
17.5
17.915
17.0825
17.9175
16.2475
17.085
16.25
17.5
17.1875
17.0825
17.5
17.19
17.5225
18.3325
16.6675
16.25
16.25
18.035
16.6675
17.4525
16.2525
17.0825
16.2525
17.0725
17.0275
16.6675
16.64
17.5
17.0975
17.855
16.25
16.665
16.6675
17.0825
16.23
19.2575
16.2525
17.9175
17.085
17.145
17.085
17.9175
16.34
17.5
17.0825
17.0825
17.0825
17.5
16.6825
17.5
16.665
17.5
16.2325
18.335
16.665
17.09
17.4375
17.0825
16.7575
17.4375
15.845
17.925
16.25
17.5
17.045
18.3325
17.0825
17.5
16.6125
17.085
15.835
17.5025
17.0825
17.915
17.085
18.33
16.25
25.11
26.665
27.405
28.475
27.9175
27.085
29.73
27.5
28.75
28.75
29.165
26.665
27.4975
28.3325
27.0825
27.635
27.6525
27.4975
27.5
27.9175
27.92
29.225
28.75
29.1675
28.3325
28.3325
27.9175
27.0825
27.045
27.5
27.4975
27.0475
27.9175
26.6675
29.5875
27.5
28.75
28.875
27.0825
27.915
28.32
26.25
28.335
26.64
27.085
26.225
28.7475
27.88
28.7525
28.75
28.75
28.3325
28.3325
26.39
29.1225
27.5
25.9725
27.085
27.24
27.085
27.5
27.5
26.6425
26.2475
27.0825
26.25
28.75
27.3975
27.9175
28.3325
27.9175
28.05
28.33
26.6675
27.9125
26.665
27.9175
27.0925
29.585
27.225
28.335
26.6675
29.5825
27.6425
29.585
26.665
28.33
28.2325
27.0825
27.0825
27.8675
26.2525
27.5
28.3325
27.4425
26.6475
27.9175
26.2475
28.3325
27.4975
27.5
28.335
28.7525
27.0825
26.6675
28.75
30.0025
28.335
29.22
27.4975
29.165
27.065
28.75
28.3325
28.3275
27.605
27.9175
28.75
28.6475
26.6675
27.5025
28.3325
28.8475
26.7725
29.5825
26.6675
27.8925
27.0825
29.165
27.915
27.915
28.3325
28.3325
27.915
27.0825
28.3325
28.3325
27.0825
28.335
27.5
28.7475
28.8625
29.27
27.0825
28.7475
28.75
28.3325
27.9175
28.75
27.085
28.75
27.915
27.96
28.335
27.915
27.915
30
25.835
27.4975
28.7275
27.0825
27.0825
29.165
26.665
28.75
26.7975
28.335
27.085
27.47
28.3325
28.335
27.5025
28.335
26.2525
29.1675
27.0825
27.9175
29.1675
28.7525
27.5025
27.915
26.565
28.7525
27.435
28.3325
28.3325
27.5025
28.7475
28.75
27.915
29.9975
27.0825
27.915
27.915
27.9175
27.5
27.4975
27.4975
27.085
27.915
27.655
28.3325
29.5825
27.915
28.91
26.6675
28.75
27.88
27.5
27.5
28.75
26.6775
27.455
28.75
28.335
27.4975
29.5725
25.8325
27.0725
27.4975
28.65
27.9175
27.88
28.23
27.9175
27.6425
29.585
27.6575
30.1025
27.6475
27.5
28.76
28.495
26.225
29.1675
27.9
28.2975
29.4825
28.38
29.165
28.3225
26.6675
28.76
26.6675
27.905
26.25
28.75
26.5625
28.75
27.915
27.6425
27.5
28.335
26.98
28.225
27.0825
27.9175
27.4975
28.3325
27.5
31.5225
28.4375
29.1675
27.915
29.3225
28.335
27.0825
28.3325
27.9175
26.25
27.5
27.38
29.1675
27.915
29.89
27.0825
27.5
27.64
27.915
27.5
28.7525
27.4575
27.4975
28.0575
29.585
29.1675
27.92
27.9175
27.5025
27.0825
27.9175
27.215
27.9175
27.9175
28.685
27.0675
28.335
27.915
28.75
27.5
29.5825
27.085
28.485
27.8125
27.9125
28.75
28.3325
26.665
28.7525
29.1675
28.69
28.3325
28.49
27.5
27.8225
28.315
27.9175
27.085
29.3225
27.5
28.7525
27.3975
29.1675
27.915
28.4875
29.1675
28.3325
27.0825
27.49
28.0575
27.92
27.0675
30.7625
28.7675
28.74
28.365
28.75
29.1775
27.82
30.12
30.0675
28.3325
30
26.6575
30
27.5
28.75
27.915
28.75
27.915
29.1675
27.9075
28.75
27.4975
28.75
28.75
27.5
27.4975
28.7525
26.6675
29.1225
27.4975
27.5
28.75
28.335
27.4975
29.1675
26.98
28.7525
28.75
28.49
27.085
29.4675
27.0825
28.445
28.365
27.9175
27.895
29.6225
27.9
28.335
27.0925
27.2325
27.915
27.5
28.3325
27.5
27.925
27.9175
27.0675
32.5
27.5
27.9175
28.75
28.38
27.915
28.4875
27.365
28.335
29.1675
28.175
27.9175
28.8325
27.375
27.9175
28.645
27.5025
27.5
29.165
27.9175
28.335
27.4975
27.9175
27.9175
27.915
28.365
26.63
28.75
27.9175
27.4975
27.9625
28.475
28.335
27.915
28.7475
27.5
28.7475
27.53
28.3325
28.3325
29.1675
27.0575
29.1675
28.005
27.45
28.2375
27.5025
27.5025
29.1625
27.915
27.5025
27.2225
28.7525
27.08
27.5
27.5
28.75
27.5075
28.75
27.5075
28.75
27.0825
27.645
28.3325
27.9175
28.05
27.915
26.6675
28.7525
27.5
27.5
27.9175
27.915
28.475
29.155
27.0825
28.335
28.335
27.5
27.915
27.9175
27.915
27.5
27.5
29.1675
26.665
29.1675
28.295
27.9175
27.5
30.4175
27.5
28.7525
29.1675
28.75
28.2
28.715
28.75
27.9125
28.7525
29.1625
27.5
29.1675
27.915
29.33
27.6425
28.3375
27.5025
29.165
28.1925
29.58
28.3325
27.9175
27.08
28.7475
28.3325
27.59
28.3325
27.445
27.5
28.3325
28.75
29.1675
29.1675
27.9175
27.0825
29.215
26.8
28.4275
28.3325
28.3225
27.5025
29.165
27.4825
29.9975
27.5
27.915
28.3325
27.815
27.5
27.5
28.3325
27.5
27.085
29.165
27.915
29.89
27.4975
28.335
27.4825
27.47
27.94
28.335
27.5
27.815
28.8975
29.165
26.6675
29.5825
27.4975
27.9175
27.915
29.42
28.36
28.335
28.75
27.6425
27.5025
28.75
27.0825
29.5825
28.755
28.7525
29.165
29.745
27.4975
29.1675
27.4975
27.9175
28.3325
28.49
27.9175
26.6675
27.4975
28.3325
28.3225
28.7525
27.0825
27.0825
28.3325
27.5
28.3325
29.045
26.565
29.8325
28.3325
28.3325
27.5
27.9175
27.925
27.5
28.725
28.7475
26.67
29.5825
27.0825
27.9175
29.5825
27.915
26.635
29.5825
30.0025
27.915
28.3325
27.915
27.5
28.7475
26.7725
27.6475
28.3325
27.5
28.75
29.3225
29.585
28.335
28.06
28.3325
27.085
29.155
27.4825
27.9175
28.3325
27.8075
28.3325
28.7675
27.915
28.8575
27.5
27.9175
28.75
28.75
28.335
28.75
27.4975
28.335
27.485
30.0525
27.4975
29.1675
27.885
27.9175
28.3325
28.3325
27.4775
29.165
27.4975
29.1675
27.645
27.5
27.5
29.07
28.3325
29.17
27.5
28.3325
27.08
27.6425
27.4975
28.3325
27.49
28.07
27.9175
27.9175
27.5175
29.165
27.0925
29.0575
28.3325
27.5
28.75
27.5
27.1975
28.75
27.5
27.915
28.7475
27.9175
28.295
28.75
26.8
28.3325
28.475
27.0825
27.915
29.065
27.2175
28.2875
28.64
27.9175
28.3325
27.915
26.6675
27.0425
27.4875
27.0875
27.0825
29.99
26.6675
28.275
28.335
27.085
27.1875
29.5825
28.3575
28.7225
29.585
27.9175
27.485
29.585
27.8075
27.0825
28.7525
27.5
27.5
28.335
26.25
27.495
27.64
29.1675
28.19
28.7525
27.915
28.75
27.5
28.6475
27.5
29.1675
27.47
28.345
29.165
27.0825
27.9125
28.3325
27.0825
29.575
28.0575
27.9175
25.8325
28.72
28.3325
27.9175
28.75
27.5
27.4975
29.1625
27.0825
28.8975
27.5
27.5
28.335
29.5825
27.1
29.615
28.3325
27.9075
27.915
28.75
27.915
30
27.085
28.3325
27.39
28.3325
27.0825
29.5925
27.5
28.7475
27.47
28.335
27.4975
27.9175
28.335
28.75
27.085
29.1675
27.0825
28.75
28.335
27.5
27.5025
28.75
27.94
28.75
29.1675
27.5
27.5
29.5825
27.4975
28.7525
27.4975
27.4975
27.4975
28.3325
28.75
28.01
27.5
26.6575
28.0475
29.07
27.0675
28.71
28.6
29.1675
28.75
28.49
27.9175
27.455
27.5025
28.7475
26.6425
28.365
27.9175
28.335
29.1675
27.4975
27.055
29.165
27.08
27.4975
27.5
28.3325
27.0825
28.75
27.5
27.0825
27.5
29.1625
27.065
30.12
28.3575
28.345
28.3325
28.75
26.25
29.1675
27.5
27.9275
28.3325
28.335
27.9175
28.33
26.67
27.9175
27.4175
28.3325
26.665
29.74
27.0825
27.8875
27.2175
28.7475
27.9175
29.9975
28.79
28.3325
28.75
27.5025
27.915
28.7475
26.6675
29.17
31.7125
28.335
28.75
27.5
27.085
28.75
27.5
28.3325
28.75
28.4875
27.9075
28.75
27.5
28.3325
27.4825
28.7475
28.3325
27.5
27.0825
26.6675
27.8125
29.1275
29.165
28.3325
29.635
29.165
27.0825
28.705
27.9175
27.5
27.9
28.75
26.6675
28.75
25.4175
27.5
28.3325
27.9175
28.4725
28.3325
27.48
29.17
29.1675
27.5
26.6675
27.9175
27.0825
28.75
29.1675
29.165
27.9175
27.915
27.4975
28.7525
27.4975
30.4175
26.675
29.9975
27.5
27.9175
29.3475
28.29
29.1675
28.335
28.0575
28.235
26.6675
28.745
28.4675
28.3325
26.635
28.905
27.5075
27.085
28.3325
27.915
27.0825
28.7475
27.0825
27.5
28.335
27.915
27.5975
29.165
26.9875
27.5
28.345
28.7475
27.895
28.3375
27.5
27.6475
27.5
28.3325
27.085
29.1675
27.0925
27.5
27.1
28.75
27.0575
27.1425
28.3325
27.5
26.6675
30.8325
27.0725
29.1675
28.3175
27.0825
27.9175
28.33
25.835
28.7525
26.25
27.44
27.5
28.75
27.085
28.335
28.2325
27.6475
26.2475
28.75
27.085
27.815
28.335
27.49
28.3325
27.9175
28.3325
27.9175
28.3325
27.5
26.2525
29.5825
27.0825
29.2725
28.75
27.5
27.4575
28.4925
27.9175
28.7475
30
28.335
28.75
21.245
18.3325
17.5
17.5
17.9175
16.25
18.4375
16.6675
16.66
16.25
17.5
17.5
17.5
15.835
17.0825
16.7725
16.665
16.6525
17.5
16.25
17.5
16.6675
18.335
16.665
17.5
17.0825
17.0825
16.6675
17.0825
16.6675
18.3325
16.2525
17.9525
17.4975
17.0825
17.0825
17.915
16.2525
17.55
17.0825
17.0825
15.84
17.9025
17.0825
17.975
17.0825
17.0825
17.0825
17.085
16.25
17.9175
16.5775
17.035
17.09
17.085
16.6675
17.92
17.0275
17.8075
16.6675
17.5025
16.665
17.0825
16.6675
17.9175
15.835
17.9025
17.065
17.085
16.6675
17.0825
16.6875
17.9725
17.0825
18.39
16.5775
17.0825
16.6875
17.3925
17.085
16.6675
16.6675
17.5
17.5
18.33
17.085
18.3225
17.0825
17.135
16.68
17.5
16.6675
17.5
17.0825
17.9175
16.665
17.5
17.0825
17.9725
17.0825
17.9175
16.2525
17.915
16.665
17.1825
16.25
18.335
16.9925
18.335
15.835
17.5
16.665
17.5
16.665
17.5
17.0825
17.915
17.0825
17.9175
16.26
17.0825
17.0825
17.0825
17.4975
17.0825
16.25
18.3325
16.2525
17.9525
17.0825
17.98
17.085
17.915
16.2525
17.9175
16.665
17.0825
16.25
18.3325
17.0825
17.9175
17.5
17.9175
15.835
17.085
16.6675
17.0825
16.665
17.5
16.2675
17.91
19.5825
17.14
17.915
17.915
15.835
17.085
17.0825
17.0825
16.25
17.9125
16.2525
17.9175
17.5
17.0825
18.7475
17.5
16.2525
17.9175
16.23
17.0825
17.0825
16.665
17.085
17.085
16.6825
18.3325
16.665
17.915
17.0825
17.96
16.6675
16.665
16.605
17.0275
17.08
17.0825
15.835
17.5
17.0825
16.665
17.0825
17.5
17.0825
17.5
17.0275
17.9175
16.2525
17.915
16.6675
17.0825
17.1825
16.665
16.25
17.5
15.8325
17.0825
16.25
17.9175
16.2525
18.01
17.105
16.25
17.085
16.665
16.69
17.0825
16.755
17.0825
16.6675
17.5
16.6975
17.9175
16.6675
16.665
16.6675
17.5
16.6675
18.34
16.25
17.0825
17.4975
16.6675
16.6675
17.915
16.6675
17.5
16.6675
17.5
16.2525
17.945
16.1825
16.6675
17.065
17.5
16.2525
20.835
16.6675
17.085
16.6675
17.5025
16.6825
17.98
16.665
16.6675
17.0825
17.0825
16.6975
17.9175
16.6675
17.0825
16.665
17.1875
16.2525
17.0825
16.25
17.5
16.265
17.5
16.2525
17.9175
16.2525
17.9175
16.34
17.5
16.6675
17.5
16.64
17.0775
16.6375
17.9175
16.25
17.5025
16.6675
18.3325
17.0825
17.4975
17.5
17.925
16.705
17.5075
17.0825
17.8825
16.25
17.9175
17.0825
17.0825
17.0825
17.015
16.6675
17.445
16.25
17.9175
18.3325
17.5
16.2525
18.335
16.6675
17.9175
16.26
17.4975
16.6675
17.085
16.6675
17.0825
16.655
17.5875
16.26
17.9175
16.605
17.5025
17.915
17.5
17.0775
17.915
16.2525
17.915
16.6825
17.6125
16.2525
17.9175
16.28
18.335
16.25
17.0825
16.23
17.0375
16.67
17.4625
16.25
17.6125
16.665
17.085
16.9925
18.3325
17.075
17.9175
16.68
17.9175
16.6475
17.0825
17.0825
17.0825
15.835
17.9925
16.6675
17.0825
16.25
17.5
15.8325
17.9175
16.6675
17.0825
16.25
17.5
16.2525
17.5
