3.30416e+07
5.98016e+06
9011.2
0
0
1.40329e+06
0
1.1436e+06
0
0
0
18841.6
0
1.96026e+07
3.39198e+07
3.72804e+08
7.56105e+07
4.60669e+07
2.93683e+06
27033.6
0
0
3276.8
0
0
0
3276.8
1.50815e+06
1.15016e+06
0
0
0
0
0
0
0
0
0
0
0
0
1.99901e+07
4.66223e+07
4.35469e+08
3.64569e+07
2.17989e+06
0
0
0
0
0
0
0
0
0
0
0
0
0
0
0
0
0
0
0
0
0
0
0
0
0
0
0
0
0
0
0
0
0
0
0
0
0
0
0
0
0
0
0
0
0
0
0
0
0
0
0
0
0
0
0
0
0
0
0
0
0
0
0
0
0
0
0
0
0
0
1.28287e+06
4.98434e+07
4.48507e+08
3.59948e+07
2.71483e+06
0
0
0
0
0
0
0
0
0
0
0
0
0
0
0
0
0
0
0
0
0
0
0
0
0
0
0
0
0
0
0
0
0
0
0
0
0
0
0
0
0
0
0
0
0
0
0
0
0
0
0
0
0
0
0
0
0
0
0
0
0
0
0
0
0
0
0
0
0
0
0
0
0
0
0
0
0
0
0
0
0
0
0
0
0
0
0
0
0
0
0
0
0
0
0
0
0
0
0
0
0
0
0
0
0
0
0
0
0
0
0
0
0
0
0
0
0
0
0
0
0
0
0
0
0
0
0
0
0
0
0
3.6769e+07
3.69698e+08
9.74299e+07
3.57646e+07
26214.4
0
0
0
0
0
0
0
0
0
0
0
0
0
0
0
0
0
0
0
0
0
0
0
0
0
0
0
0
0
0
0
0
0
0
0
0
0
0
0
0
0
0
0
0
0
0
0
0
0
0
0
0
0
0
0
0
0
0
2.00499e+07
1.93439e+08
2.85601e+08
3.87326e+07
65536
0
0
0
0
0
0
0
1.99811e+07
5.11099e+07
4.28333e+08
3.64642e+07
2.2487e+06
0
0
0
0
0
0
0
0
0
0
0
0
0
2.06676e+07
1.94924e+08
2.86926e+08
3.67911e+07
2.02588e+06
0
0
0
0
0
0
0
0
0
0
0
0
0
0
0
0
0
0
0
0
0
0
0
0
0
0
0
0
0
0
0
0
0
0
0
0
0
0
0
0
0
0
0
0
0
0
0
0
0
0
0
0
0
0
0
0
0
0
3.62783e+07
3.62708e+08
1.0399e+08
3.54877e+07
27033.6
0
0
0
0
0
0
0
0
0
0
0
0
0
0
0
0
0
0
0
0
0
0
0
0
0
0
0
0
0
0
0
0
0
0
0
0
0
0
0
0
0
0
0
0
0
0
0
0
0
0
0
0
0
0
0
0
0
0
0
0
0
0
0
0
0
0
0
0
0
0
0
0
0
0
0
0
0
0
0
0
0
0
0
0
0
0
0
0
0
0
0
0
0
0
0
0
0
0
0
0
0
0
0
0
0
0
0
0
0
0
0
0
0
0
0
0
0
0
0
0
0
0
0
0
0
0
0
0
0
0
0
0
0
0
0
0
0
0
0
0
0
0
0
0
0
0
0
0
0
0
0
0
0
0
0
0
0
0
0
0
0
0
0
0
0
0
0
0
0
0
0
0
0
0
0
0
0
0
0
0
0
0
0
0
0
0
0
0
0
0
0
0
0
0
0
0
0
0
0
0
0
0
0
0
0
0
0
0
0
0
0
0
0
0
0
0
0
0
0
0
0
0
0
0
0
0
0
0
0
0
0
0
0
0
0
0
0
0
0
0
0
0
0
0
0
0
0
0
0
0
0
0
0
0
0
0
0
0
0
0
0
0
2.00999e+07
4.65166e+07
4.34555e+08
3.64077e+07
2.53133e+06
0
0
0
0
0
0
0
0
0
0
0
0
0
0
0
0
0
0
0
0
0
0
0
0
0
0
0
0
0
0
0
0
0
0
0
0
0
0
0
0
0
0
0
2.49774e+06
1.90874e+06
0
0
0
0
0
0
0
0
0
0
0
0
0
0
0
0
0
0
0
0
0
0
0
0
0
0
0
0
0
3276.8
0
0
0
0
0
0
0
19660.8
14745.6
0
0
0
0
0
0
0
0
0
0
0
0
0
0
0
0
0
0
0
0
0
0
0
0
0
0
0
0
0
0
0
0
0
0
0
0
0
0
0
0
0
0
0
0
0
0
0
0
0
0
0
3.66092e+07
3.75469e+08
1.19416e+08
6.93944e+06
27033.6
0
0
0
0
0
0
0
0
0
0
0
0
0
0
0
0
0
0
0
1.9705e+07
4.59465e+07
4.33784e+08
3.61005e+07
2.27738e+06
0
0
0
0
0
0
0
0
0
0
0
1.14541e+07
3.96018e+07
4.47604e+08
3.5781e+07
2.65175e+06
0
0
0
0
0
0
0
0
0
0
0
0
0
0
0
0
0
0
0
0
0
0
0
0
0
0
0
0
0
0
0
0
0
0
0
0
0
0
0
0
101581
3276.8
1.19112e+06
0
3276.8
0
0
0
0
0
0
0
0
0
0
0
0
0
0
0
0
0
0
0
0
0
0
0
0
0
0
0
0
0
0
0
0
0
0
0
0
0
0
0
0
0
0
0
0
0
0
0
0
0
0
0
0
0
0
0
0
0
0
0
0
0
0
0
0
0
0
0
0
0
0
0
0
0
0
0
0
0
0
0
0
0
0
0
0
0
0
0
0
22118.4
66355.2
0
0
0
0
0
0
0
0
0
0
0
0
0
0
0
19660.8
80281.6
0
0
0
0
0
0
0
0
27033.6
0
0
0
0
0
0
0
0
0
0
0
0
0
0
0
0
0
0
0
0
0
0
0
0
0
0
0
0
0
0
0
0
0
0
0
0
0
0
0
0
0
0
0
0
0
0
0
0
0
0
0
0
0
0
0
0
0
0
0
0
0
0
0
0
0
0
0
0
0
0
0
0
0
0
0
0
0
0
0
0
0
0
0
0
0
0
0
0
0
0
0
0
0
0
0
0
0
0
0
0
0
0
0
0
0
0
0
0
2.06529e+07
1.19384e+08
3.62245e+08
3.65584e+07
2.38633e+06
0
0
0
0
0
0
0
0
0
0
0
0
2457.6
1.01776e+08
0
0
0
0
1.7594e+07
3.52657e+07
4.48469e+08
3.62144e+07
2.72957e+06
0
0
0
0
0
0
0
0
0
0
0
0
0
0
0
0
0
2.00557e+07
5.10165e+07
4.28189e+08
3.64691e+07
2.38141e+06
1.54829e+06
1.99803e+07
5.11017e+07
4.28191e+08
3.64773e+07
2.41828e+06
0
3.62226e+07
3.67618e+08
9.85006e+07
3.62775e+07
37683.2
1.97001e+07
3.79978e+07
4.49375e+08
3.59342e+07
3.0335e+06
19660.8
0
0
0
0
0
0
0
0
0
0
0
0
0
0
0
0
0
0
0
0
0
4.14917e+07
1.07436e+08
2.19154e+08
5.9173e+08
0
9.63682e+07
2.8844e+06
17203.2
0
0
6.13581e+06
1.06832e+08
2.83841e+08
5.25151e+08
0
9.63731e+07
2.91963e+06
20480
0
0
0
5.47439e+07
7.55163e+07
4.62646e+08
3.27452e+08
0
9.67197e+07
2.6796e+06
0
0
0
0
5.80985e+07
7.63281e+07
6.73993e+08
1.12273e+08
8.44374e+07
1.49578e+07
68812.8
0
0
0
0
0
0
0
0
0
0
0
0
0
0
0
0
0
0
0
0
0
0
0
0
0
0
0
0
0
0
0
0
0
0
0
0
0
0
0
0
0
0
0
0
0
0
0
0
0
0
0
0
0
0
0
0
0
0
0
0
0
12288
37683.2
18022.4
33587.2
33587.2
45056
36864
2.1889e+06
2.18972e+06
10649.6
0
0
0
0
0
0
15564.8
43417.6
72908.8
0
917504
1.26976e+06
0
1.62447e+06
2.37486e+06
603750
1.9243e+06
0
0
0
0
0
0
0
0
0
0
0
0
0
0
0
0
0
0
0
0
0
0
0
0
0
0
0
0
0
0
0
0
0
0
0
0
0
0
0
0
0
0
0
0
0
0
0
0
0
0
0
0
0
0
0
0
2.01851e+06
1.10362e+08
2.83214e+08
5.24449e+08
0
9.67311e+07
3.07937e+06
22937.6
0
0
0
0
0
0
0
0
0
0
0
0
0
0
0
0
0
0
0
0
0
0
0
0
0
0
0
0
0
0
0
0
0
0
0
0
0
0
0
0
0
0
0
1.07319e+08
4.73793e+07
7.67613e+08
953549
9.31004e+07
7.03283e+06
27033.6
0
0
0
5.66067e+07
7.45103e+07
6.55983e+08
1.34471e+08
6.66599e+07
9.30103e+07
2.59432e+07
2.90324e+06
25395.2
0
0
898662
1.06727e+08
2.1674e+08
6.5197e+08
4.51076e+07
1.30679e+07
9011.2
9.73677e+07
2.99336e+06
0
0
0
0
0
0
0
0
0
0
0
0
0
0
0
0
0
0
0
0
0
0
0
0
0
0
0
0
0
0
0
0
0
0
0
0
0
0
0
0
0
0
0
0
0
0
0
0
0
0
0
0
0
0
0
0
0
0
0
0
0
0
0
0
0
0
0
0
0
0
0
0
0
0
0
0
5.97746e+07
8.9156e+07
6.68726e+08
1.0469e+08
8.8517e+07
8.36485e+06
2.782e+06
0
0
0
0
0
0
0
0
0
0
0
0
17203.2
0
0
0
0
0
0
0
0
0
0
0
0
267878
9011.2
0
126976
68812.8
107315
288358
1.94724e+06
2.14057e+06
2.17334e+06
0
15564.8
68812.8
2.18481e+06
0
0
0
0
0
0
0
0
0
0
0
0
0
0
3276.8
2.2356e+06
2.28803e+06
44236.8
93388.8
1.06308e+07
1.07209e+07
1.681e+06
1.05923e+06
2.193e+06
18022.4
105677
2.15532e+06
2.17661e+06
2.17498e+06
31948.8
0
0
0
0
0
1.34103e+06
789709
2.09551e+06
1.78012e+06
345702
5.9528e+07
7.23698e+07
2.09405e+08
3.23628e+08
2.17989e+06
1.45736e+06
7.92003e+06
1.044e+08
4.05864e+07
1.27318e+08
4.15432e+08
0
57344
1.56388e+08
7.23771e+08
5.17325e+06
0
0
0
823296
1.0799e+08
4.32161e+07
8.63964e+08
1.2831e+08
0
1.25814e+08
3.63315e+06
26214.4
0
0
0
0
0
0
0
0
0
0
23756.8
0
0
0
0
0
0
7.21879e+06
1.07039e+08
4.4109e+07
31948.8
0
933888
1.08395e+08
4.77118e+07
5.56941e+08
1.03476e+08
0
1.21145e+08
3.10477e+06
26214.4
4915.2
0
0
0
0
0
0
0
7.88972e+06
1.06255e+08
4.43711e+07
6.17735e+08
4.12008e+07
0
1.2107e+08
3.10968e+06
1.17883e+06
0
0
0
0
0
0
0
1.41312e+06
0
0
3.87072e+06
1.10296e+08
4.34627e+07
5.90533e+08
6.95181e+07
0
1.21093e+08
3.09985e+06
18841.6
0
8.95795e+06
1.05669e+08
4.64323e+07
6.57372e+08
1.63922e+06
1.03793e+06
1.22696e+08
3.32841e+06
789709
365363
0
0
0
0
0
0
0
0
3276.8
0
0
0
942080
1.08443e+08
4.31768e+07
5.45034e+08
1.20485e+08
0
1.20776e+08
3.5242e+06
26214.4
1.19112e+06
3276.8
0
0
0
0
0
0
0
0
6.32758e+07
6.97262e+07
1.56096e+08
5.28632e+08
0
1.158e+08
5.53533e+06
2.9868e+06
0
0
0
0
0
0
0
0
0
0
0
1.07201e+08
2.99418e+07
3.40659e+08
3.39663e+08
0
1.1751e+08
6.81329e+06
36864
0
0
0
0
0
0
0
0
0
0
0
0
22118.4
0
0
0
0
0
0
0
0
0
0
0
0
0
0
0
6.03398e+07
7.25107e+07
3.47333e+08
3.36647e+08
0
1.16996e+08
7.28678e+06
90112
0
0
0
0
0
0
0
0
0
0
0
0
0
58982.4
11468.8
0
0
0
0
0
0
0
0
0
0
0
0
0
0
0
0
0
0
0
0
0
0
0
0
0
0
0
0
0
0
0
0
68812.8
35225.6
2.25034e+06
2.16433e+06
60620.8
3.71098e+06
47513.6
36864
8.69179e+07
21299.2
0
1.75219e+07
482509
5.66002e+07
7.66894e+07
2.74964e+07
6.5844e+08
0
1.1252e+08
8.6786e+06
3.26124e+06
2.20774e+06
1.03055e+06
3.28253e+06
2.13893e+06
0
2.12091e+06
0
0
0
0
2.14303e+06
108954
2.04718e+06
0
307200
0
13107.2
2.1291e+06
1.52666e+07
1.03057e+08
4.73219e+07
2.90999e+08
3.74614e+08
430080
272794
1.23104e+08
18022.4
0
0
0
0
0
0
0
0
7.87825e+06
1.07195e+08
4.43286e+07
6.36591e+08
2.23035e+07
0
1.2112e+08
0
0
0
0
0
3276.8
0
0
0
0
0
0
18022.4
0
0
0
0
0
3276.8
0
0
0
0
0
0
0
0
0
31129.6
0
0
0
9830.4
31129.6
27852.8
22937.6
2.8213e+08
5.6183e+08
5.46669e+08
2.83793e+08
14745.6
0
3.42781e+08
6.82892e+08
6.63439e+08
5.75128e+08
6.20649e+08
6.25776e+08
6.33349e+08
6.333e+08
5.84634e+08
6.83276e+08
4.00653e+08
3.65531e+08
0
0
0
0
0
0
0
0
0
0
0
0
0
0
0
3.39893e+08
1.28287e+06
7.85777e+06
1.06861e+08
4.34799e+07
5.79202e+08
8.0189e+07
0
1.2153e+08
460390
0
45056
93388.8
99123.2
74547.2
51609.6
0
0
0
0
4915.2
0
0
0
0
3.54714e+06
1.10973e+08
4.39886e+07
5.67269e+08
9.45971e+07
1.04612e+06
1.21753e+08
584909
0
0
0
0
0
0
0
0
0
0
0
0
1.84975e+06
1.07536e+08
4.777e+07
5.287e+08
1.3178e+08
0
1.19969e+08
1.87761e+06
0
0
0
0
0
0
0
0
0
0
0
6.24771e+07
7.05085e+07
2.88204e+08
3.9601e+08
0
1.17506e+08
4.34913e+06
0
0
0
0
0
0
0
0
0
0
0
0
0
0
0
0
0
0
0
0
0
0
0
0
0
0
0
0
0
0
0
0
0
0
0
0
0
0
0
0
0
0
0
0
0
0
0
0
0
0
0
0
0
0
0
0
0
0
0
0
0
0
0
0
0
0
0
0
0
0
0
0
0
0
0
0
0
0
0
0
0
0
0
0
0
0
0
0
0
0
0
0
0
0
0
0
0
0
0
0
0
0
0
0
0
0
0
0
0
0
0
0
0
0
0
0
0
0
0
0
0
0
0
0
0
0
0
0
0
0
0
0
0
0
0
0
0
0
0
0
0
0
0
0
0
0
0
0
0
0
0
0
0
0
0
0
0
0
0
0
0
0
0
0
0
0
0
0
0
0
0
0
0
0
0
0
0
0
0
0
0
0
0
0
0
0
0
0
0
0
0
0
0
0
0
0
0
0
0
0
0
0
0
0
0
0
0
0
0
0
0
0
0
0
0
0
0
0
0
0
0
0
0
0
0
0
0
0
0
0
0
0
0
0
0
0
0
0
0
0
0
0
0
0
0
0
0
0
0
0
0
0
0
0
0
0
0
0
0
0
0
0
0
0
0
0
0
0
0
0
0
0
0
0
0
0
0
0
0
0
0
0
0
0
0
0
0
0
0
0
0
0
0
0
0
0
0
0
0
0
0
0
0
0
0
0
0
0
0
0
0
0
0
0
0
0
0
0
0
0
0
0
0
0
0
0
0
0
0
0
0
0
0
0
0
0
0
0
0
0
0
0
0
0
0
0
0
0
0
0
0
0
0
0
0
0
0
0
0
0
0
0
0
0
0
0
0
0
0
0
0
0
0
0
0
0
0
0
0
0
0
0
0
0
0
0
0
0
0
0
0
0
0
0
0
0
0
0
0
0
0
0
0
0
0
0
0
0
0
0
0
0
0
0
0
0
0
0
0
0
0
0
0
0
0
0
0
0
0
0
0
0
0
0
0
0
0
0
0
0
0
0
0
0
0
0
0
0
0
0
0
0
0
0
0
0
0
0
0
0
0
0
0
0
0
0
0
0
0
0
0
0
0
0
0
0
0
0
0
0
0
0
0
0
0
0
0
0
0
0
0
0
0
10649.6
1.37462e+06
0
0
0
0
0
11468.8
1.17965e+06
0
1.17309e+06
0
8.90716e+06
1.06147e+08
4.69688e+07
6.57946e+08
1.4762e+06
0
1.221e+08
22937.6
0
0
0
0
1.19357e+06
0
0
0
0
0
1.07747e+08
2.93675e+07
5.47312e+08
1.32561e+08
0
1.19392e+08
2.60751e+06
0
0
0
0
0
0
0
0
0
0
0
0
0
0
0
1.17064e+06
0
1.18538e+06
6553.6
0
0
2.36503e+06
1.68428e+06
0
0
0
0
0
254771
651264
0
0
0
0
0
0
0
0
0
0
0
0
6553.6
0
0
0
0
0
0
0
0
0
0
0
0
0
0
0
0
0
0
0
0
0
0
0
0
0
0
0
0
0
0
0
0
0
0
0
0
0
0
0
0
0
2.18071e+06
3276.8
0
121242
2.01359e+06
2.12419e+06
14745.6
214630
1.91447e+06
2.11517e+06
3276.8
0
2.12419e+06
2.125e+06
0
2.10125e+06
2.1119e+06
509542
1.62529e+06
0
2.11108e+06
17203.2
0
0
0
0
0
0
0
0
0
2.99581e+06
0
0
0
0
0
0
0
0
0
0
0
0
0
0
0
0
0
0
0
2.1504e+06
3276.8
0
0
0
0
2.14794e+06
0
0
0
0
0
2.16269e+06
0
0
1.59252e+06
571802
2.15941e+06
0
0
0
0
0
0
0
0
0
0
0
0
0
0
0
0
0
0
1.77439e+06
372736
0
0
526746
1.64332e+06
0
0
0
0
0
0
0
0
0
0
0
0
0
1.81289e+06
362086
0
0
0
2.16105e+06
0
0
0
2.11845e+06
17203.2
0
0
0
0
0
0
0
0
0
0
0
0
0
0
0
0
0
0
0
0
0
0
0
0
0
0
0
2.55017e+06
4.17374e+07
1.64987e+06
7.26712e+07
0
0
0
0
0
1.16572e+06
5.90184e+07
7.39164e+07
1.72259e+08
5.12123e+08
1.21078e+06
1.11495e+08
1.22651e+07
0
0
0
0
0
0
0
0
0
0
0
0
0
0
0
0
0
0
0
0
0
0
0
0
0
0
0
0
0
0
0
7372.8
819.2
0
0
0
0
0
0
0
0
0
0
0
0
0
0
0
0
0
13107.2
2457.6
392397
0
0
0
0
0
1.50405e+06
0
0
0
0
0
0
0
0
0
0
0
0
0
0
0
0
0
0
0
0
0
0
0
0
0
0
0
0
0
0
0
0
0
0
0
0
0
0
0
0
0
0
0
0
0
0
0
0
0
0
0
0
0
0
0
0
0
0
0
1.20832e+06
0
0
0
0
0
0
0
0
0
0
2457.6
819.2
0
0
0
0
5.98884e+07
7.39992e+07
2.07516e+08
4.79624e+08
0
1.15843e+08
6.61094e+06
0
0
0
0
0
0
0
0
0
0
2.32735e+06
25395.2
3276.8
0
0
1.82436e+06
611123
0
0
5.63233e+07
459571
0
0
0
0
0
0
0
0
0
0
0
0
0
0
0
0
0
0
0
0
0
0
0
0
0
0
0
0
0
5.6066e+07
7.69278e+07
9.67737e+07
5.87516e+08
36864
1.11552e+08
1.07823e+07
2.2913e+06
819.2
0
0
0
0
0
0
0
0
0
0
0
0
0
0
0
0
0
0
0
0
0
0
0
0
0
0
0
0
0
2.26755e+06
17203.2
0
0
0
0
0
0
0
0
0
0
0
0
0
13926.4
0
0
0
0
0
0
0
0
0
0
2.25116e+06
9011.2
0
0
0
0
0
0
0
1.17555e+06
0
0
0
0
0
0
2.27246e+06
3276.8
0
0
784794
8.26163e+06
3.38584e+07
1.06675e+08
4.37903e+07
5.3519e+08
1.31086e+08
0
1.20862e+08
1.61055e+06
0
0
6.13769e+07
7.81574e+07
2.58859e+07
6.58345e+08
103219
0
1.22534e+08
42598.4
0
0
0
0
0
0
0
0
365363
2.01196e+06
0
0
0
0
0
0
0
0
0
0
0
840499
2.96141e+06
0
3276.8
0
0
0
0
611123
0
0
0
0
0
0
0
0
0
0
0
0
0
1.41066e+06
0
13926.4
2.28229e+06
1.07172e+08
4.77372e+07
5.73635e+08
8.63936e+07
0
1.21614e+08
1.29352e+06
0
0
0
0
0
0
0
0
7.28023e+06
1.0693e+08
1.44458e+07
0
0
0
0
0
0
0
0
0
0
0
0
0
0
0
0
0
1.08741e+08
4.32054e+07
5.44864e+08
1.202e+08
0
1.20816e+08
1.66461e+06
0
0
0
0
0
0
0
949453
1.08462e+08
4.29089e+07
5.51724e+08
1.13027e+08
0
1.2092e+08
1.68509e+06
0
0
0
0
6.36248e+07
6.94411e+07
4.17223e+08
2.66528e+08
0
1.19294e+08
3.38985e+06
0
0
0
0
0
0
0
0
0
0
1.19545e+08
2.3552e+06
1.43852e+06
0
0
0
9.93108e+07
7.66878e+07
5.68345e+07
13107.2
