8.72
11.94
5.5
7.39
17.28
12.06
7.5
6.22
7.17
7.94
13.61
10.56
7.22
12.67
10.72
11.83
10.11
8.33
16.72
10.44
11.39
8.5
8.22
10.44
9.67
7.56
6.17
10.39
7.67
9.39
12.17
15.5
5.06
6.06
6.17
6.44
9.5
13.39
8.89
9.44
8
11.11
10.28
6.5
6.72
14.28
1.17
8.44
12.33
12.06
12.28
8.06
9.44
12.28
6.72
9.33
12.17
8.83
6.72
11.33
3.89
8.56
16.06
8.83
6.78
10.33
13.89
9.72
4.17
4
6.22
8.33
9.28
10.28
4.39
6.06
5.06
13.94
9.17
5.72
5.5
4.5
5.67
11.11
8.44
11.17
5.72
7.67
5
5.94
4.83
4.83
7.39
5.72
4.56
2.17
7.11
4.17
4.44
1.67
4.06
4.06
6.33
6.06
2.44
5.61
3.44
8.72
3.22
2
4.67
6.94
4.11
5.06
8.67
6.89
5.11
1.44
4.33
1.94
0.83
0.78
2.61
4.44
0.67
0.94
3.11
3.78
2.89
4.61
3.44
3.67
1.22
4.06
0.89
3.5
1.06
3.72
3
3.78
2.94
3.06
2.17
7.28
7.11
5.61
4.61
6.39
10.06
11.78
7.06
5.11
7.11
10.28
7.89
11.61
9.44
7.61
3.22
7.33
13.67
10.17
10.17
13.17
11.5
11.11
6.17
7.17
13.78
9.17
7.83
9.67
10.72
13.17
9.22
8
9.67
3.67
7
7.06
12.06
8.78
11.33
13.89
6
7.11
5.17
9
11.11
6.94
9.72
6
9.06
7.39
6
9.89
4.78
10.56
8.33
15.28
11.5
6.94
6.11
6.22
7.28
7.44
10.94
5.39
7.33
9.11
8.78
2.22
3.22
6.56
6.72
2.33
10.72
4.67
9.44
6.28
6.5
5
10.06
9.5
9
6.22
7
15
7.28
5.17
4.17
10.78
14.33
4.17
8.28
5.56
10.72
5.06
3.33
3.78
6.22
7.83
11.83
6
6.83
5.89
9.67
8.11
7.78
5.06
10.83
6.39
4.83
2.61
2.44
3.39
3.56
4.56
6.67
1.78
8.61
2
10.89
3.83
6.5
3.78
3.83
5.11
3.56
2.28
5.22
4.22
1.72
2.89
7
2.94
6.67
3
1.11
4.83
3.56
10.06
5.11
9.94
3.56
5.5
6.61
6.78
11.11
7.56
15
8.72
11.56
10.39
14.11
8.39
9.11
2.5
9.17
7.11
12.83
5.94
6.67
5
8.67
8.94
10.44
10.5
12.28
15.22
7.17
8.11
11.56
4.83
12.28
10.67
9.94
10.22
8.28
4.28
6.06
9.22
9.5
10.89
8.17
9.5
6.33
8.11
6.5
6.17
13.06
9.33
10.72
9.56
6.83
9.56
6.33
7.28
7.22
6.72
11.28
11.78
5.56
5.06
6.56
5.22
6.67
4
4.56
10.94
12.44
6.33
8.89
13.56
6.94
9.17
6.28
5.72
4.67
5.11
3.56
9.5
2.83
5.89
2.72
1.56
4.61
3.44
6.06
4.22
7.06
3
5.06
6.28
1.89
2.67
2.33
4.5
4.17
1.78
1.67
2.89
2.61
4.44
0.83
2.72
3.06
1.94
0.61
0.83
3.56
2.44
6.83
15.11
6.61
12.06
7.33
5.83
12.06
8.44
5.94
8.17
7.61
8.83
6.22
5.17
10.78
10.89
7.89
6.78
4.83
8.5
9.11
10.56
3.89
16.94
10.89
6.28
10.5
6.56
10.67
13.06
10.06
10.5
6.17
6.89
9.33
3.94
11
11.67
6.22
11
8.11
8.33
9.06
3.67
6.44
7.28
5.39
7.72
5
1.5
10.78
5.5
4.06
11.06
2.56
7.78
11.28
5.28
11.11
7.28
10.44
5.06
9.28
8.39
9.5
5.11
8.67
7.22
6.67
6.22
7
11.22
6.89
9.06
6.61
12.89
6.94
11.94
12.17
8.72
12.11
10.39
5.11
5.33
8.72
10.67
6.17
4.06
7.28
3.22
7.94
4.44
5.83
4.83
6.39
10.33
4.56
3.06
6.06
3.28
1.67
5.56
1.33
2.56
6.5
0.89
13.17
4.83
3.94
3.78
2.44
6
6.89
2.33
4.17
0.56
12.89
5.22
3.33
0.78
2.56
0.94
2.17
2.06
3.44
5.06
0.67
0.67
3.06
2.61
3.06
2.11
1.61
0.94
0.72
5.11
0.78
0.72
2.67
1.06
6.06
2.56
8.94
5.61
11.89
14.67
12.94
12.83
14.22
13
8.11
17.78
14.11
11.22
10.67
6.83
14.39
6.83
15.94
10.22
14.78
10.33
3.67
6.83
6.5
3.44
3.22
11.28
7.28
7.44
8.5
9.28
9.78
9.61
7.61
11.11
8.83
10.94
9.78
8.44
7
10.94
12.94
6.78
10.61
11.28
10.61
7.17
12.5
8.5
9.06
9.5
11.11
3.28
5.94
12.06
7.06
9.83
8.17
4.5
8.11
10.78
8.61
8.67
9
14.72
6.17
3.5
10.17
11.67
8.67
13.44
8.89
9.83
8.94
4.17
8.67
4
9.78
9.61
9.83
5.56
9.94
12.89
6.33
4.72
9.06
11.56
10
4.61
6.67
17.22
11.44
8.56
9.17
6.72
9.78
9.28
9.28
11.72
10.33
8.89
10.78
7.61
10.28
6.61
3.78
10.78
2.83
5.28
8.44
6.5
7.44
13.44
6.39
7.28
7.17
4.78
3
3.89
3.06
3.56
4.94
6.33
4.72
8.56
6.17
3.89
4.67
1.33
6.44
6.44
5.39
10.22
4.67
1.28
4.67
4.89
1.67
3.17
2
2.56
3.28
5.22
5.39
4.78
7.11
1.67
2.17
2.22
0.89
2.72
5.17
0.78
3
2.39
0.94
3.33
2.5
3.78
0.22
3.11
0.72
1
4.67
0.72
3.89
1.56
2.22
2.44
1.5
8.94
3.56
8.28
8.17
4.22
7.94
6.28
3
8.56
5.06
5.06
9.56
6.44
4.61
13.94
13.06
7.5
10.72
8.11
7.22
6.61
7.94
11.11
13.78
9.44
9.28
9.33
11.28
12.28
15.28
3.56
8.11
9.28
10.28
9.06
11.39
8.06
12.78
13.44
8
11.56
6.94
4.28
8.06
10.61
7.06
8.39
10.11
4.5
4.72
13.89
5.06
15.06
9.22
10.11
11.89
7.22
4.67
11.94
6.56
5.44
7.72
2.72
7.5
12.72
4.78
10.22
9.17
7.89
17.11
17.06
10.33
10.5
10.67
11
9.33
11.28
5.5
11.94
9.67
10.83
10.67
2.56
8.5
11
11.72
11.06
4.83
10.83
6.56
4.89
8.78
2.94
4.33
9.5
16.94
10.89
8.17
4.11
9.94
7.33
11
7.22
6
8.39
7.67
10.56
5.94
6.33
6.72
12.28
7
9.28
8
4.67
10
9.61
10.28
8.5
7.89
10.06
11.89
7.94
12.72
11.56
8.11
10.72
4.11
6.39
8.94
9.56
10.06
11.44
5.56
4.44
6.06
13.5
3.89
7.94
7.94
7.56
4.22
6.94
5.89
3.67
8.33
5.83
5.33
6.78
6.33
7.11
0.89
5.17
1.5
5.44
3.39
6.94
5.44
5.78
2.61
2.56
4.61
5.72
5.56
5.94
5.28
3.94
2.89
5.06
3.17
6.78
1.78
5.5
2.94
6.5
1
3.11
0.78
5.56
2.22
3.44
1.83
0.56
3.78
0.72
3.39
1.78
4.22
1.44
1.06
1
0.89
1.39
0.67
4.67
1.56
1.78
2.28
0.67
2.28
1.72
6.94
0.67
1.5
3.61
1.89
2.72
1.33
0.83
1.78
0.78
6.83
1.72
2.11
2.78
0.56
1.67
4.28
5.67
5.78
5.33
6.33
2.11
3.06
7.33
4.89
3.33
9.44
3.22
7
2.28
7.39
9
6.44
4.22
3
8.72
3.28
6
6.78
6.28
7.83
5.94
9.39
6.83
5.56
8.67
5.83
6.11
5.61
11.33
5
8.72
4.44
7.44
8.17
6.28
4.33
7.94
10.83
8.94
5.44
12.83
15.17
7.56
8.06
8.33
8.06
5.22
10.44
7.22
5.39
5.56
5.28
5.78
5.78
6.94
3.89
4.89
4.28
7.33
7
9.06
8.94
5.33
9.56
4.17
4.78
9.72
8.89
3.89
8.17
12.33
8
6.33
2.72
7.56
7.83
7.94
8.44
9.44
2.78
3.94
8.17
2.17
5.61
5.06
5.28
10.83
9.94
9.5
11.78
3.39
3.17
6.44
4
5.72
5.83
6.61
9.33
10.06
7.39
7.78
5.94
2.44
9.39
5
6
5.5
5.78
5.72
5.61
3.17
2.94
6.11
5.17
5.17
3.44
5.44
2.11
4.56
4.06
3.5
3.33
3.22
3.5
1.39
3.17
4.72
3.33
4.5
2.5
3.28
5.11
4.28
3.83
3.44
6.33
1.67
5.44
2.61
3.83
3.44
3.33
4.56
0.67
4.33
2.5
1.94
4.06
5.17
2
1.78
3.06
0.67
1.56
4.39
4.17
1.67
1.39
3.61
0.83
2.56
1.5
0.89
0.78
0.83
1
0.83
0.78
2
1.61
0.78
2.5
0.06
1.89
2.67
3.83
1.56
1.89
1.61
1.17
0.72
3.56
1.72
2.44
0.89
3.39
1.44
2.28
1.61
6.11
4.28
3.67
3.89
2.39
3.11
1.56
5.72
3.78
3.06
4.17
4.83
5
6.44
4.5
4.67
3.67
7.67
6.33
6.78
2.28
2.83
5.94
5
3.94
5.5
4
8.22
6.61
6.89
4.94
8.78
2.94
4.5
11.06
7.83
7.72
4.06
10.44
0.83
14.22
7.39
6.39
9.39
6.5
7.89
8.22
9.67
9.22
6.83
9.61
4.56
9.11
6.89
6.56
8.61
5.39
8.39
4.28
7.83
5.44
4.67
6.06
5.11
6.06
8.33
5.28
8.39
10.17
3
8.39
6.39
10.17
6.56
9.11
9.89
5.89
4.44
7
6.83
4.06
6.39
8.94
9.33
10.33
5.44
3.06
6.06
9.72
9.17
8.39
6.67
3.67
9.67
7.33
4.94
5.33
9.17
2.78
4.28
10.39
2.39
11.17
6.67
6.28
5.94
5.83
6
8.33
5.39
10.17
6.67
5.78
9.72
1.67
7.78
6.83
2
3.83
4.83
4.56
4.44
6.61
6.89
5.89
7
7.94
4.72
3.22
3
2.44
1.89
3.67
7.61
2.22
3.39
3.33
2.33
0.83
4.28
6.28
4.11
2.5
2.94
2.39
0.89
1.89
0.94
0.61
2.33
1.83
1.44
4.61
1.22
1.78
0.89
0.94
2.11
1.61
1.67
1.78
1.72
3.61
1.5
5.22
2.72
3.78
0.78
1.5
0.89
0.83
0.89
0.94
2.44
2.56
2.5
1.39
3.39
4
1.94
4.33
3.56
2.28
6.11
4.72
2.39
5.22
3.67
3.11
8
6.06
8.61
4.06
10.39
13.39
4.89
6.83
8.39
7.5
11.17
12.67
14
9.22
6.78
11.94
10.67
8.94
10.94
12.61
6
10.28
6.28
11.67
10.5
20.72
18.61
9.72
12.11
6.5
10.78
15.39
11.94
3.56
3.94
5.78
10.17
12.39
9.94
8.67
14.28
5.5
11.78
8.11
13.11
5.67
9.67
8.39
5.56
6.72
9.22
7.06
10.33
6.22
11.28
6.67
10.56
6.11
8.78
16.28
13.89
4.33
8.17
5.44
6
1.89
13.44
10.39
8.39
14.39
8.39
7.72
7.44
8.28
8.22
5.22
11
6.28
8.67
7.83
9.89
10.33
8.11
3.89
7
1.5
4.78
11.28
5.78
10.83
12
12.22
7.94
9.11
9.67
6.89
5.17
17.33
2.67
8.39
9.89
5.5
8.17
8.94
8.28
13.28
12.56
13.61
4.22
8.83
6.39
7.94
11.06
3.83
7.89
9
7.5
14.33
11.5
7.78
11.56
8.56
9.17
6.11
4.89
7.22
4.83
8.61
12.28
7.22
6.56
2.78
5.33
8.39
7.83
10.94
2.72
9.67
7.94
9.22
3.44
4.83
6.83
7.94
8.83
8.83
6.56
7.17
2.5
8.94
7.56
9.44
5.61
2.28
9.78
5.11
3.67
3.33
5.5
3.5
5.56
2.17
1.61
3.28
6.5
5.28
2.33
1.67
8.89
6.28
1.72
0.83
6.61
0.83
1
0.94
3
3.5
2.39
2.39
1.56
1.44
2.83
0.67
1
1.61
0.78
1
0.61
2.83
1.61
0.78
3.61
1.67
2.78
0.56
1
0.67
1.56
0.61
3.5
2.83
0.78
4.28
0.83
0.72
5.06
2.72
3.06
4.61
5.33
4.56
4.56
0.72
5.67
4.17
5.28
9.56
1.33
6.39
3.72
12.28
10.33
13.83
8.78
7.56
9.33
10.78
9.83
7.28
10.17
7.61
12.11
14.17
10.28
11.89
9.17
7.33
11.5
11.39
7.89
7.67
9.06
9.67
9.78
11.83
12.44
8.28
12.61
8.17
5.22
12.06
14.61
15
8.72
7.06
10.22
8.11
11.44
15.5
7.44
2.94
12.17
14.56
2.94
7.94
7.44
5
6.89
8.94
8.83
11.72
11.83
6.94
6.78
6.83
11.56
11.56
12.11
9
6.94
10
5.39
8.89
5.94
10.5
5.83
11.67
4.22
7.56
6.83
4.5
13.28
7.06
3.67
13.56
9.67
5.44
5.33
7.39
9.5
6.39
14.11
6.83
7.94
12.61
8.78
10.33
8.06
6.56
7.33
9.83
8.17
4.89
9.28
12.17
7.06
5.83
9.11
7
12.78
7.39
6.06
7.72
10.83
11.17
11.39
8.33
11.56
5.33
7.89
11.06
8
8.11
8.83
7.67
9.94
7.72
5.94
9.44
4.06
7.94
10.78
9.67
8.5
7.39
9.72
6.94
8.22
6.44
11.22
4.89
6.56
11.39
7.5
11.67
13
9.33
7.83
6.61
3.06
4.06
10.56
9.44
12.56
4.94
5.33
4.67
6.56
7.83
4.61
2.83
3.5
8.67
1.83
1.17
3.67
5.17
7.06
6.67
5.72
2.44
7
7.17
4.06
8.61
3.17
4.17
5.94
1.5
7.5
5.5
1.56
7.39
2.33
2.22
2.89
4.94
11.94
4.5
6.17
1.89
5.67
7.06
3.11
0.72
3.61
2.39
3.28
1.56
2.28
4.39
1
2.28
0.44
2.28
7.28
0.83
1.44
0.78
0.72
2.78
4.28
3.72
0.78
0.83
1.06
0.83
0.94
2.67
3.44
1.67
1.89
1.94
0.78
2.17
1.33
3.94
2.39
2.33
3.67
3.06
2.28
2.94
3.33
4.72
3.44
3.33
4.06
1.83
4.33
4.67
5.89
1.61
4.39
5.11
8.72
9.94
4.78
10.67
9.11
3.83
8.28
14.17
11.61
5.39
7.11
13.5
9.67
6.06
9.56
7.44
10.44
15.61
11.89
4.61
8.56
7.94
11.22
13.61
7.67
10.33
11.94
16.44
32.17
26
38.83
12.78
38.28
33.5
22.5
27.17
29.94
27.83
7.78
12.83
15.28
9.11
9.22
9.83
8.44
11.5
8
12.89
4.56
15.83
9.61
10.17
12.22
9.61
9
6.67
3.94
16.33
10
8.67
11.06
5.44
6.61
3.44
7.44
13.67
5.56
11.11
8.11
15.72
8.61
12.67
13.06
10.39
7.5
4.11
5.5
11.56
3.83
8.22
6.5
4.33
7.72
14
5.11
8.56
6.39
4
2.56
8.89
6.11
6.67
10
8.56
5.22
13.22
8.94
14.33
7.56
14.67
5.61
11.44
9.44
6.11
8.22
10.17
8.83
6.61
6
6.83
10.78
12.44
9.83
5.89
5.78
12.39
9.11
15.11
16
6.72
11.06
8.78
12.56
14.78
2.78
6.17
8.89
9.83
8.67
6.78
5.11
11.33
8.33
5.83
6.11
5.67
19
11.89
5.39
5.17
10.78
9.5
11.28
8.44
10.94
5.44
7.44
7
8.17
11.94
11.06
8.56
9
6.78
5.11
8.17
3.94
4.67
8.72
4.44
4.72
5.56
7.5
6.56
5.72
0.78
4.44
6.44
4.06
4.78
5.72
7.61
4.33
7.11
3.11
3.22
4.44
2.5
7
2.39
1.56
1.72
2.11
1.83
2.61
5.61
6.67
0.72
0.72
4.89
3.06
1.67
1.5
3.33
4.11
2.61
5.11
0.72
2.67
1.72
2.11
0.72
1.39
0.67
4.33
2.44
2.89
2.17
2.94
0.78
1.56
1.28
1.67
2.22
2.56
4.28
1.17
0.89
0.94
0.89
0.67
0.78
3.83
1.22
1
0.67
0.78
3.17
0.67
1.56
0.72
1.56
4.94
0.61
1.33
2.06
1.39
2.72
3.39
2.33
0
4.33
4.33
3.56
4.11
4.72
2.33
4.72
2.72
3.61
6.39
5.33
8.39
2.39
3.28
8.06
7.22
5.67
11.39
8.06
4.22
2.89
5.39
7
8.94
13.06
13
13.17
5.94
9
11.06
8.89
17.39
14.11
9.83
7.78
14.56
19
43.06
36.33
14.17
26.61
22.11
15.22
20.56
17.06
6.5
13.56
7.06
13.11
10.67
11.61
12.33
7.72
9.33
10.56
10.44
13.06
5.17
9.67
4
10.72
8.61
6.94
15.5
7.11
8.22
9.83
6.89
10.11
10.39
9.61
12.67
12.17
9.28
12.44
7.67
9.44
10.94
4.94
7.78
5.44
10
5.56
9.56
8.78
5.11
3.78
5.67
9.22
4.11
10.28
14.28
5.56
11.78
10.39
8.56
4.33
6.39
12.44
7.33
6.5
7.11
16.94
11.78
11.06
10.89
5.22
2.56
10.61
3.78
15.33
13.17
10.61
6.22
14.94
13.22
12.11
7.83
10.94
6.94
10
0.61
10.5
6.78
9.33
8.28
10.78
5.67
7.17
7.17
7.33
7.11
6.28
4.39
8.72
9.94
12.72
10
9.39
8.06
