0
0
0
0
0
0
1.9932e+07
5.03398e+07
1.43106e+08
3.05127e+07
1.88416e+06
0
0
0
1.23781e+06
4.56925e+07
1.66403e+08
3.01007e+07
2.32489e+06
0
0
0
0
0
2.01204e+07
1.43003e+08
5.0407e+07
3.24542e+07
24576
0
0
0
0
0
0
0
0
0
0
0
0
0
0
0
0
0
0
0
0
0
0
0
0
0
0
0
0
0
0
0
0
0
0
0
0
0
0
0
0
0
0
0
0
0
0
0
0
0
0
0
0
0
0
0
0
0
0
0
0
0
0
0
0
0
0
0
0
0
0
0
0
0
0
0
0
0
0
0
0
0
0
0
0
0
0
0
0
0
0
0
0
0
0
0
0
0
0
0
0
0
0
0
0
0
0
0
0
0
0
0
0
0
0
0
0
0
0
0
0
0
0
0
0
0
0
0
0
0
0
0
0
0
0
0
0
0
0
0
0
0
0
0
0
0
0
0
0
0
0
0
0
0
0
0
0
0
0
0
0
0
0
0
0
0
0
0
0
0
0
0
0
0
0
0
0
0
0
0
0
0
0
0
0
0
0
0
0
0
2.02342e+07
1.45088e+08
4.82951e+07
3.28557e+07
47513.6
0
0
0
0
0
0
0
0
0
0
0
0
0
0
0
0
0
0
0
0
0
0
0
0
0
965018
9011.2
0
0
0
0
0
0
0
0
0
0
0
0
0
0
0
1.39837e+06
4.98975e+07
1.6461e+08
3.08576e+07
2.16678e+06
0
0
0
0
0
0
0
0
1.97042e+07
4.18537e+07
1.51925e+08
3.08257e+07
2.16351e+06
0
0
0
0
0
2.00835e+07
1.9237e+08
869171
3.26369e+07
24576
0
0
0
0
0
0
0
0
0
0
0
0
0
0
0
0
0
0
0
0
0
0
0
0
0
0
0
0
0
0
0
0
0
0
0
0
0
0
0
0
0
0
0
0
0
0
0
0
0
0
0
0
0
0
0
0
0
0
0
0
0
0
0
0
0
0
0
0
0
0
0
0
0
0
0
0
0
0
0
0
0
0
0
0
0
0
0
0
0
0
0
0
0
0
0
0
0
0
0
0
0
0
0
0
0
0
0
0
0
0
0
0
0
0
0
0
0
0
0
0
0
0
0
0
0
0
0
0
0
0
0
0
0
0
0
0
0
0
0
0
0
0
0
0
0
0
0
0
0
0
0
0
0
0
0
0
0
0
0
0
0
0
0
0
0
0
0
0
0
0
0
0
0
0
0
0
0
0
0
0
0
0
0
0
0
0
0
0
0
0
0
0
0
0
0
0
0
0
0
0
0
0
0
0
0
0
0
0
0
0
0
0
0
0
0
0
0
0
0
0
0
0
0
0
0
0
0
0
0
0
2.01056e+07
5.03611e+07
1.43e+08
3.12508e+07
2.19054e+06
0
0
0
0
0
3.13901e+07
1.82047e+08
1.34021e+06
3.13098e+07
25395.2
0
0
0
0
1.99262e+07
4.54722e+07
1.48164e+08
3.08527e+07
2.30359e+06
0
0
0
0
0
0
0
2.06889e+07
1.44355e+08
5.10657e+07
3.27442e+07
55705.6
0
0
0
0
0
0
924877
0
0
888013
9011.2
0
0
0
0
0
915046
1.96788e+07
4.55131e+07
1.48152e+08
3.0969e+07
2.37404e+06
1.99655e+07
4.6456e+07
1.47647e+08
3.04751e+07
2.38223e+06
0
910131
2.09437e+07
1.92266e+08
1.06004e+06
3.29023e+07
23756.8
0
0
0
0
0
1.99459e+07
4.67657e+07
1.4654e+08
3.09101e+07
2.45105e+06
0
0
0
0
0
0
0
0
0
0
0
0
0
0
0
0
0
0
0
0
0
0
0
0
1.99827e+07
5.03685e+07
1.43587e+08
3.09428e+07
2.49528e+06
0
0
0
0
0
0
0
0
0
0
0
0
0
0
0
0
0
0
0
0
0
0
0
0
0
0
0
0
0
0
0
0
0
0
0
0
0
0
0
0
0
0
0
0
0
0
0
0
0
0
0
0
0
0
0
0
0
0
0
0
0
3.61964e+07
1.7723e+08
2.68091e+07
6.10959e+06
24576
0
0
0
0
0
0
0
0
1.96895e+07
4.3706e+07
1.50082e+08
3.04226e+07
2.56737e+06
0
0
0
0
0
0
0
0
0
0
0
0
0
0
0
0
0
0
0
0
0
0
0
0
0
0
0
0
0
0
0
0
0
0
0
0
0
0
0
0
0
0
0
0
0
0
0
0
0
0
0
0
0
0
0
0
0
0
0
0
0
0
0
0
0
0
0
0
0
0
0
0
0
0
0
0
0
0
0
0
0
0
0
0
0
0
0
2.00344e+07
1.44689e+08
4.88333e+07
3.11804e+07
2.36585e+06
0
0
0
0
0
0
0
0
0
0
0
4915.2
1.13787e+06
0
0
2.01163e+07
1.43179e+08
5.02833e+07
3.27205e+07
1.10428e+06
0
0
0
0
0
0
951091
0
0
0
0
0
0
0
0
0
0
0
0
0
0
0
0
0
0
0
0
0
0
0
0
0
0
0
0
0
0
0
0
0
0
1.024e+06
9011.2
0
0
0
0
0
0
0
0
0
0
0
0
0
0
0
0
0
0
0
0
0
0
0
0
0
0
0
0
0
0
0
0
0
0
939622
9830.4
0
0
0
0
0
0
0
0
0
0
0
0
0
0
0
0
0
0
0
0
0
0
0
0
0
0
0
0
0
0
0
0
0
0
0
0
928154
0
0
0
0
0
0
0
0
0
0
0
0
0
0
0
0
0
0
0
0
0
0
0
0
0
0
0
0
0
0
0
0
0
0
0
0
0
0
0
0
0
0
0
0
0
953549
0
0
0
0
0
0
0
0
0
0
0
0
0
0
3.22839e+07
1.83964e+08
2.68968e+07
6.32259e+06
27852.8
0
0
0
0
0
950272
0
0
0
0
0
0
0
0
0
0
0
0
0
0
0
0
0
0
0
0
0
0
0
0
0
0
0
0
0
0
0
0
0
0
0
0
0
0
0
0
0
0
0
0
0
0
0
0
0
0
0
0
0
0
0
0
0
0
0
0
0
0
0
0
0
0
0
0
0
0
0
0
0
0
0
0
0
0
0
3.62316e+07
1.77598e+08
1.58597e+06
3.31489e+07
31129.6
0
0
0
0
0
2.15876e+07
1.53379e+07
5.46546e+07
1.42229e+08
3.11165e+07
2.7607e+06
0
0
0
963379
0
964198
0
0
0
0
0
0
0
1.97878e+07
4.55918e+07
1.48176e+08
3.10428e+07
2.90652e+06
0
0
0
0
0
989594
3.13532e+07
1.82265e+08
2.66617e+07
6.61258e+06
27852.8
0
0
0
0
0
660275
4.63446e+07
1.66371e+08
3.02588e+07
3.13754e+06
25395.2
0
0
0
0
0
2.0063e+07
1.49547e+08
4.41377e+07
3.07585e+07
2.76972e+06
0
0
980582
0
0
0
2.01343e+07
1.92503e+08
886374
3.38133e+07
46694.4
0
0
0
0
0
11468.8
9011.2
0
0
0
0
0
0
0
0
2.01048e+07
5.04717e+07
1.42969e+08
3.05652e+07
2.91308e+06
0
0
0
0
0
0
2.02097e+07
1.92483e+08
874906
3.34021e+07
72089.6
0
0
0
0
0
2.00081e+07
5.04619e+07
1.42852e+08
3.10149e+07
2.94257e+06
0
0
0
0
0
0
0
0
2.00491e+07
1.44988e+08
4.85745e+07
3.06766e+07
2.87785e+06
0
0
0
0
0
0
0
0
0
0
0
0
0
0
0
0
0
0
0
0
0
0
0
0
0
0
0
0
0
0
0
0
0
0
0
0
0
0
0
0
0
0
0
0
0
0
0
0
0
0
0
0
0
0
0
0
0
0
0
0
0
0
0
0
0
0
0
0
0
0
0
0
0
0
0
0
0
0
0
0
0
0
0
0
0
0
0
0
0
0
0
0
0
0
0
0
0
0
0
0
0
0
0
0
0
0
0
0
0
0
0
0
0
0
0
0
0
0
0
0
0
0
0
0
0
0
0
0
0
0
0
0
0
0
0
0
0
0
0
0
0
0
0
0
0
0
0
0
0
0
0
0
0
0
0
0
0
0
0
0
0
0
0
0
0
0
0
0
0
0
0
0
0
0
0
0
0
0
0
0
0
0
0
0
0
0
0
0
0
0
0
0
0
0
0
0
0
0
0
0
0
0
0
0
0
0
0
0
0
0
0
0
0
0
0
0
0
0
2.08323e+07
1.69861e+08
2.53936e+07
3.10927e+07
2.97697e+06
0
0
0
0
0
0
0
0
0
0
0
0
0
0
0
0
0
0
0
0
0
0
0
0
0
0
0
0
0
0
0
0
0
0
0
0
0
0
0
0
0
0
0
0
0
0
0
0
0
0
0
0
0
0
0
0
0
0
0
0
0
0
0
0
0
0
0
0
0
0
0
0
0
0
0
0
0
0
0
0
0
0
0
0
0
0
0
0
0
0
0
0
0
0
0
0
0
0
0
0
0
0
0
0
0
0
0
0
0
0
0
0
0
0
0
0
0
0
0
0
0
0
0
0
0
0
0
0
0
0
0
0
0
0
0
0
0
0
0
0
0
0
0
0
0
0
0
0
0
0
0
0
0
0
0
0
0
0
0
0
0
0
0
0
0
0
0
0
0
0
0
0
0
0
0
0
0
0
0
0
0
0
0
0
0
0
0
0
0
0
0
0
0
0
0
0
0
0
0
0
0
0
0
0
0
0
0
0
0
0
0
0
0
0
0
0
0
0
0
0
0
0
0
0
0
0
0
0
0
0
0
0
0
0
0
0
0
0
0
0
0
0
0
0
0
0
0
0
0
0
0
0
0
0
0
0
0
0
0
0
0
0
0
0
0
0
0
0
0
0
0
0
0
0
0
0
0
0
0
0
0
0
0
0
0
0
0
0
0
0
0
0
0
0
0
0
0
0
0
0
0
0
0
0
0
0
0
0
0
0
0
0
0
0
0
0
0
0
0
0
0
0
0
0
0
0
0
0
0
0
0
0
0
0
0
0
0
0
0
0
0
0
0
0
0
0
0
0
0
0
0
0
0
0
0
0
0
0
0
0
0
0
0
0
0
0
0
0
0
0
0
0
0
0
0
0
0
0
0
0
0
0
0
0
0
0
0
0
0
0
0
0
0
0
2.40681e+06
2.32899e+06
0
0
0
0
0
0
0
0
0
0
0
0
0
0
0
0
0
0
0
0
0
0
0
0
0
0
0
0
0
0
0
0
0
0
0
0
0
0
0
0
0
0
0
0
0
0
0
0
0
0
0
0
0
0
0
0
2.05455e+07
5.1114e+07
1.44531e+08
3.10034e+07
2.26673e+06
0
0
0
0
0
0
0
0
0
0
0
0
0
0
0
0
0
0
0
0
0
0
0
0
0
0
0
0
1.99909e+07
1.62558e+08
3.09797e+07
3.31842e+07
41779.2
0
0
0
0
0
0
0
1.96854e+07
4.37756e+07
1.50198e+08
3.03415e+07
2.52805e+06
0
0
0
0
0
0
2.01409e+07
1.9244e+08
888013
3.2478e+07
978944
0
0
0
0
0
0
0
0
0
0
0
0
1.19975e+08
4.02833e+07
1.56597e+08
1.52619e+08
1.9855e+07
1.32973e+08
6.15555e+07
1.9814e+07
7.50576e+07
1.40132e+08
1.94438e+08
0
0
0
0
0
0
0
0
0
0
6553.6
1.46593e+08
1.5685e+08
31129.6
2.43614e+07
91750.4
4.27032e+08
5.06184e+07
4.57605e+07
4.33884e+08
3.64438e+07
2.47972e+06
3276.8
97484.8
0
0
0
0
1.26075e+06
4.99843e+07
4.48987e+08
3.54583e+07
3.38739e+06
21299.2
0
0
0
0
0
0
0
0
0
0
0
0
0
0
0
0
0
0
0
0
0
0
1.99762e+07
5.08142e+07
4.27889e+08
3.63782e+07
2.52805e+06
0
0
0
0
0
0
1.99524e+07
1.21794e+08
3.57105e+08
3.63323e+07
2.57311e+06
0
0
0
0
0
0
0
0
0
0
0
0
0
0
0
0
0
0
0
0
0
0
0
0
0
0
0
0
0
0
0
0
0
0
0
0
0
0
0
0
0
0
0
0
0
0
0
0
0
0
0
0
0
0
0
0
0
0
0
0
0
0
0
0
0
0
0
0
0
0
0
1.16736e+06
9830.4
0
0
0
0
0
0
0
0
0
0
0
0
0
0
0
0
0
0
0
0
0
0
0
0
0
0
0
0
0
0
0
0
0
0
0
0
0
0
0
0
0
0
0
0
0
0
0
0
0
0
0
0
0
0
0
0
0
0
0
0
0
0
0
0
0
0
0
0
0
0
0
0
0
0
0
0
0
0
0
0
0
0
0
0
0
0
0
0
0
0
0
0
0
0
0
0
0
0
0
0
0
0
0
0
0
0
0
0
0
0
0
0
0
0
0
0
0
0
0
0
0
0
0
0
0
0
0
0
2.41222e+07
648806
0
1.7195e+06
0
0
0
0
0
0
0
0
0
0
0
0
0
0
0
0
0
0
0
0
0
0
4.77045e+07
4.53239e+08
3.49372e+07
4.58342e+06
27033.6
0
0
0
0
0
0
0
0
0
0
0
0
0
0
0
0
0
0
0
0
0
0
0
0
0
0
0
0
0
0
0
0
0
0
0
0
0
0
0
0
0
0
0
0
0
0
0
0
0
0
0
0
0
0
0
0
0
0
0
0
0
0
0
0
0
0
0
0
0
0
0
0
0
0
0
0
0
0
0
0
0
0
0
0
0
0
0
0
0
0
0
0
0
0
0
0
0
0
0
0
0
0
0
0
0
0
0
0
0
0
0
0
0
2.0036e+07
1.43109e+08
3.36431e+08
3.59817e+07
2.62881e+06
0
0
0
0
0
0
0
0
0
0
0
0
0
0
0
0
0
0
0
0
0
0
0
0
0
0
0
0
0
0
0
0
0
0
0
0
0
0
0
0
0
0
0
0
0
0
0
0
0
0
0
0
0
0
0
0
0
0
0
0
0
0
0
0
0
0
0
0
0
0
0
0
0
0
0
0
0
0
0
0
0
0
0
0
0
0
0
0
0
0
0
0
0
0
0
0
0
0
0
0
0
0
0
0
0
0
0
0
0
0
0
0
0
0
0
0
0
0
0
0
0
2.00368e+07
1.43499e+08
3.35712e+08
3.59817e+07
2.6878e+06
0
0
0
0
0
0
0
0
0
0
0
1.169e+06
9011.2
0
0
0
0
0
0
0
0
0
0
0
0
0
0
0
0
0
0
4.69524e+07
4.51674e+08
3.56016e+07
3.90185e+06
28672
1638.4
0
0
1.54173e+06
74547.2
2.53297e+06
4.95772e+07
4.50618e+08
3.67821e+07
3.82239e+06
27033.6
1.3058e+06
9011.2
0
0
0
0
0
0
0
0
0
0
0
3.37412e+07
3.65045e+08
1.03459e+08
3.58236e+07
38502.4
0
0
1.20668e+06
0
0
1.99598e+07
4.59039e+07
4.3322e+08
3.65478e+07
2.84099e+06
0
0
0
0
0
0
2.00565e+07
2.6476e+08
2.1477e+08
3.65322e+07
2.72876e+06
0
0
0
0
0
0
0
0
0
0
0
0
0
0
0
0
0
0
0
0
0
2.00442e+07
1.49194e+08
3.29948e+08
3.59924e+07
2.89915e+06
0
0
0
0
0
0
0
0
0
0
0
0
0
0
0
0
0
0
0
0
0
0
0
0
0
0
0
0
0
0
0
1.17309e+06
17203.2
0
0
0
0
0
0
0
0
0
0
0
0
0
0
0
0
0
0
0
0
0
0
0
0
0
0
0
0
0
0
0
0
0
0
0
0
0
0
0
0
0
0
0
0
0
0
0
0
0
0
0
0
0
0
0
0
0
0
0
0
0
0
0
0
0
0
0
0
0
0
0
0
0
0
0
0
0
0
0
0
0
0
0
0
0
0
0
0
0
0
0
0
0
0
0
0
0
0
0
0
0
0
0
0
0
0
0
0
0
0
0
0
0
0
0
0
0
0
0
0
4.22453e+07
4.55725e+08
3.54017e+07
4.72515e+06
24576
0
0
0
0
0
0
0
0
0
0
0
0
0
0
0
0
0
0
0
0
0
0
0
4.68935e+07
4.50927e+08
3.54746e+07
4.73334e+06
20480
0
0
0
0
0
0
0
0
0
0
0
0
0
0
0
0
0
0
0
0
0
0
0
0
0
0
0
0
0
0
0
0
0
0
0
0
0
0
0
0
0
0
0
0
0
0
0
0
4915.2
0
0
0
0
0
0
0
2.06078e+07
5.13114e+07
4.3063e+08
3.66772e+07
3.14409e+06
7372.8
0
0
0
0
0
0
0
0
0
0
0
0
0
0
0
4.69598e+07
4.51917e+08
3.32399e+07
6.4512e+06
22118.4
0
0
0
0
0
0
4.22076e+07
4.55982e+08
3.34553e+07
6.45366e+06
22937.6
0
0
0
0
0
0
0
0
0
0
0
0
0
0
0
0
0
0
0
0
0
0
0
0
0
0
0
0
0
0
0
0
0
0
0
3.61628e+07
3.61499e+08
1.056e+08
3.497e+07
1.26648e+06
0
0
0
0
0
0
0
0
0
0
0
0
0
0
0
0
0
0
0
0
0
0
0
0
0
0
0
0
0
0
0
0
0
0
0
0
0
1.99811e+07
5.0824e+07
4.28337e+08
3.6388e+07
3.10886e+06
8192
0
0
0
0
0
0
0
0
0
0
0
0
0
0
0
0
0
0
0
0
0
0
0
0
0
4.66207e+07
4.51416e+08
3.54664e+07
4.96763e+06
22937.6
0
0
0
0
0
0
0
0
0
0
0
0
0
0
0
0
0
0
0
0
0
0
0
0
0
0
0
0
0
0
0
0
0
0
0
0
0
0
0
0
0
0
0
0
0
0
0
0
0
0
0
0
0
0
0
2.00204e+07
1.65515e+08
3.13337e+08
3.6003e+07
3.21864e+06
0
0
0
0
0
0
1.99811e+07
5.08264e+07
4.28129e+08
3.64388e+07
3.20553e+06
22937.6
0
0
0
0
0
0
0
0
0
0
0
4.68918e+07
3.95373e+08
9.01276e+07
6.6601e+06
24576
0
0
0
0
0
963379
4.59358e+07
4.51831e+08
3.55795e+07
4.19922e+06
23756.8
0
0
0
0
0
0
0
17203.2
0
0
0
0
0
0
0
0
0
0
0
0
0
0
0
0
0
0
0
0
2.0027e+07
1.43727e+08
3.35286e+08
3.6121e+07
3.29318e+06
0
0
0
0
0
0
2.00425e+07
5.33594e+07
4.27329e+08
3.65011e+07
4.35405e+06
55705.6
0
0
0
0
0
1.29188e+06
4.9424e+07
4.50091e+08
3.6121e+07
4.29752e+06
25395.2
0
0
0
0
0
1.23617e+06
4.56868e+07
4.5302e+08
3.54959e+07
4.29834e+06
22118.4
0
0
0
0
0
0
0
0
0
0
0
0
0
0
0
0
0
0
0
0
0
0
0
0
0
0
0
0
0
0
0
0
0
0
0
0
0
0
0
0
0
0
0
0
0
0
0
0
0
0
0
0
0
0
0
0
0
0
0
0
0
0
0
0
0
0
0
0
0
0
0
0
0
0
0
0
0
0
0
0
0
0
0
0
0
0
0
0
0
0
0
0
0
0
0
0
0
0
0
0
0
0
0
0
0
0
0
0
0
0
0
0
0
0
0
0
0
0
0
0
0
0
0
0
0
0
0
0
0
0
0
0
0
0
0
0
0
0
0
0
0
0
0
0
0
0
0
0
0
0
0
0
0
0
0
0
0
0
0
0
0
0
0
0
0
0
0
0
0
0
0
0
0
0
0
0
0
0
0
0
0
0
0
0
0
0
0
0
0
0
0
0
0
0
0
0
0
0
0
0
0
0
0
0
0
0
0
0
0
0
0
0
0
0
0
0
0
0
0
0
0
0
0
0
0
0
0
0
0
0
0
0
0
0
0
0
0
0
0
0
0
0
0
0
0
0
0
0
0
0
0
0
0
0
0
0
0
0
0
0
0
0
0
0
321536
71680
0
0
0
0
0
0
0
0
1.93229e+06
3.37234e+07
4.66666e+08
4.03558e+06
2.4279e+06
43008
0
0
0
0
0
0
0
0
0
0
0
0
0
0
0
0
0
0
0
0
0
0
0
0
0
0
0
0
0
0
0
0
0
0
0
0
0
0
0
0
0
0
0
0
0
0
0
0
0
0
0
0
0
0
0
0
0
0
0
0
0
0
0
0
0
0
0
0
0
0
0
0
0
0
0
0
0
0
0
0
0
0
0
0
0
0
0
0
0
0
0
0
0
0
0
0
0
0
0
0
0
0
0
0
0
0
0
0
0
0
0
0
0
0
0
0
0
0
0
0
0
0
0
0
0
0
0
0
0
0
0
0
0
0
0
0
0
0
0
0
0
0
0
0
0
0
0
0
0
0
0
0
0
0
0
0
0
0
0
0
0
0
0
0
0
0
0
0
0
0
0
0
0
0
0
0
0
0
0
0
0
0
0
0
0
0
0
0
0
0
0
0
0
0
0
0
0
0
0
0
0
0
0
0
0
0
0
0
0
0
0
0
0
0
0
0
0
0
0
0
0
0
0
0
0
0
0
0
0
0
0
0
0
0
0
0
0
0
0
0
0
0
0
0
0
0
0
0
0
0
0
0
0
0
0
0
0
0
0
0
0
0
2.74125e+06
8192
0
0
0
0
0
0
0
17408
0
0
0
0
0
0
0
0
0
2.72282e+06
65536
0
0
0
0
0
0
0
0
4096
0
0
0
0
0
452608
477184
0
0
0
0
0
0
0
1024
4096
0
0
0
0
0
0
0
0
0
0
0
0
0
0
0
0
0
0
0
0
0
0
0
0
0
0
0
0
0
0
0
0
0
0
0
0
0
0
0
0
0
0
0
0
0
0
0
0
0
0
0
0
0
0
0
0
0
0
0
0
0
0
0
0
0
0
0
0
1.88211e+06
3.15802e+06
0
0
0
0
0
0
3.06964e+07
5.47457e+08
4.34688e+07
3.64646e+06
23552
0
0
0
0
0
2.49631e+07
1.78921e+08
1.77208e+08
4.32282e+07
48128
0
0
0
0
0
0
0
0
0
0
0
0
0
0
0
0
0
0
0
0
0
0
0
0
