94.6371
283.716
567.559
946.54
1420
1987.91
2650.36
3407.47
4259.3
5205.64
6246.39
7381.74
8611.98
9937.08
11356.4
12870
14478.7
16182.3
17980.2
17979.6
17983.1
17980.4
17970.2
17972.8
17976.1
17977.7
17977.6
17976.1
17978.5
17983.5
17984.7
17980.3
17976
17983.7
17991.1
17983.5
17975.8
17983.7
17990.8
17987.4
17985.5
17983.3
17981.4
17981.4
17978.8
17974.1
17974.1
17972.4
17969.9
17970
17969.5
17969.1
17974.4
17979.5
17975.1
17971.6
17978.2
17983.8
17977.1
17975.3
17976.8
17979.7
17972.8
17959.3
17964
17974.1
17971
17952
17931.5
17924.2
17913
17877.4
17833.8
17795.4
17757.9
17711.7
17651.5
17586.3
17518.8
17452.7
17378.9
17291.8
17202.7
17104.9
17013.7
16932.3
16878.5
16841.2
16817.2
16802.5
16840.5
16911
16928.8
16907.5
16875.8
16858.5
16852.4
16844.1
16841.3
16844.5
16847.2
16851.1
16883.9
16913.1
16906.1
16894.3
16879.7
16880
16885.7
16866.1
16843.6
16846.9
16865
16856.2
16826.8
16813.6
16825.9
16847.8
16841.7
16809.7
16788.3
16817.5
16854.6
16836
16805.2
16844
16872
16867.7
16865.7
16861.7
16864.5
16891.2
16878
16837.1
16853.1
16870.6
16866
16845.4
16826.6
16815.1
16840.3
16851.4
16834.7
16847.2
16863.5
16881.5
16881.1
16855.2
16841.1
16857.9
16847.7
16825.1
16832.3
16853.9
16851.5
16824.7
16814.7
16808.1
16811.4
16810.7
16810.7
16818.7
16837.8
16835
16818.2
16828.2
16840.7
16823.4
16808.5
16819.7
16834.5
16858.7
16876.5
16873.8
16872.8
16871
16847.3
16839.6
16853.3
16876.7
16930.6
16994.8
17042.3
17087.4
17162.1
17241.2
17318.3
17399.9
17479.4
17557.7
17662.6
17757.7
17826.5
17878.5
17907.7
17930.2
17951.6
17918.6
17851.2
17838.9
17848.1
17875.8
17910
17910.6
17908.8
17933.8
17936.2
17871.3
17809.8
17876.7
17950.6
17957.4
17955.8
17953.9
17970.5
17977.4
17968.4
17965.5
17971.9
17964.8
17950.9
17959.3
17967.7
17967.4
17969.4
17966.6
17961.9
17969.1
17976
17977
17977.8
17976.2
17973
17971.1
17973.1
17972.7
17972.7
17978.3
17984.6
17985.6
17984.4
17982.2
17981
17981.5
17974.9
17967.6
17972.3
17978.7
17976.2
17973.1
17970.5
17968.4
17967.6
17965.2
17964.4
17963.1
17966.8
17970.7
17966.3
17960.5
17954.9
17963
17972.6
17969.6
17966.9
17970.5
17973.2
17974.2
17975
17978.3
17980.5
17981.6
17982.7
17981.7
17978.1
17973.4
17975.4
17975.6
17974.9
17974.3
17977.2
17977.3
17970.4
17969.4
17970
17973.7
17970.8
17962.5
17969.1
17975.2
17972.6
17970.3
17977.3
17982.5
17978.7
17977.2
17974.1
17969.5
17969.5
17970.8
17974.9
17975.4
17970.7
17971.6
17971
17971.7
17972.9
17974
17973.2
17975.5
17975.2
17972.2
17974.3
17975.2
17974.4
17972
17969.7
17968.5
17967
17967.9
17968.4
17974
17980.8
17982.4
17981.6
17979.9
17981.6
17982
17980.8
17981.7
17984.7
17987.4
17984.7
17979.2
17975.3
17975.5
17978.4
17974.7
17965.2
17956.3
17961.1
17964.6
17962.2
17964.9
17968.6
17971.3
17971.1
17969.2
17968.9
17966.8
17964.4
17967.8
17974.4
17978.6
17977.7
17973
17967
17953.3
17926.6
17894.2
17858.8
17818
17772.1
17724.2
17670.6
17612.7
17546.8
17471.9
17390.6
17302.6
17210.3
17108.8
17017.2
16936.6
16894.2
16863.3
16833.9
16821.9
16866.7
16928.9
16929.7
16893.4
16867.1
16848.4
16832.8
16815
16811.4
16825.6
16827.5
16816
16828.7
16835.3
16819.3
16800.5
16782.3
16775.4
16797.1
16811.1
16804.2
16825.8
16813
16783.4
16812.8
16841.9
16845.2
16858.7
16853.4
16845.1
16871.3
16889.8
16888.3
16899.8
16899.6
16876.2
16864.7
16854.8
16847.7
16871.2
16886.2
16878
16882.2
16887.9
16885.4
16876.7
16865.5
16859.7
16857.2
16869.5
16881.9
16881.4
16875
16866
16857
16841
16821.6
16839.3
16854.2
16877.9
16891.3
16867.1
16854.2
16855.4
16841.9
16813.5
16819.1
16813.9
16791.1
16780.4
16765.3
16775.6
16792.5
16774.2
16748.5
16751.9
16761.7
16776.8
16798.7
16818.9
16842.4
16872.4
16883.6
16870.7
16859.9
16865.9
16885.8
16903.9
16920.6
16951.4
17010.9
17078.4
17121.1
17154.1
17195.5
17278.5
17345.1
17385.6
17449.2
17550.7
17644.4
17711.9
17780.4
17831.3
17884.9
17931
17935.5
17926.5
17868.7
17822.7
17853.3
17902.3
17951.8
17947.8
17927.4
17926.7
17935.5
17865.2
17780.5
17857.3
17940.5
17948.7
17954.5
17962
17970.6
17974.4
17969.3
17962.9
17958.9
17954.3
17950.5
17964
17977.6
17977.2
17976
17976.6
17976
17975.8
17974.1
17975.8
17973.3
17962.3
17954.5
17965.6
17972.7
17964.9
17967.4
17970.8
17971.7
17969.9
17968.5
17971.8
17977.3
17975.1
17970.4
17969.5
17974.3
17978.5
17972.9
17968.7
17974.9
17978.8
17976.4
17976.8
17976.9
17975.7
17974.7
17968.2
17961.6
17958.2
17954.9
17955.6
17965.3
17966
17954.6
17962.5
17968.2
17959
17955.6
17960.2
17967.9
17971
17969.4
17968.2
17970.2
17972.6
17974.5
17976.8
17976.4
17975.3
17976.2
17977.3
17974.4
17969.1
17970
17973.4
17976.1
17972.9
17965.4
17970
17974
17968.8
17964.8
17968.2
17971.2
17966.5
17962.9
17963.4
17964.4
17966.4
17969.6
17977
17985.6
17985.5
17983.7
17987.1
17991.3
17993
17992.4
17989.1
17987.2
17987.7
17985.3
17977.7
17973.9
17979.3
17984
17981.3
17980
17978.5
17979.6
17980.7
17975.4
17970.2
17969.8
17970.1
17972.4
17974
17967.5
17961.9
17960.6
17960.4
17961.3
17960.6
17961.8
17967.7
17971
17968
17961.2
17964
17971.1
17972.8
17968.5
17961.5
17966.8
17970.6
17968.7
17969.8
17967.8
17964.8
17965.1
17965.8
17963.2
17959.7
17959.3
17955.8
17953.7
17945.5
17923.1
17893.5
17860.2
17819
17768.3
17721.9
17672
17616.9
17552.8
17479
17406.4
17326.2
17234.2
17133.7
17051
16972.5
16927.3
16892.2
16861.7
16839.9
16887.8
16951.5
16926.7
16886.2
16860
16840.1
16816.4
16797.2
16798
16811.2
16818
16815.6
16842.6
16865.9
16869.9
16871.4
16845.6
16824
16828.9
16817.5
16804.4
16824.6
16820
16791.8
16815.4
16826.5
16786
16771.9
16799.2
16825.1
16848.2
16875.9
16884.8
16878.6
16867.3
16854.7
16850.8
16870.8
16895.9
16900
16889.2
16875.8
16866.2
16856.1
16846.9
16839.8
16838.3
16844.6
16841
16835.6
16837.7
16856.5
16849.2
16814.5
16822.2
16829.9
16835
16847.3
16864.9
16878.2
16871.4
16874.2
16856.6
16834.2
16836
16832.3
16821.9
16837.6
16852.5
16841.3
16822.9
16802.9
16803.5
16814.6
16834.8
16846.1
16843.1
16854.9
16866.4
16871.6
16872.8
16854.8
16834
16866.6
16903
16891.5
16876.5
16916.2
16964.3
16997.8
17027.2
17043.5
17076
17106.1
17135.7
17188.3
17244.1
17326.8
17412.8
17523.9
17642.6
17731.5
17800.7
17831.5
17877.2
17915.8
17946.6
17915.4
17847.9
17845.6
17860.4
17915.7
17954.5
17942.7
17935.1
17951.7
17938.7
17857.4
17795.1
17862.6
17936.1
17944.6
17952.6
17962.6
17970.6
17964.8
17955.4
17957.8
17956.2
17940.8
17929.1
17942.2
17958.2
17961.5
17962.3
17962.6
17967.9
17969.3
17960.8
17955.9
17959.7
17956.9
17946.1
17952.8
17963.5
17966.1
17963.1
17955.5
17958.9
17963.7
17962
17957.5
17951.6
17956.8
17962.5
17963.8
17964.2
17960.9
17961
17960.6
17964.7
17969.9
17968.4
17966
17966.9
17971.6
17969.5
17963
17971.1
17980.2
17982.1
17983
17973.9
17964.3
17968.4
17971.4
17966
17962.5
17969.9
17977.4
17974.6
17968.9
17968.8
17971.5
17972.2
17967.8
17960.7
17964.8
17970.8
17968.5
17964.3
17963.2
17967.8
17968.9
17964.3
17965.8
17967.5
17962.2
17959.1
17963
17969.6
17973.6
17974.8
17975.8
17974.8
17971.8
17967.5
17965.7
17964.9
17969.3
17969.3
17967.4
17971.2
17976.6
17977.7
17974.4
17973.7
17970.8
17966.4
17965.1
17964.4
17964.3
17964.6
17964
17964.3
17967.8
17971.2
17970.2
17969.2
17974
17978.4
17978.3
17978.2
17975.8
17975.5
17980.1
17979.8
17976.3
17981
17986.6
17982.1
17977.4
17972.1
17969.6
17969.8
17976
17982.2
17978.3
17975
17974.2
17976
17970.1
17962.8
17964.6
17969.6
17968.1
17962.6
17964
17965.6
17972.1
17977.9
17976.4
17973.6
17976
17976.1
17968.6
17954.7
17935.4
17916.1
17890
17851.9
17805.5
17753.5
17703.2
17645.8
17576.5
17502.9
17434.1
17355.6
17264.3
17176
17076.1
16987.5
16913.1
16872.8
16841.1
16812.8
16805.1
16855.3
16932.2
16936.1
16910.7
16885.9
16851.3
16831
16809
16791.6
16779.6
16780.2
16782.7
16799.5
16804.3
16787.4
16777.6
16777.1
16768.4
16759.9
16764.2
16777.4
16796.9
16818.6
16838.9
16857
16882.8
16887.3
16885.4
16886.2
16894.5
16885.8
16872.6
16894.4
16906.7
16878.5
16856.9
16854.8
16861.2
16858.2
16829.6
16799.4
16813.7
16827.9
16807.9
16795.8
16803.4
16805.9
16799.7
16819.8
16813.5
16778.3
16799.7
16828.9
16841.5
16832.9
16824.6
16838.5
16868.4
16873.7
16857
16867.1
16891.9
16908.1
16894
16875.6
16890.2
16909.2
16899.3
16885.6
16881.4
16875.6
16862.2
16850.8
16857.4
16866.7
16862.4
16856.3
16852.2
16849.4
16847.6
16841.8
16836.3
16832.2
16841
16842.1
16843.3
16867.5
16901.8
16935.1
16976.2
17005.5
17040.1
17099.1
17161.3
17207.3
17253.5
17318.9
17393.2
17481.8
17557.5
17633.3
17739.2
17839.9
17890.9
17902.1
17924.6
17949
17914.8
17830.1
17816.2
17861.1
17904.5
17948
17947.4
17911.2
17898.6
17917.2
17864.7
17789.4
17864.5
17937.8
17937.7
17952.2
17963.6
17968
17967.3
17965.5
17971.2
17973.9
17957.9
17943.5
17957.3
17972.2
17972.7
17967.5
17961.6
17962.4
17962.5
17956.6
17951
17954.5
17957.5
17963.7
17968.9
17971.6
17975.4
17973.8
17972.1
17968.8
17972.9
17978.8
17982.7
17983.3
17980.6
17982.3
17984.8
17984.3
17979.3
17971.1
17969.6
17968
17972.9
17975.8
17965.9
17957.1
17965.1
17969.5
17960
17955.3
17954.8
17957.2
17958
17956.3
17955
17960
17964
17961.3
17960.1
17963.2
17965
17961.8
17960.5
17965.2
17968.4
17966
17964.8
17964.7
17965.3
17965.6
17967.6
17969.7
17977.2
17983.6
17981.8
17980.8
17981.6
17981.7
17977.8
17973.6
17972.7
17973.8
17972
17969.1
17970.6
17972.3
17974.6
17977.9
17975.2
17972.6
17973.4
17973.7
17974.6
17974.6
17974.4
17974
17972.7
17970.5
17969.7
17969.7
17969.9
17970.7
17969.8
17971.5
17973.8
17971.5
17965.3
17959.8
17960.8
17964.4
17964
17962.8
17962.2
17966.9
17966.6
17959.6
17964.1
17965.5
17963.2
17965.5
17973
17972.8
17965.1
17975.3
17985.8
17986.6
17981
17973.2
17974.4
17977.1
17973.3
17967.2
17970.4
17973.5
17968.6
17962.2
17958.9
17959.1
17968.1
17971.2
17964.5
17967.1
17974.3
17972.2
17963.9
17956.6
17951.7
17946.8
17936
17913.6
17879.9
17847.1
17809.8
17757.8
17697.4
17635.2
17574.6
17510.8
17441.5
17365.8
17283.9
17198.6
17100.6
17010.9
16934.7
16891.2
16857.8
16830.7
16823
16878.4
16952.8
16946
16905.3
16889
16873
16840.7
16829.1
16837.7
16859.6
16841.5
16810.1
16843.5
16879.9
16865.4
16843
16850.4
16854.1
16837.9
16836
16835.5
16840.3
16845.5
16838.2
16828.6
16830.7
16831.9
16826.3
16820.1
16831.6
16841
16854.7
16868
16889.4
16904
16899.3
16899
16906.9
16897.8
16873.8
16872.1
16853.6
16830.5
16834.5
16837.2
16820.3
16797.7
16822.7
16849.5
16831.6
16808.2
16792.9
16795.7
16794.4
16793.9
16808.1
16839.4
16866.6
16854.9
16827.5
16827
16824.7
16799.4
16777.2
16803.2
16829.1
16805
16779.1
16788.2
16797.2
16799.7
16788.6
16784.6
16784.5
16816.8
16825.1
16800.6
16812.9
16846.6
16868
16849.3
16837.5
16848.8
16862
16859.4
16849.4
16847.1
16867.2
16905.5
16946.8
16983.9
17016.3
17066.7
17121.3
17153.6
17195.6
17247
17345.5
17443.2
17518.2
17614.4
17720.3
17808.7
17857.3
17869.7
17899.3
17924.9
17907
17844.5
17814.8
17836.4
17879.6
17918
17912
17894.4
17921.4
17937.6
17864.6
17790.9
17868.6
17939.1
17930.3
17941.4
17959.2
17972.2
17966
17964.5
17970.9
17966.3
17943.8
17923.8
17943.6
17967.3
17974.5
17974.7
17968.3
17973.6
17975.5
17968.2
17962.5
17967.1
17966.9
17958.4
17960.4
17963.3
17962.5
17958.7
17955
17956.4
17960.5
17961.9
17960.7
17961
17967.5
17973.2
17968.1
17961.3
17963.3
17967.9
17967.6
17964.1
17964.4
17970
17974.6
17974.6
17975.1
17973.9
17970.6
17969.6
17966
17961.4
17964.9
17967.7
17974.4
17980.4
17978.8
17975.7
17971.9
17972.6
17977.1
17981.7
17986.4
17988.1
17984.3
17981.1
17978.1
17971.5
17965
17968
17970.7
17974.5
17978.8
17977.7
17973.9
17972.1
17970.4
17966.7
17962.2
17967.6
17973.4
17972.2
17970
17967
17963.3
17965.4
17967.1
17968.9
17970.5
17966.2
17961.4
17964.3
17968.3
17963
17957.7
17959
17960.6
17961.4
17961.7
17963.8
17965.9
17963.8
17962.3
17964.8
17968.3
17973.2
17977.6
17980.9
17985.9
17988.4
17983.4
17979.2
17980.9
17981.8
17982.1
17980.8
17979.7
17982.2
17986
17982.9
17975.3
17972.1
17974.5
17976.9
17967.5
17956.8
17961.6
17967.2
17968.3
17969.2
17972.2
17975.4
17982.5
17988.5
17986.6
17987.2
17986.8
17986.1
17984.8
17980.8
17978.2
17974.5
17980.6
17986.9
17980.9
17972.1
17965.3
17956.5
17941.8
17919
17892
17856.1
17808.3
17754.6
17696.1
17636.9
17569.9
17494.1
17420.3
17340.7
17259.4
17172
17072.6
16986.1
16904.1
16857.1
16822.7
16794
16785.1
16837.7
16913.8
16910
16883.7
16856.2
16819.3
16796.8
16779.6
16780.7
16794.5
16791.2
16780.6
16815.3
16838.6
16815.6
16799.6
16787.7
16782.8
16795.9
16800.7
16796.2
16810.7
16833.4
16846.2
16837.3
16834.2
16840.5
16856.8
16855.4
16834.4
16860.7
16890.4
16910.8
16921
16915.6
16906.1
16901.9
16894.4
16855.2
16822.6
16838.7
16853.8
16851.4
16841.1
16873
16911.2
16884.3
16843.3
16830.9
16849.1
16871.4
16876.4
16886.2
16900.3
16920.6
16915.8
16878.5
16858.6
16882.5
16895.3
16873.7
16872.2
16877.9
16884.6
16867.7
16850.4
16836.8
16835.7
16824
16799.2
16795
16799.5
16805.1
16793
16767.7
16770.8
16773.5
16748.7
16731.9
16747.6
16763.3
16777.1
16796.8
16816.4
16828.9
16844.9
16867.4
16880.6
16903.3
16936.7
16976.8
17029.8
17086.2
17161
17232.6
17283
17334.3
17381.6
17442.9
17525.9
17603.2
17689.5
17810.8
17898.7
17920.3
17941
17960.3
17922.1
17831.8
17816.5
17869.7
17914.6
17940
17926.4
17902.3
17901
17892.9
17840.5
17786.7
17869.4
17953.8
17951.8
17953.7
17960.5
17969.8
17968.2
17964
17972.6
17978.2
17959.7
17941.8
17959.6
17972.8
17969.7
17974.9
17978.8
17980.1
17982
17977
17969.5
17966.6
17963.6
17963.6
17968.3
17968.4
17962.8
17967.4
17971.5
17969.9
17967.7
17965.7
17968.5
17970.1
17968.4
17970.1
17973.4
17976
17975.9
17977.9
17978.9
17978.3
17979.4
17975.8
17969.1
17968.6
17968.3
17963.8
17959.7
17963.9
17968.6
17970.8
17974.3
17980.4
17987
17986
17985.5
17984.8
17982.6
17979.2
17976.5
17979.7
17979.5
17977.4
17979.2
17978.7
17975.5
17977.7
17978.9
17975.5
17970.7
17965.8
17968.5
17971.2
17964.6
17957.8
17962.9
17964.2
17960
17962.5
17964
17960.2
17962.7
17961.5
17956.3
17957.5
17960.9
17963.2
17962.3
17961.6
17961.3
17962.4
17965.6
17969.6
17975.6
17978
17976.4
17978.4
17980.7
17977.5
17973.6
17976
17979
17980.4
17979.7
17977.4
17975.1
17975.4
17974.2
17969.5
17965.8
17962.5
17965.6
17969.7
17965.5
17961.9
17968
17974.4
17970.4
17963.6
17963.4
17966.5
17969.4
17964.6
17958.1
17967.2
17975.1
17970.5
17965.6
17969.4
17976
17977.8
17972.9
17967.9
17973.9
17979.9
17972.8
17966.1
17970.1
17975.3
17975.8
17974.1
17972.4
17978.1
17980
17971.1
17961.8
17959.5
17951.7
17927.9
17895
17860
17818.4
17769
17717.5
17660.9
17602.1
17534.7
17456.2
17377.2
17292.1
17197.6
17096
17014
16936.9
16886.9
16851
16818.8
16790.9
16831.7
16902.5
16902.5
16869
16837.3
16811.2
16806.9
16804.7
16789.2
16782.8
16793.4
16801.7
16814.4
16825.5
16829
16834.4
16829.4
16823.3
16828.5
16837.5
16874.8
16912.1
16894.1
16876.4
16901.4
16927.6
16911.4
16885.6
16877.2
16877.2
16886.3
16873.6
16851.7
16862
16867.9
16854.1
16847.5
16816.8
16792.8
16828.2
16848.5
16839.3
16846.7
16855.7
16828.9
16795.1
16791.3
16798.9
16834.6
16860.3
16856
16877.9
16897.1
16886.4
16884.2
16881.4
16878.7
16887
16888
16865.3
16848.3
16879.3
16886
16854.8
16877.7
16879.3
16856.9
16859.3
16849.1
16839.8
16864.2
16873.5
16839.7
16821.4
16823.4
16814.6
16807
16825.9
16834.9
16828.2
16846.2
16857.6
16825.1
16798.5
16834.1
16873
16878.6
16893
16917.5
16952.4
17004.2
17040
17069.9
17120.7
17198.7
17257.4
17287.8
17395.4
17487.7
17551
17643.4
17755.1
17845
17879.4
17898.1
17913.8
17934.2
17906.9
17821.4
17796.5
17855.2
17901.7
17919.5
17922.3
17919.2
17935.3
17933.8
17869.3
17813.5
17877.1
17941.8
17938.1
17939.8
17951.2
17958.6
17964.8
17969.3
17976.4
17976.6
17959.6
17949.4
17963.6
17979.5
17980.7
17979.6
17976.8
17973.9
17973.2
17972.1
17966.8
17961
17964.8
17968.1
17967.2
17963.1
17958.5
17956.7
17967.3
17969.7
17962.5
17968.9
17978.5
17979.1
17974.8
17973
17969.8
17967.6
17975.1
17983.5
17986.7
17988.1
17987.9
17989.5
17987.6
17984.1
17981.1
17978.5
17975.1
17971.4
17967.9
17964.9
17970.3
17975.1
17975.1
17976.5
17972.1
17963.5
17960.6
17963.3
17968.6
17968.7
17963.1
17966.7
17972.6
17971.4
17963.4
17956.9
17960
17967.9
17968.4
17961.3
17958.2
17961.7
17966.4
17966.1
17965.7
17968.4
17971
17970.4
17967.8
17963.2
17960.7
17961.9
17960.6
17957.3
17963.8
17969.1
17972.6
17976.3
17978.5
17977.4
17972.4
17971.2
17973
17976.4
17977.6
17977.3
17985.2
17992.2
17991.3
17989.8
17986.8
17984.4
17982.5
17987.5
17988.8
17983.1
17982.7
17981.6
17979.5
17977.3
17976.7
17975.3
17973.8
17973.1
17973.3
17973.2
17970.3
17970.3
17973.4
17975.6
17973.4
17968.5
17974.6
17981.4
17979.3
17977.2
17982
17988
17989
17989.2
17988
17988.2
17985.9
17982.6
17983.8
17983.7
17983.2
17982.2
17985.1
17987
17983.7
17982.1
17977.5
17976.3
17972.8
17964.5
17946.1
17917.6
17888.1
17851.3
17801.4
17742.3
17685
17629.7
17570.1
17498.3
17420.8
17341.2
17258.1
17161.8
17055.2
16970.4
16896.4
16858.2
16832.8
16810.1
16800.8
16855.1
16949.6
16957.4
16919.3
16894.1
16883.2
16874.2
16853.6
16846.8
16859.4
16860
16849.4
16870.1
16886.7
16881.6
16875.7
16857.3
16846.2
16830
16825.4
16828.1
16843.9
16846.9
16820.1
16826.1
16857.1
16882.6
16839.2
16779.8
16806.5
16842.3
16819.4
16785.7
16804.8
16834.1
16860.8
16844.7
16811.1
16809.7
16837.2
16853.9
16840.4
16850.5
16864.2
16880.5
16894.4
16887.8
16887.3
16889.3
16880.1
16872.2
16872.8
16867
16852.1
16852.4
16849.1
16839.9
16842.1
16842.7
16867.5
16901.7
16892.1
16861.7
16850.3
16843
16856.3
16858.8
16840.6
16852.4
16857.2
16836.5
16822.7
16834.8
16831.7
16806.3
16807.3
16803.7
16785.9
16780.3
16775.1
16798.6
16818.7
16817.7
16822.8
16831.9
16840
16845.4
16867.1
16907
16948.4
16991.1
17030
17094.9
17153.1
17198.3
17264.5
17326.5
17397.3
17484.6
17583.9
17673.9
17752.4
17805.7
17847.3
17889.6
17925.3
17950.6
17935.9
17874.3
17847.6
17872.3
17903.3
17927.4
17928.7
17922.2
17944
17955.3
17887.5
17816.5
17881.5
17950.4
17951.8
17948.8
17943.4
17957.1
17970.6
17971.1
17963.7
17961.6
17956.9
17953.2
17957.8
17958.4
17956.3
17961.3
17969.1
17969.6
17965.6
17965.7
17965.9
17969.6
17970.3
17962.8
17958.9
17966.4
17972.2
17970
17971.8
17973.4
17977.9
17980.4
17970
17959.5
17963.2
17965.1
17964.3
17965.5
17964
17963.4
17969
17973.2
17964.1
17956.9
17961.5
17967.2
17966
17964.6
17966.4
17968.5
17975.4
17978.2
17975.9
17975.3
17979
17979.7
17975.7
17977
17976.9
17980.2
17984.6
17984.4
17981.1
17978.8
17976.9
17971.9
17968.1
17969.9
17972.9
17971.4
17967.9
17963.5
17957.3
17953.2
17950.1
17953.4
17956.9
17963.9
17974
17974.8
17973.2
17973.1
17977.5
17977.1
17971.2
17976
17981
17981.6
17980.8
17983.1
17985.2
17986.7
17984.8
17982
17984.8
17984.4
17977.1
17970
17972.8
17966.1
17957.1
17963.1
17967.6
17966.9
17973.4
17977.6
17975.1
17975.8
17974.5
17972.6
17973.7
17973.7
17969.8
17969.7
17965.7
17960.6
17963.5
17965.8
17966.6
17966.1
17963.5
17960.8
17960.4
17956
17952.2
17957.2
17966.6
17966.6
17960.9
17967.7
17975.4
17971.2
17968.1
17972.6
17978.2
17982.3
17983.3
17983.6
17983
17983.4
17982.1
17978.9
17972.7
17966.4
17976.7
17986.3
17979.4
17968.4
17961.8
17956.2
17945.2
17926.6
17907.2
17899.3
17888.4
17868.9
17848.4
17825.7
17799.7
17776.4
17744.9
17704.6
17669.6
17641.8
17612.2
17594.3
17584
17570.4
17553.3
17572
17597.3
17588.4
17574.8
17564.2
17554.1
17546.6
17540.5
17543.1
17548.3
17543.6
17539.4
17553.8
17568.3
17571.4
17571.9
17564.6
17558.1
17562.9
17561.9
17546.2
17543.3
17543
17541.3
17541
17549.8
17554.6
17544.2
17539.8
17550
17562.6
17562.2
17561.6
17561.9
17563.9
17562.8
17557.3
17559.7
17561.7
17561.5
17563.8
17564.1
17561.2
17558.5
17565.2
17560.8
17553.1
17561.5
17568.3
17569.7
17578.5
17578.6
17572
17576.9
17572.6
17566.8
17584
17593.8
17577.8
17571.9
17573.6
17571.2
17563.5
17565
17567.1
17569.6
17566
17553.8
17549.6
17559.8
17563.6
17554.5
17565.3
17574.3
17571.1
17568.6
17572
17577.3
17564.9
17551.4
17553.2
17557.4
17550.3
17538.6
17558.6
17569.5
17559.9
17565.8
17575.5
17588.6
17602.3
17605.3
17613.9
17647.5
17678.3
17695.1
17724.7
17758.4
17785.2
17815.2
17842.7
17877.7
17911.2
17943.3
17960.4
17964.3
17957.3
17940.4
17923
17917.5
17931.2
17948.8
17963.7
17960
17952
17953.4
17949
17931.4
17917.8
17944.2
17964.2
17955.2
17963.6
17971.1
17967.7
17958.5
17949.1
17958.1
17966.9
17956.9
17944.8
17958.7
17974
17971.9
17968.2
17965.1
17969
17973
17973.3
17976.2
17977.9
17981.4
17981.4
17977.5
17975.5
17973.5
17976.9
17982.5
17983.5
17980.3
17979.6
17977.4
17969.8
17959.9
17958.1
17958.3
17960.5
17958.6
17954.7
17959.9
17963.3
17962.6
17966.5
17971.4
17969.5
17968.8
17969.2
17972.8
17973.8
17973.7
17976.7
17982
17984.2
17977.7
17976.8
17978.2
17977.5
17970
17963.3
17974
17982.3
17979.6
17974.2
17978
17979.5
17973.3
17966.3
17959.3
17967
17976.9
17973.8
17965
17969
17975.3
17970.6
17961.6
17956
17960.4
17965.5
17966.2
17969.2
17973.1
17976.9
17979.4
17985
17986.8
17984.3
17985
17985.2
17979
17973.6
17979
17983.6
17985.1
17987.4
17989
17991.3
17996
17994.9
17990.3
17986.7
17988.1
17986.9
17980.6
17978.3
17977.2
17975.5
17973.1
17968.1
17965.7
17965.6
17969.8
17971.2
17967.9
17972.5
17976.7
17974.4
17973
17970.9
17971.4
17972.3
17969.4
17966.1
17971.5
17976.9
17974.4
17971
17972.2
17974.2
17978.5
17982.9
17983.3
17983.9
17981.6
17980
17978.3
17976.8
17978.2
17978.8
17975.3
17972.6
17977.1
17978.6
17974.2
17973.7
17968.8
17957.7
17943.5
17921.4
17888.8
17850.6
17805.5
17752.5
17694.5
17636.1
17572
17501.6
17422.8
17335.9
17245.8
17154.6
17054.8
16962.4
16878.6
16836
16809.8
16786.2
16776.1
16822.1
16901.3
16914.2
16891.1
16858.7
16822.5
16822.1
16828
16828.8
16835.4
16821.6
16803.3
16820.9
16834.3
16816.1
16805.8
16823.8
16845.5
16847.8
16857.8
16854.6
16844
16849.3
16856.9
16867.9
16867.2
16854
16834.6
16852.9
16870.8
16847.9
16834.1
16831.4
16879.5
16902.8
16866.1
16876.1
16900.3
16890.8
16859.8
16830.9
16833.4
16840.8
16852.1
16834.4
16790.5
16792.3
16794.7
16786.7
16770.4
16787.8
16809.6
16826.4
16831.3
16815.1
16820.6
16832.5
16842.4
16853.8
16862.2
16872.6
16882.8
16874.2
16863.2
16863.6
16867.9
16868.4
16869.9
16866.8
16863.2
16851.8
16846.2
16839.6
16825.4
16812.8
16803.4
16831.2
16855.3
16871.1
16879.5
16875.4
16864.7
16857.4
16839.2
16823.7
16854.6
16898
16935.8
16958.8
16980.8
17019.1
17059.7
17072.6
17096.1
17170.7
17249.2
17321.4
17410.5
17497.8
17572.3
17674.3
17762.5
17813.3
17847.5
17902.7
17951.9
17965.5
17922.9
17830.4
17822.3
17872.7
17900
17910
17931.5
17931.4
17923.3
17923.3
17866.6
17808.6
17877.6
17932.7
17915.1
17930.9
17945.5
17945.2
17939.5
17955.7
17975
17972.1
17961.3
17950.7
17965.3
17972.6
17964.9
17968.7
17974.8
17980.6
17980.9
17979.8
17979.6
17979.7
17976.8
17970.6
17970.4
17969.7
17973.4
17975.5
17969.2
17965.5
17970.4
17975.7
17977.5
17980.4
17979.4
17979.9
17980.8
17981.8
17980.9
17982.2
17984
17982.2
17977.5
17972.1
17975.6
17977.8
17974.3
17970.8
17966.9
17970.4
17973.4
17969.5
17964.8
17973
17981.2
17977
17972
17975.6
17979.9
17975.3
17971
17975.5
17980.9
17978.1
17973.4
17976.3
17979.7
17978.7
17977.3
17977.1
17977.3
17980.8
17980.5
17977.2
17974.7
17980.8
17981.2
17972.8
17976
17978.5
17976.3
17975.6
17979.8
17980.2
17978.4
17981.9
17980.9
17976.7
17984.2
17985.1
17976.3
17983.4
17989.4
17988.6
17982.3
17975.7
17976.2
17981.6
17976.9
17966.7
17977.5
17988
17982.9
17974
17979.6
17983.6
17979.7
17975.9
17972.2
17976.8
17982.1
17976.5
17967.7
17971.8
17973.7
17971.1
17972.3
17977.9
17983.5
17984.3
17982.5
17981.5
17984.1
17989.2
17989
17984.2
17986.1
17984.3
17982.1
17982
17986
17988.8
17989.4
17987.5
17983.9
17981.5
17978.7
17976.2
17972.8
17976.2
17979.3
17974.9
17971
17967.4
17967.4
17968.4
17962.8
17952.7
17936.3
17917.8
17889.3
17849.3
17803.3
17753.2
17706.6
17656.6
17593
17520
17448.3
17368
17276.2
17182.6
17082.6
16995.8
16913.5
16870
16841.8
16818.2
16798.1
16837.7
16904
16903.9
16878.4
16843.5
16813.1
16808.3
16802.5
16801.3
16807.7
16819.4
16839
16854.6
16857.9
16841.9
16854.1
16847.8
16820.9
16843.4
16862.6
16867.6
16875.7
16874
16863.2
16869.3
16875.5
16865.7
16866.7
16878.3
16887.8
16886.3
16901.9
16891.2
16850.1
16846
16840.4
16829.5
16818.6
16837.3
16859.1
16841.4
16820
16807.8
16821.9
16818.7
16789.6
16792.3
16822.5
16836.8
16814.9
16786.7
16814.8
16841.4
16839.4
16838.1
16836
16826.1
16806.1
16790.4
16812.1
16832.8
16819
16807.4
16816.7
16819.6
16807.7
16805.8
16832.1
16860
16866.7
16873.5
16859.4
16844.1
16839.7
16838.1
16833.7
16834.3
16841.1
16843.2
16839.7
16852.6
16858.2
16844
16851.2
16843.4
16824.7
16824.4
16873.2
16902.3
16906.7
16967.5
17030.4
17084.6
17134.2
17181.9
17236.4
17299.5
17354.4
17425.2
17521.5
17605.6
17690.6
17792.8
17866.7
17885
17906.5
17925.9
17906.8
17834.9
17813.9
17863.1
17904.7
17951.8
17961.2
17933.6
17925.3
17921.3
17853.6
17784.9
17866.2
17951
17946.8
17941.6
17946
17949.4
17946.3
17947.3
17953.7
17958.7
17950.8
17935.7
17949.6
17964.2
17963.9
17962.2
17960.1
17962.5
17964.4
17964.7
17964.2
17965.3
17964.1
17963.7
17971.7
17978.1
17979.3
17979.7
17982.1
17983
17980.3
17976.9
17976.2
17979.2
17982
17982.4
17981.9
17988.9
17992.4
17986.7
17984.6
17982.4
17977.2
17972.6
17979.8
17986.3
17987.2
17987.7
17984.4
17982.9
17977.9
17971.2
17968.9
17970.5
17970.9
17966.1
17966.6
17967.6
17971.8
17973
17969.8
17970.8
17971.8
17971.9
17971.9
17972.4
17971.1
17970.2
17975.6
17982.5
17983.8
17982.6
17981.8
17984.1
17982.7
17977.1
17976.4
17975.9
17978.1
17979.3
17979
17982.4
17986.3
17986.3
17982.2
17977.2
17971.8
17966.5
17970.1
17973.7
17975.9
17976.5
17973.8
17973.6
17976.3
17977.7
17974.3
17971.7
17974.9
17978
17969.9
17960.6
17965.4
17970.8
17970.2
17970.1
17970.9
17975.5
17979
17972.9
17965.8
17963.5
17969
17974.5
17976.9
17978.3
17979.9
17982.4
17984.4
17983.8
17980.7
17979.3
17979.3
17976.9
17970
17964.9
17967.8
17970.9
17973.7
17978
17976
17972.2
17977.5
17981.8
17981.3
17981
17975.1
17967.5
17971.8
17970.9
17964.6
17966.3
17968.6
17968.6
17968.3
17964.3
17954.1
17939.4
17924.2
17909.4
17883.7
17841.2
17790
17754.6
17711.3
17652.5
17592.9
17530.6
17460.4
17376.7
17287.2
17190.9
17090.5
16997.3
16907.4
16849.8
16810.6
16781.5
16756.7
16785.7
16848.3
16854.8
16822.7
16801.3
16784.4
16765.5
16760
16773.4
16802.1
16826.6
16834.4
16829.9
16833.8
16833.4
16820.5
16803.9
16828.9
16853.4
16850
16846.2
16852
16859.5
16868.4
16880.8
16888.3
16896.6
16904.2
16914.5
16898.9
16881.7
16902.7
16928.6
16923.4
16905.9
16917.9
16923.9
16915.9
16915.4
16899.9
16881.1
16889.4
16892.2
16870.7
16859.1
16858.8
16859.8
16855.1
16849.1
16845.9
16863
16875
16848.7
16827.7
16850
16875.7
16862
16849.2
16842
16843
16838.6
16820.7
16817.8
16814.5
16831.5
16838.4
16822.1
16814.5
16817
16810.8
16801.5
16802.9
16803.7
16814.1
16833
16852.7
16860.7
16866.8
16864.2
16867.9
16870.8
16869.8
16865.7
16863.1
16863.2
16876.9
16886
16886.6
16904
16962.7
17033.1
17062.6
17084
17108.8
17169.4
17216.2
17248.2
17328.7
17430.6
17535.1
17619.3
17689.5
17785.9
17858.3
17881.4
17902.6
17922.5
17902.2
17845.6
17839.5
17856.3
17866.1
17915.5
17927.9
17902.5
17896.7
17901.8
17844.9
17783.3
17851.5
17925.2
17937.7
17953.1
17965.4
17971.1
17971.8
17966.7
17965.5
17970.4
17960.3
17946.8
17961
17971.1
17969.1
17975.9
17979.6
17978.2
17980.3
17980.2
17974.4
17971.6
17971.9
