3.1153e+07
9.40969e+07
2.31222e+08
4.08621e+08
4.86782e+08
4.63982e+08
2.92962e+08
1.24295e+08
1.19008e+07
3.64426e+08
6.50569e+07
1.53557e+08
1.83889e+08
2.5977e+08
3.266e+08
3.41203e+08
2.32429e+08
9.37506e+07
1.53047e+07
4.04142e+07
1.10338e+08
1.5742e+08
6.72243e+07
1.00474e+07
6.23676e+07
3.1462e+08
7.06777e+07
3.77138e+07
1.18499e+08
2.04613e+08
3.20455e+08
3.57757e+08
2.43663e+08
1.07135e+08
2.07047e+07
4.49451e+06
5.33474e+07
9.98146e+07
4.35588e+07
1.41023e+07
4.99009e+07
1.05426e+06
9.28719e+06
502589
5.8156e+07
2.61375e+07
9.42347e+06
8.29909e+07
5.62116e+07
1.50906e+07
7.36788e+07
4.75939e+07
8.68339e+06
3.95617e+08
6.28132e+06
9.80518e+07
2.51515e+08
4.26805e+08
4.96062e+08
4.65147e+08
2.91087e+08
1.26051e+08
3.64719e+07
9.96013e+07
1.39994e+08
1.28381e+08
1.2789e+07
6.06495e+07
6.1789e+07
1.04977e+06
1.50968e+07
4.41831e+06
6.23337e+07
3.39419e+07
9.09048e+06
9.04807e+07
6.60789e+07
1.63517e+07
8.11138e+07
7.89098e+07
4.23874e+07
4.18027e+07
4.12969e+07
2.6353e+07
2.75535e+07
3.09609e+07
8.48403e+06
8.48403e+06
8.48403e+06
8.48403e+06
8.48403e+06
8.48403e+06
8.48403e+06
8.48403e+06
8.48403e+06
8.48403e+06
8.48403e+06
8.48403e+06
8.48403e+06
8.48403e+06
8.48403e+06
8.48403e+06
8.48403e+06
8.48403e+06
8.48403e+06
8.48403e+06
8.48403e+06
8.48403e+06
8.48403e+06
8.48403e+06
8.48403e+06
8.48403e+06
8.48403e+06
8.48403e+06
8.48403e+06
8.48403e+06
8.48403e+06
8.48403e+06
8.48403e+06
8.48403e+06
8.48403e+06
8.48403e+06
8.48403e+06
8.48403e+06
8.48403e+06
8.48403e+06
7.20116e+06
4.43261e+07
4.46053e+08
2.91693e+07
9.15463e+07
2.28066e+08
4.05186e+08
4.83317e+08
4.60922e+08
2.90746e+08
1.23312e+08
2.99059e+07
9.35658e+07
1.38754e+08
1.32036e+08
1.63397e+07
5.96685e+07
6.30297e+07
1.12228e+06
1.76537e+07
6.84168e+06
6.30285e+07
3.83285e+07
4.71856e+06
8.96486e+07
6.99155e+07
2.13236e+07
7.88996e+07
8.04972e+07
4.53599e+07
4.04611e+07
4.12852e+07
2.65899e+07
2.66541e+07
3.09609e+07
8.48403e+06
8.48403e+06
8.48403e+06
8.48403e+06
8.48403e+06
8.48403e+06
8.48403e+06
8.48403e+06
8.48403e+06
8.48403e+06
8.48403e+06
8.48403e+06
8.48403e+06
8.48403e+06
8.48403e+06
8.48403e+06
8.48403e+06
8.48403e+06
8.48403e+06
8.48403e+06
8.48403e+06
8.48403e+06
8.48403e+06
8.48403e+06
8.48403e+06
8.48403e+06
8.48403e+06
8.48403e+06
8.48403e+06
8.48403e+06
8.48403e+06
8.48403e+06
8.48403e+06
8.48403e+06
8.48403e+06
8.48403e+06
8.48403e+06
8.48403e+06
8.48403e+06
8.48403e+06
8.48403e+06
8.48403e+06
8.48403e+06
8.48403e+06
8.48403e+06
8.48403e+06
8.48403e+06
8.48403e+06
8.48403e+06
8.48403e+06
8.48403e+06
8.48403e+06
8.48403e+06
8.48403e+06
8.48403e+06
8.48403e+06
8.48403e+06
8.48403e+06
8.48403e+06
8.48403e+06
8.48403e+06
8.48403e+06
8.48403e+06
8.48403e+06
8.48403e+06
8.48403e+06
8.48403e+06
8.48403e+06
8.48403e+06
8.48403e+06
8.48403e+06
8.48403e+06
8.48403e+06
8.48403e+06
8.48403e+06
8.48403e+06
8.48403e+06
8.48403e+06
8.48403e+06
8.48403e+06
8.48403e+06
8.48403e+06
8.48403e+06
8.48403e+06
8.48403e+06
8.48403e+06
8.48403e+06
8.48403e+06
8.48403e+06
8.48403e+06
8.48403e+06
8.48403e+06
8.48403e+06
8.48403e+06
8.48403e+06
8.48403e+06
8.48403e+06
8.48403e+06
8.48403e+06
8.48403e+06
8.48403e+06
2.8285e+07
3.64181e+08
9.1116e+07
5.55237e+07
2.05295e+08
3.59317e+08
4.19346e+08
3.9338e+08
2.39074e+08
1.05632e+08
3.45362e+07
9.4959e+07
1.21411e+08
1.07826e+08
5.5482e+06
5.08914e+07
4.58598e+07
3.93803e+06
1.34432e+07
690184
5.84948e+07
2.64889e+07
8.54993e+06
8.02862e+07
5.29343e+07
1.33757e+07
7.19677e+07
6.26227e+07
3.33638e+07
3.79899e+07
3.0204e+07
1.91216e+07
1.01438e+07
3.09196e+07
3.09609e+07
8.48403e+06
8.48403e+06
8.48403e+06
8.48403e+06
8.48403e+06
8.48403e+06
8.48403e+06
8.48403e+06
8.48403e+06
8.48403e+06
8.48403e+06
8.48403e+06
8.48403e+06
8.48403e+06
8.48403e+06
8.48403e+06
8.48403e+06
8.48403e+06
8.48403e+06
8.48403e+06
8.48403e+06
8.48403e+06
8.48403e+06
8.48403e+06
8.48403e+06
8.48403e+06
8.48403e+06
8.48403e+06
1.15659e+07
1.87922e+08
2.78791e+08
7.4058e+06
3.54237e+07
1.85127e+07
7.73712e+07
1.53608e+08
2.10853e+08
1.4818e+08
6.38835e+07
2.66765e+07
1.63369e+07
5.60901e+06
3.39709e+08
6.02694e+06
6.91705e+07
1.72128e+08
3.25463e+08
4.01947e+08
3.81493e+08
2.11873e+08
7.46967e+07
9.16271e+06
9.45859e+07
1.36337e+08
1.25267e+08
655872
7.54781e+07
7.31461e+07
1.73233e+07
1.65793e+08
2.73937e+08
3.77039e+07
4.98441e+07
1.45676e+06
1.15724e+08
1.53211e+08
1.46552e+08
3.85256e+07
2.07236e+07
4.45752e+07
3.15591e+07
6.40695e+07
7.13465e+07
3.59821e+07
2.06807e+07
4.39496e+07
9.24843e+06
1.37194e+07
3.18624e+07
2.92953e+07
3.17914e+07
3.48723e+07
3.47009e+07
4.18155e+07
4.82703e+07
2.31431e+07
4.09017e+07
4.72726e+07
1.16614e+07
2.13675e+07
2.38511e+07
2.78251e+07
3.09609e+07
8.48403e+06
8.48403e+06
8.48403e+06
8.48403e+06
8.48403e+06
8.48403e+06
8.48403e+06
8.48403e+06
8.48403e+06
8.48403e+06
8.48403e+06
8.48403e+06
8.48403e+06
8.48403e+06
8.48403e+06
8.48403e+06
8.48403e+06
8.48403e+06
8.48403e+06
8.48403e+06
8.48403e+06
8.48403e+06
8.48403e+06
8.48403e+06
8.48403e+06
8.48403e+06
8.48403e+06
8.48403e+06
2.77943e+07
3.57191e+08
9.76093e+07
5.48259e+07
2.01244e+08
3.51059e+08
4.07124e+08
3.79205e+08
2.26029e+08
9.76253e+07
3.12477e+07
9.32006e+07
1.18212e+08
1.0353e+08
2.63102e+06
5.09599e+07
4.39374e+07
5.2562e+06
1.35043e+07
176252
5.8008e+07
2.49328e+07
9.44112e+06
7.93406e+07
5.05127e+07
1.15923e+07
7.16756e+07
6.03365e+07
3.10844e+07
3.85405e+07
2.9129e+07
1.78445e+07
1.15368e+07
3.09179e+07
3.09609e+07
8.48403e+06
8.48403e+06
8.48403e+06
8.48403e+06
8.48403e+06
8.48403e+06
8.48403e+06
8.48403e+06
8.48403e+06
8.48403e+06
8.48403e+06
8.48403e+06
8.48403e+06
8.48403e+06
8.48403e+06
8.48403e+06
8.48403e+06
8.48403e+06
8.48403e+06
8.48403e+06
8.48403e+06
8.48403e+06
8.48403e+06
8.48403e+06
8.48403e+06
8.48403e+06
8.48403e+06
8.48403e+06
8.48403e+06
8.48403e+06
8.48403e+06
8.48403e+06
8.48403e+06
8.48403e+06
8.48403e+06
8.48403e+06
8.48403e+06
8.48403e+06
8.48403e+06
8.48403e+06
8.48403e+06
8.48403e+06
8.48403e+06
8.48403e+06
8.48403e+06
8.48403e+06
8.48403e+06
8.48403e+06
8.48403e+06
8.48403e+06
8.48403e+06
8.48403e+06
8.48403e+06
8.48403e+06
8.48403e+06
8.48403e+06
8.48403e+06
8.48403e+06
8.48403e+06
8.48403e+06
8.48403e+06
8.48403e+06
8.48403e+06
8.48403e+06
8.48403e+06
8.48403e+06
8.48403e+06
8.48403e+06
8.48403e+06
8.48403e+06
8.48403e+06
8.48403e+06
8.48403e+06
8.48403e+06
8.48403e+06
8.48403e+06
8.48403e+06
8.48403e+06
8.48403e+06
8.48403e+06
8.48403e+06
8.48403e+06
8.48403e+06
8.48403e+06
8.48403e+06
8.48403e+06
8.48403e+06
8.48403e+06
8.48403e+06
8.48403e+06
8.48403e+06
8.48403e+06
8.48403e+06
8.48403e+06
8.48403e+06
8.48403e+06
8.48403e+06
8.48403e+06
8.48403e+06
8.48403e+06
8.48403e+06
8.48403e+06
8.48403e+06
8.48403e+06
8.48403e+06
8.48403e+06
8.48403e+06
8.48403e+06
8.48403e+06
8.48403e+06
8.48403e+06
8.48403e+06
8.48403e+06
8.48403e+06
8.48403e+06
8.48403e+06
8.48403e+06
8.48403e+06
8.48403e+06
8.48403e+06
8.48403e+06
8.48403e+06
8.48403e+06
8.48403e+06
8.48403e+06
8.48403e+06
8.48403e+06
8.48403e+06
8.48403e+06
8.48403e+06
8.48403e+06
8.48403e+06
8.48403e+06
8.48403e+06
8.48403e+06
8.48403e+06
8.48403e+06
8.48403e+06
8.48403e+06
8.48403e+06
8.48403e+06
8.48403e+06
8.48403e+06
8.48403e+06
8.48403e+06
8.48403e+06
8.48403e+06
8.48403e+06
8.48403e+06
8.48403e+06
8.48403e+06
8.48403e+06
8.48403e+06
8.48403e+06
8.48403e+06
8.48403e+06
8.48403e+06
8.48403e+06
8.48403e+06
8.48403e+06
8.48403e+06
8.48403e+06
8.48403e+06
8.48403e+06
8.48403e+06
8.48403e+06
8.48403e+06
8.48403e+06
8.48403e+06
8.48403e+06
8.48403e+06
8.48403e+06
8.48403e+06
8.48403e+06
8.48403e+06
8.48403e+06
8.48403e+06
8.48403e+06
8.48403e+06
8.48403e+06
8.48403e+06
8.48403e+06
8.48403e+06
8.48403e+06
8.48403e+06
8.48403e+06
8.48403e+06
8.48403e+06
8.48403e+06
8.48403e+06
8.48403e+06
8.48403e+06
8.48403e+06
8.48403e+06
8.48403e+06
8.48403e+06
8.48403e+06
8.48403e+06
8.48403e+06
8.48403e+06
8.48403e+06
8.48403e+06
8.48403e+06
8.48403e+06
8.48403e+06
8.48403e+06
8.48403e+06
8.48403e+06
8.48403e+06
8.48403e+06
8.48403e+06
8.48403e+06
8.48403e+06
8.48403e+06
8.48403e+06
8.48403e+06
8.48403e+06
8.48403e+06
8.48403e+06
8.48403e+06
8.48403e+06
8.48403e+06
8.48403e+06
8.48403e+06
8.48403e+06
8.48403e+06
8.48403e+06
8.48403e+06
8.48403e+06
8.48403e+06
8.48403e+06
8.48403e+06
1.16159e+07
4.09993e+07
3.91579e+08
2.95633e+07
1.14607e+08
2.55323e+08
4.27492e+08
4.96323e+08
4.65279e+08
2.9151e+08
1.26706e+08
3.71347e+07
9.98972e+07
1.39914e+08
1.28215e+08
1.27969e+07
6.04714e+07
6.16947e+07
1.10921e+06
1.50247e+07
4.38898e+06
6.23047e+07
3.39086e+07
9.0752e+06
9.04434e+07
6.60588e+07
1.6387e+07
8.10592e+07
7.88829e+07
4.24278e+07
4.173e+07
4.12629e+07
2.63783e+07
2.69937e+07
3.09609e+07
8.48403e+06
8.48403e+06
8.48403e+06
8.48403e+06
8.48403e+06
8.48403e+06
8.48403e+06
8.48403e+06
8.48403e+06
8.48403e+06
8.48403e+06
8.48403e+06
8.48403e+06
5.98629e+06
3.60856e+06
9.52473e+07
1.61521e+08
2.25632e+08
1.78951e+08
8.0187e+07
6.48612e+07
9.52781e+07
5.25351e+07
5.84053e+07
6.1842e+07
1.57189e+07
7.12249e+07
6.70163e+07
1.24396e+07
3.74477e+07
1.84627e+07
1.23747e+07
5.3431e+07
6.14324e+06
3.78736e+07
7.12443e+07
4.72389e+06
3.54115e+07
7.96775e+07
2.15753e+07
2.02183e+07
6.07338e+07
1.39957e+07
7.9417e+06
3.09576e+07
5.5173e+06
1.28623e+08
2.91688e+08
4.86825e+08
5.68517e+08
5.36035e+08
3.48076e+08
1.55806e+08
1.52427e+07
1.09444e+08
1.8488e+08
2.46474e+08
1.87609e+08
7.72668e+07
6.66019e+07
9.24725e+07
4.7467e+07
5.81718e+07
5.48598e+07
1.10033e+07
6.68674e+07
5.41944e+07
1.60185e+06
3.80614e+07
7.45185e+06
2.54382e+07
5.88707e+07
1.01968e+07
4.45692e+07
7.42719e+07
5.879e+06
3.47357e+07
8.00459e+07
2.27234e+07
1.92642e+07
6.06475e+07
1.45572e+07
7.41298e+06
3.09609e+07
8.48403e+06
8.48403e+06
8.48403e+06
8.48403e+06
8.48403e+06
8.48403e+06
8.48403e+06
8.48403e+06
8.48403e+06
8.48403e+06
8.48403e+06
8.48403e+06
8.48403e+06
8.48403e+06
8.48403e+06
8.48403e+06
8.48403e+06
8.48403e+06
8.48403e+06
8.48403e+06
8.48403e+06
2.81252e+07
3.69952e+08
1.13334e+08
8.29906e+07
1.97138e+08
3.34687e+08
3.72726e+08
3.26617e+08
1.62694e+08
4.36724e+07
786462
8.01336e+07
1.10235e+08
8.98156e+07
1.47163e+07
6.205e+07
4.3598e+07
1.2888e+07
1.84624e+07
178928
5.97174e+07
2.24678e+07
1.57486e+07
8.2436e+07
2.63673e+07
4.49223e+07
3.51685e+08
1.162e+07
9.57038e+07
1.63129e+08
3.01706e+08
3.74718e+08
4.55283e+08
2.91268e+08
1.26584e+08
3.70007e+07
9.99378e+07
1.40101e+08
1.28366e+08
1.27469e+07
4.91541e+07
2.17947e+07
4.46797e+08
1.94746e+07
7.68703e+07
1.43737e+08
2.90423e+08
3.79784e+08
4.01493e+08
2.61358e+08
1.01182e+08
2.74276e+07
1.47667e+07
7.71479e+07
1.17649e+08
4.19821e+07
3.01335e+07
6.41748e+07
646512
1.61535e+07
4.35827e+06
6.37962e+07
3.58461e+07
8.867e+06
9.20872e+07
6.85577e+07
1.72804e+07
8.22011e+07
8.08777e+07
4.34562e+07
4.22553e+07
4.18954e+07
2.66035e+07
2.67297e+07
3.09609e+07
8.48403e+06
8.48403e+06
8.48403e+06
8.48403e+06
8.48403e+06
8.48403e+06
8.48403e+06
8.48403e+06
8.48403e+06
8.48403e+06
8.38245e+06
5.51402e+06
1.269e+08
3.11381e+07
1.70008e+08
3.38981e+08
5.23492e+08
5.89872e+08
5.44544e+08
3.52773e+08
1.65708e+08
6.72035e+07
1.28163e+08
1.64985e+08
1.43179e+08
1.36758e+07
6.593e+07
6.86423e+07
3.86231e+06
1.12284e+07
1.68733e+06
6.75988e+07
3.35664e+07
1.85048e+07
1.02346e+08
7.25649e+07
1.09594e+07
9.28393e+07
8.93989e+07
4.52696e+07
4.56137e+07
4.70778e+07
3.10587e+07
4.72504e+07
3.09609e+07
8.48403e+06
8.48403e+06
8.48403e+06
8.48403e+06
8.48403e+06
8.48403e+06
8.48403e+06
8.48403e+06
8.48403e+06
8.48403e+06
8.48403e+06
8.48403e+06
8.48403e+06
8.48403e+06
8.48403e+06
8.48403e+06
8.48403e+06
8.48403e+06
8.48403e+06
8.48403e+06
8.48403e+06
8.48403e+06
8.48403e+06
8.48403e+06
8.48403e+06
8.48403e+06
8.48403e+06
8.48403e+06
8.48403e+06
8.48403e+06
8.48403e+06
8.48403e+06
8.48403e+06
8.48403e+06
8.48403e+06
8.48403e+06
8.48403e+06
8.48403e+06
8.48403e+06
8.48403e+06
8.48403e+06
8.48403e+06
8.48403e+06
8.48403e+06
8.48403e+06
8.48403e+06
8.48403e+06
8.48403e+06
8.48403e+06
8.48403e+06
8.48403e+06
8.48403e+06
8.48403e+06
8.48403e+06
8.48403e+06
8.48403e+06
8.48403e+06
8.48403e+06
8.46191e+06
5.45095e+06
3.28485e+07
2.57528e+07
1.19713e+08
2.87997e+08
3.91869e+08
4.15744e+08
2.85927e+08
1.30363e+08
1.40471e+07
5.72816e+07
1.11405e+08
1.33319e+08
4.08433e+07
4.24733e+07
6.42808e+07
1.03215e+07
2.06976e+07
2.84132e+07
6.95546e+07
1.59345e+08
2.74706e+08
3.06906e+08
3.06877e+08
2.09983e+08
1.37112e+08
6.9886e+07
8.37538e+07
5.18376e+07
2.20113e+06
1.14473e+08
2.38084e+08
2.37722e+08
1.21347e+08
2.96788e+07
2.14772e+06
8.75393e+07
9.59224e+07
5.55802e+07
6.65936e+07
9.29123e+07
5.60575e+07
5.78896e+07
8.34382e+07
5.21874e+07
4.80089e+07
5.37073e+07
2.34247e+07
1.0194e+08
7.98107e+07
1.89697e+07
9.01572e+07
9.27033e+07
4.98408e+07
4.43706e+07
4.72504e+07
3.09609e+07
8.48403e+06
8.48403e+06
8.48403e+06
8.48403e+06
8.48403e+06
8.48403e+06
8.48403e+06
8.48403e+06
8.48403e+06
8.48403e+06
8.48403e+06
8.48403e+06
8.48403e+06
8.48403e+06
8.48403e+06
8.48403e+06
8.48403e+06
8.48403e+06
8.48403e+06
8.48403e+06
8.48403e+06
8.48403e+06
8.48403e+06
8.48403e+06
8.48403e+06
8.48403e+06
8.48403e+06
8.48403e+06
8.48403e+06
8.48403e+06
8.48403e+06
8.48403e+06
8.48403e+06
8.48403e+06
8.48403e+06
8.48403e+06
8.48403e+06
8.48403e+06
8.48403e+06
8.48403e+06
8.48403e+06
8.48403e+06
8.48403e+06
8.48403e+06
8.48403e+06
8.48403e+06
8.48403e+06
8.48403e+06
8.48403e+06
8.48403e+06
8.48403e+06
8.48403e+06
8.48403e+06
8.48403e+06
8.48403e+06
8.48403e+06
8.48403e+06
8.48403e+06
8.48403e+06
8.48403e+06
8.48403e+06
8.48403e+06
8.48403e+06
8.48403e+06
8.48403e+06
8.48403e+06
8.48403e+06
8.48403e+06
8.48403e+06
8.48403e+06
8.48403e+06
8.48403e+06
8.48403e+06
8.48403e+06
8.48403e+06
8.48403e+06
8.48403e+06
8.48403e+06
1.21689e+07
1.13867e+08
3.47301e+08
2.07505e+07
5.04926e+07
1.43157e+08
2.91001e+08
3.67449e+08
3.71962e+08
2.39837e+08
1.04951e+08
1.13584e+07
6.03359e+07
1.02784e+08
1.13076e+08
2.49145e+07
4.47817e+07
5.53373e+07
9.67068e+07
1.80178e+07
4.67353e+07
3.07193e+07
9.81745e+07
1.32706e+08
1.74106e+08
3.05111e+08
179996
1.12388e+08
2.26165e+08
3.35529e+08
3.59344e+08
3.39703e+08
2.30566e+08
1.40832e+08
4.09534e+07
9.64249e+07
1.4202e+08
1.40831e+08
2.21742e+07
6.48802e+07
8.17584e+07
1.9787e+07
1.23496e+07
2.12205e+07
4.03802e+07
4.15449e+06
4.77707e+07
3.46244e+08
1.52206e+07
8.36185e+07
1.16048e+08
2.19527e+08
2.74255e+08
7.52183e+07
1.62272e+08
1.41465e+08
2.02611e+08
3.27018e+08
7.8489e+07
2.58271e+08
1.0462e+08
7.67127e+07
1.84627e+08
1.41446e+08
3.29132e+08
1.78264e+07
1.25208e+08
2.12392e+08
3.00206e+08
3.00007e+08
2.62015e+08
1.59495e+08
1.09474e+08
6.63058e+07
6.62306e+07
2.44858e+07
6.64868e+06
3.35327e+07
9.98531e+06
1.83455e+07
6.0242e+07
1.85967e+07
2.1361e+07
8.59915e+07
6.82346e+07
9.72546e+06
9.15813e+07
7.39561e+07
2.03713e+07
4.01448e+07
2.81991e+07
1.70459e+08
5.58957e+08
1.28145e+07
3.555e+07
1.62223e+08
3.40709e+08
4.44739e+08
4.72852e+08
3.51334e+08
1.04078e+08
2.02942e+08
4.32266e+08
8.85589e+07
3.43806e+07
1.25676e+08
1.64508e+08
2.19481e+08
2.7447e+08
2.35391e+08
9.62776e+07
5.30467e+07
4.39096e+08
2.6871e+08
1.58497e+08
7.23302e+07
1.29487e+08
2.87576e+07
4.78175e+07
1.07319e+08
8.42353e+07
1.03185e+07
6.99908e+07
6.73346e+08
1.01465e+08
6.45974e+06
1.74911e+08
3.02669e+08
3.41606e+08
3.16365e+08
1.97665e+08
1.00686e+08
2.37274e+07
5.19085e+07
5.57131e+07
8.40196e+07
3.80463e+07
1.41186e+07
1.73184e+07
1.75828e+07
3.4e+07
2.18087e+07
4.04544e+07
8.14002e+06
1.59301e+07
8.49062e+07
5.69353e+07
1.64899e+07
7.34763e+07
6.94465e+07
4.14708e+07
3.46434e+07
3.49877e+07
2.6484e+07
3.6122e+06
2.08024e+07
3.07012e+07
3.09609e+07
8.48403e+06
8.48403e+06
8.48403e+06
8.48403e+06
8.48403e+06
8.48403e+06
8.48403e+06
8.48403e+06
8.48403e+06
8.48403e+06
8.48403e+06
8.48403e+06
8.48403e+06
8.48403e+06
8.48403e+06
8.48403e+06
8.48403e+06
8.48403e+06
8.48403e+06
8.48403e+06
8.48403e+06
8.48403e+06
8.48403e+06
8.48403e+06
8.48403e+06
8.48403e+06
8.48403e+06
8.48403e+06
8.48403e+06
8.48403e+06
8.48403e+06
8.47174e+06
5.47962e+06
3.20532e+07
2.01041e+07
5.63871e+07
1.55498e+08
1.72598e+08
2.04492e+08
1.01476e+07
8.58539e+07
1.23297e+08
1.51561e+08
7.36408e+07
3.18588e+07
1.51526e+08
1.42642e+08
7.14021e+07
4.23166e+07
3.49493e+07
1.48294e+07
8.75514e+07
6.5593e+07
3.23182e+07
2.23855e+06
6.74603e+06
3.95552e+07
7.00849e+07
1.21397e+08
3.84447e+07
1.03534e+08
2.88632e+08
3.21835e+08
2.56515e+08
8.42354e+07
6.80168e+06
1.38528e+07
9.25076e+07
1.01374e+08
4.99469e+07
2.97626e+07
2.73928e+07
3.14093e+06
3.72512e+07
2.22687e+07
5.12963e+07
8.31187e+07
4.42457e+06
5.94564e+07
1.04637e+08
2.68728e+07
3.12528e+07
8.23942e+07
4.21701e+07
8.9919e+06
3.66204e+07
3.82816e+07
3.09609e+07
8.48403e+06
8.48403e+06
8.48403e+06
8.48403e+06
8.48403e+06
8.48403e+06
8.48403e+06
8.48403e+06
8.48403e+06
8.48403e+06
8.48403e+06
8.48403e+06
8.48403e+06
8.48403e+06
8.48403e+06
8.48403e+06
8.48403e+06
8.48403e+06
8.48403e+06
8.48403e+06
8.48403e+06
8.48403e+06
8.48403e+06
8.48403e+06
8.48403e+06
8.48403e+06
6.46552e+06
1.04845e+08
2.79873e+08
4.87752e+08
1.95063e+06
3.64878e+07
1.26705e+08
2.7018e+08
3.65676e+08
4.14754e+08
3.32932e+08
2.1209e+08
7.78647e+07
6.86446e+07
8.88147e+07
1.19202e+08
6.45727e+07
7.19927e+06
4.86368e+07
2.59609e+07
3.77483e+06
2.10068e+07
3.07623e+07
2.78952e+07
2.89959e+07
4.29506e+07
4.96711e+07
5.21427e+07
2.65138e+07
5.19309e+07
6.19151e+07
1.62013e+06
2.37708e+07
3.7256e+07
4.60698e+07
2.9163e+07
3.05401e+07
3.09609e+07
8.48403e+06
8.48403e+06
8.48403e+06
8.48403e+06
8.48403e+06
8.48403e+06
8.48403e+06
8.48403e+06
8.48403e+06
8.48403e+06
8.48403e+06
8.48403e+06
8.48403e+06
9.8835e+07
4.1862e+07
6.55035e+08
3.94259e+07
8.50247e+07
3.31996e+08
5.22907e+08
5.97762e+08
5.7069e+08
4.03691e+08
1.67759e+08
3.22927e+07
5.11983e+08
3.80973e+06
1.25894e+08
1.04825e+08
2.1175e+08
2.60756e+08
2.55824e+08
1.4972e+08
4.15706e+07
3.955e+07
8.13472e+07
1.26241e+08
5.10989e+08
9.87663e+06
1.33745e+07
3.88495e+07
4.39017e+07
2.17295e+08
2.54176e+08
1.73844e+08
1.14103e+08
1.03701e+08
1.67762e+08
1.52478e+08
9.42407e+07
3.2462e+07
7.31674e+07
4.16831e+07
3.68021e+07
4.08167e+07
1.4616e+07
5.76544e+07
3.06893e+07
1.36373e+06
6.76456e+07
4.26897e+07
1.79321e+07
5.59641e+07
4.92142e+07
3.17134e+07
2.95284e+07
2.25141e+07
1.29194e+07
4.54549e+07
4.8044e+07
4.61181e+07
2.92168e+07
3.09609e+07
8.48403e+06
8.48403e+06
8.48403e+06
8.48403e+06
8.48403e+06
8.48403e+06
8.48403e+06
8.48403e+06
8.48403e+06
8.48403e+06
8.48403e+06
8.48403e+06
8.48403e+06
8.48403e+06
8.48403e+06
8.48403e+06
8.48403e+06
8.48403e+06
8.48403e+06
8.48403e+06
8.48403e+06
8.48403e+06
8.48403e+06
8.48403e+06
8.48403e+06
8.48403e+06
8.48403e+06
8.48403e+06
8.48403e+06
8.48403e+06
8.48403e+06
8.48403e+06
8.48403e+06
8.48403e+06
8.48403e+06
8.48403e+06
8.48403e+06
8.48403e+06
8.48403e+06
8.48403e+06
8.48403e+06
8.48403e+06
8.48403e+06
8.48403e+06
8.48403e+06
8.48403e+06
5.12906e+07
8.36387e+07
6.0522e+08
8.79909e+07
3.95035e+07
2.47433e+08
4.16692e+08
4.86963e+08
4.66179e+08
3.13506e+08
1.65245e+08
7.02703e+07
1.11455e+08
1.33501e+08
1.22817e+08
2.19318e+07
4.4437e+07
5.15355e+07
6.44849e+06
6.26645e+06
1.12493e+06
5.54698e+07
2.62347e+07
6.06947e+06
8.02085e+07
5.67066e+07
1.92125e+07
6.99195e+07
6.79615e+07
4.2992e+07
3.17647e+07
3.32941e+07
2.62547e+07
7.83825e+06
2.70312e+07
2.67772e+06
7.77661e+07
4.56409e+08
3.55335e+08
8.45693e+07
6.57546e+06
6.97838e+07
6.59299e+07
1.25393e+08
1.62636e+08
2.20406e+08
1.96519e+08
2.44242e+08
2.72907e+08
3.37005e+08
3.42415e+08
3.22305e+08
2.13807e+08
1.09133e+08
3.8204e+07
4.20423e+07
6.32339e+07
6.91168e+07
6.07102e+06
2.13148e+07
4.67814e+07
1.38971e+06
6.45812e+06
6.17082e+07
5.04049e+07
6.43071e+07
1.2172e+07
7.38383e+07
9.07632e+07
1.1924e+08
7.00391e+07
1.08182e+07
7.04502e+07
4.89853e+07
2.19276e+06
7.2855e+07
3.99635e+07
3.13945e+07
1.15939e+08
9.89825e+07
3.60277e+07
1.71023e+07
2.81628e+06
1.3444e+07
3.67186e+07
3.4233e+07
9.88098e+06
5.36337e+07
1.43209e+08
2.7593e+08
8.05394e+07
5.50738e+07
6.42118e+06
3.85208e+07
1.94651e+08
1.74643e+08
1.75115e+08
1.39179e+08
4.21926e+07
1.26579e+08
5.81653e+08
1.34555e+08
2.25689e+08
2.79422e+08
3.40751e+08
3.68741e+08
2.74268e+08
2.51568e+08
6.68966e+08
5.68813e+07
1.43539e+08
1.35619e+08
3.75962e+08
3.66378e+08
2.66063e+08
9.39758e+07
951791
1.40506e+07
6.83199e+07
7.93876e+07
5.6924e+07
3.87472e+07
5.19834e+07
2.33784e+07
2.60974e+07
5.93141e+06
4.09239e+07
7.85162e+07
1.76873e+06
4.91544e+07
9.52444e+07
5.26607e+07
1.02115e+08
5.70862e+07
7.19122e+07
3.32538e+06
9.95781e+07
9.59342e+06
1.2405e+07
5.21006e+08
4.08721e+07
1.87976e+08
1.90742e+08
4.30933e+08
4.4539e+08
3.5731e+08
1.43301e+08
2.06869e+07
7.04069e+07
3.43207e+07
1.00431e+08
9.24891e+07
2.95285e+07
9.41413e+07
1.68648e+07
3.56672e+07
6.09274e+08
2.15192e+07
1.57081e+08
1.40177e+08
3.50243e+08
3.36847e+08
2.89685e+08
1.64094e+08
8.54287e+07
2.38698e+07
5.17452e+07
4.66914e+07
3.82694e+07
2.6205e+07
8.16529e+07
7.35876e+07
1.83616e+06
9.0018e+07
3.83453e+07
5.1318e+08
1.16098e+07
1.10677e+08
4.44037e+07
2.95721e+08
3.62791e+08
3.55314e+08
1.82717e+08
8.05117e+07
3.05452e+07
6.55537e+08
7.1019e+07
1.94586e+08
1.20983e+08
3.18274e+08
3.73242e+08
3.54497e+08
2.02962e+08
3.9364e+07
5.9842e+07
2.55799e+07
1.16372e+08
1.56803e+08
3.9223e+07
7.58888e+07
1.33537e+08
6.92115e+07
1.71985e+06
4.60795e+07
663672
1.01931e+08
3.14475e+07
4.3322e+08
2.97609e+07
1.24539e+08
1.98178e+07
2.27551e+08
2.74102e+08
2.61918e+08
1.23648e+08
1.00764e+06
7.95693e+07
2.7888e+07
9.10314e+07
7.88459e+07
3.93433e+07
9.87715e+07
7.40419e+07
6.02709e+07
4.57289e+07
1.39481e+08
4.97392e+08
1.88219e+07
1.09959e+08
3.1541e+07
2.10298e+08
3.568e+08
4.3524e+08
3.35185e+08
1.75313e+08
2.18724e+07
3.11319e+07
8.25744e+07
1.56199e+08
7.48198e+07
1.52088e+07
5.46098e+07
8.9287e+07
2.44548e+07
3.10369e+08
3.36762e+08
7.7299e+07
1.86312e+07
1.92221e+08
1.16393e+08
2.2915e+07
2.00909e+08
2.25068e+08
1.54155e+08
7.50791e+06
2.74072e+07
5.18336e+06
1.0178e+08
8.96105e+07
2.45964e+07
3.53672e+07
2.11942e+07
6.49209e+06
3.64235e+07
2.90947e+07
5.32529e+07
7.02163e+07
1.92807e+07
6.34413e+07
9.45389e+07
1.37235e+07
3.99815e+07
7.89243e+07
2.69421e+07
6.3649e+06
4.20641e+07
4.50791e+07
2.76806e+07
2.97215e+07
6.69975e+07
2.72994e+08
3.0428e+08
1.00575e+08
9.89483e+06
1.22433e+08
1.66971e+07
1.21024e+08
2.6124e+08
2.61485e+08
1.84003e+08
4.11451e+07
8.82527e+06
3.47172e+07
1.03187e+08
9.11607e+07
2.70483e+07
3.35095e+07
2.77577e+07
3.09084e+06
3.50361e+07
1.76508e+07
3.72025e+07
6.29325e+07
1.13506e+07
4.6994e+07
8.35667e+07
1.50299e+07
3.1086e+07
7.25884e+07
2.5402e+07
5.8015e+06
4.21617e+07
4.48795e+07
2.73971e+07
3.06489e+07
2.75962e+07
1.83966e+07
2.56715e+06
6.74304e+07
2.90285e+07
2.0717e+07
9.65918e+07
6.02983e+07
2.36554e+06
9.06108e+07
7.50387e+07
2.97403e+07
5.11651e+07
3.93694e+07
1.97773e+07
3.09609e+07
8.48403e+06
8.48403e+06
8.41522e+06
5.48208e+06
1.06629e+08
1.08371e+07
9.2806e+07
1.33402e+08
1.02862e+08
3.2215e+07
1.44602e+08
2.04544e+07
9.72832e+07
2.49094e+08
4.63386e+08
4.7925e+08
3.24783e+08
9.14872e+07
6.12361e+08
1.51075e+07
1.14361e+07
2.95799e+08
5.06498e+08
5.92095e+08
5.69661e+08
4.04375e+08
2.28496e+08
1.13038e+08
1.37839e+08
1.60556e+08
1.49355e+08
4.49791e+07
2.66588e+07
4.42473e+07
8.83553e+06
6.79701e+06
2.00525e+07
7.42341e+07
3.4258e+07
1.31659e+07
9.50715e+07
6.12394e+07
7.67452e+07
3.08934e+07
2.1529e+08
3.51054e+08
9.38942e+07
1.21783e+08
2.21024e+07
7.02204e+06
9.64754e+07
1.50297e+08
4.01979e+07
8.86558e+07
1.76164e+08
9.34733e+07
1.88544e+07
8.7502e+07
1.75529e+07
4.72394e+07
3.4035e+07
6.2816e+08
3.67949e+07
1.68446e+08
1.32073e+08
3.7443e+08
4.17422e+08
3.97438e+08
2.2772e+08
6.17577e+07
5.6016e+07
2.45883e+06
6.44161e+07
1.0242e+08
2.13973e+07
6.2565e+07
9.20479e+07
1.76623e+07
1.6616e+07
9.07295e+06
5.98466e+07
2.95102e+07
2.14516e+07
1.06558e+08
6.98157e+07
1.85073e+06
1.05341e+08
9.51958e+07
4.03843e+07
5.9202e+07
6.23636e+07
3.63304e+07
4.76358e+07
4.72204e+07
3.09491e+07
1.279e+08
2.32463e+08
4.01557e+08
4.8541e+08
4.003e+08
2.13958e+08
2.18793e+08
5.56326e+08
4.9708e+08
2.6006e+08
4.63634e+07
1.83597e+07
3.33418e+08
6.59119e+08
6.53005e+08
5.68774e+08
6.03294e+08
6.08939e+08
6.30419e+08
6.11008e+08
5.74932e+08
6.77642e+08
3.82284e+08
3.49812e+08
2.55995e+07
6.37462e+07
5.91558e+07
8.18077e+07
7.01439e+07
7.44163e+07
4.86545e+07
3.97451e+07
1.11132e+07
1.68066e+07
8.40125e+06
1.96201e+07
1.1112e+06
4.17246e+06
2.10558e+07
3.35374e+08
1.5539e+07
2.70099e+07
6.51887e+07
5.36941e+07
4.78562e+08
2.32086e+07
4.30561e+06
3.08191e+07
1.96672e+08
2.01879e+08
1.55709e+08
3.67268e+07
2.79655e+07
2.89957e+07
6.9349e+07
9.84497e+07
7.10871e+07
2.26637e+07
5.48586e+07
4.73829e+07
1.03008e+07
2.73021e+07
3.56504e+07
5.64757e+07
1.81507e+07
3.93362e+07
6.50106e+07
5.51405e+08
3.29365e+07
1.97654e+08
1.769e+08
3.54282e+08
3.05823e+08
2.26037e+08
8.40234e+07
9.277e+06
5.47028e+07
4.54133e+07
1.0294e+08
8.76689e+07
3.25118e+07
9.82821e+07
7.87486e+07
836753
1.98299e+07
1.01142e+08
5.61331e+06
5.27839e+08
7.10719e+07
1.98542e+08
1.4312e+08
2.97141e+08
2.33403e+08
1.59424e+08
4.70691e+07
6.472e+06
1.17702e+07
4.02873e+07
7.55048e+07
5.8363e+07
4.74263e+07
9.94664e+07
7.25713e+07
5.86968e+07
4.65993e+07
2.71568e+08
3.70302e+08
4.39879e+07
3.77151e+07
9.19704e+07
3.71716e+07
1.8665e+08
3.15886e+08
2.71258e+08
1.49745e+08
4.86539e+06
1.53919e+07
3.36263e+07
1.28942e+08
9.57198e+07
1.67192e+07
4.11559e+07
2.54255e+07
868566
2.67655e+07
3.10408e+07
4.07954e+07
4.98582e+07
3.21666e+07
5.79553e+07
7.52562e+07
5.91106e+06
4.69991e+07
7.26124e+07
1.50419e+07
1.4303e+07
4.05497e+07
4.58834e+07
2.88589e+07
3.09609e+07
8.48403e+06
8.48403e+06
8.48403e+06
8.48403e+06
8.48403e+06
8.48403e+06
8.48403e+06
8.48403e+06
8.48403e+06
8.48403e+06
8.48403e+06
8.48403e+06
8.48403e+06
8.48403e+06
8.48403e+06
8.48403e+06
8.48403e+06
8.48403e+06
8.48403e+06
8.48403e+06
8.48403e+06
8.48403e+06
8.48403e+06
8.48403e+06
8.48403e+06
8.48403e+06
8.48403e+06
8.48403e+06
8.48403e+06
8.48403e+06
8.48403e+06
8.48403e+06
8.48403e+06
8.48403e+06
8.48403e+06
8.48403e+06
8.48403e+06
8.48403e+06
8.48403e+06
8.48403e+06
8.48403e+06
8.48403e+06
8.48403e+06
8.48403e+06
8.48403e+06
8.48403e+06
8.48403e+06
8.48403e+06
8.48403e+06
8.48403e+06
8.48403e+06
8.48403e+06
8.48403e+06
8.48403e+06
8.48403e+06
8.48403e+06
8.48403e+06
8.48403e+06
8.48403e+06
8.48403e+06
8.48403e+06
8.48403e+06
8.48403e+06
8.48403e+06
8.48403e+06
8.48403e+06
8.48403e+06
8.48403e+06
8.48403e+06
8.48403e+06
8.48403e+06
8.48403e+06
8.48403e+06
8.48403e+06
8.48403e+06
8.48403e+06
8.48403e+06
8.48403e+06
8.48403e+06
8.48403e+06
8.48403e+06
8.48403e+06
8.48403e+06
8.48403e+06
8.48403e+06
8.48403e+06
8.48403e+06
8.48403e+06
8.48403e+06
8.48403e+06
8.48403e+06
8.48403e+06
8.48403e+06
8.48403e+06
8.48403e+06
8.48403e+06
8.48403e+06
8.48403e+06
8.48403e+06
8.48403e+06
8.48403e+06
8.48403e+06
8.48403e+06
8.48403e+06
8.48403e+06
8.48403e+06
8.48403e+06
8.48403e+06
8.48403e+06
8.48403e+06
8.48403e+06
8.48403e+06
8.48403e+06
8.48403e+06
8.48403e+06
8.48403e+06
8.48403e+06
8.48403e+06
8.48403e+06
8.48403e+06
8.48403e+06
8.48403e+06
8.48403e+06
8.48403e+06
8.48403e+06
8.48403e+06
8.48403e+06
8.48403e+06
8.48403e+06
8.48403e+06
8.48403e+06
8.48403e+06
8.48403e+06
8.48403e+06
8.48403e+06
8.48403e+06
8.48403e+06
8.48403e+06
8.48403e+06
8.48403e+06
8.48403e+06
8.48403e+06
8.48403e+06
8.48403e+06
8.48403e+06
8.48403e+06
8.48403e+06
8.48403e+06
8.48403e+06
8.48403e+06
8.48403e+06
8.48403e+06
8.48403e+06
8.48403e+06
8.48403e+06
8.48403e+06
8.48403e+06
8.48403e+06
8.48403e+06
8.48403e+06
8.48403e+06
8.48403e+06
8.48403e+06
8.48403e+06
8.48403e+06
8.48403e+06
8.48403e+06
8.48403e+06
8.48403e+06
8.48403e+06
8.48403e+06
8.48403e+06
8.48403e+06
8.48403e+06
8.48403e+06
8.48403e+06
8.48403e+06
8.48403e+06
8.48403e+06
8.48403e+06
8.48403e+06
8.48403e+06
8.48403e+06
8.48403e+06
8.48403e+06
8.48403e+06
8.48403e+06
8.48403e+06
8.48403e+06
8.48403e+06
8.48403e+06
8.48403e+06
8.48403e+06
8.48403e+06
8.48403e+06
8.48403e+06
8.48403e+06
8.48403e+06
8.48403e+06
8.48403e+06
8.48403e+06
8.48403e+06
8.48403e+06
8.48403e+06
8.48403e+06
8.48403e+06
8.48403e+06
8.48403e+06
8.48403e+06
8.48403e+06
8.48403e+06
8.48403e+06
8.48403e+06
8.48403e+06
8.48403e+06
8.48403e+06
8.48403e+06
8.48403e+06
8.48403e+06
8.48403e+06
8.48403e+06
8.48403e+06
8.48403e+06
8.48403e+06
8.48403e+06
8.48403e+06
8.48403e+06
8.48403e+06
8.48403e+06
8.48403e+06
8.48403e+06
8.48403e+06
8.48403e+06
8.48403e+06
8.48403e+06
8.48403e+06
8.48403e+06
8.48403e+06
8.48403e+06
8.48403e+06
8.48403e+06
8.48403e+06
8.48403e+06
8.48403e+06
8.48403e+06
8.48403e+06
8.48403e+06
8.48403e+06
8.48403e+06
8.48403e+06
8.48403e+06
8.48403e+06
8.48403e+06
8.48403e+06
8.48403e+06
8.48403e+06
8.48403e+06
8.48403e+06
8.48403e+06
8.48403e+06
8.48403e+06
8.48403e+06
8.48403e+06
8.48403e+06
8.48403e+06
8.48403e+06
8.48403e+06
8.48403e+06
8.48403e+06
8.48403e+06
8.48403e+06
8.48403e+06
8.48403e+06
8.48403e+06
8.48403e+06
8.48403e+06
8.48403e+06
8.48403e+06
8.48403e+06
8.48403e+06
8.48403e+06
8.48403e+06
8.48403e+06
8.48403e+06
8.48403e+06
8.48403e+06
8.48403e+06
8.48403e+06
8.48403e+06
8.48403e+06
8.48403e+06
8.48403e+06
8.48403e+06
8.48403e+06
8.48403e+06
8.48403e+06
8.48403e+06
8.48403e+06
8.48403e+06
8.48403e+06
8.48403e+06
8.48403e+06
8.48403e+06
8.48403e+06
8.48403e+06
8.48403e+06
8.48403e+06
8.48403e+06
8.48403e+06
8.48403e+06
8.48403e+06
8.48403e+06
8.48403e+06
8.48403e+06
8.48403e+06
8.48403e+06
8.48403e+06
8.48403e+06
8.48403e+06
8.48403e+06
8.48403e+06
8.48403e+06
8.48403e+06
8.48403e+06
8.48403e+06
8.48403e+06
8.48403e+06
8.48403e+06
8.48403e+06
8.48403e+06
8.48403e+06
8.48403e+06
8.48403e+06
8.48403e+06
8.48403e+06
8.48403e+06
8.48403e+06
8.48403e+06
8.48403e+06
8.48403e+06
8.48403e+06
8.48403e+06
8.48403e+06
8.48403e+06
8.48403e+06
8.48403e+06
8.48403e+06
8.48403e+06
8.48403e+06
8.48403e+06
8.48403e+06
8.48403e+06
8.48403e+06
8.48403e+06
8.48403e+06
8.48403e+06
8.48403e+06
8.48403e+06
8.48403e+06
8.48403e+06
8.48403e+06
8.48403e+06
8.48403e+06
8.48403e+06
8.48403e+06
8.48403e+06
8.48403e+06
8.48403e+06
8.48403e+06
8.48403e+06
8.48403e+06
8.48403e+06
8.48403e+06
8.48403e+06
8.48403e+06
8.48403e+06
8.48403e+06
8.48403e+06
8.48403e+06
8.48403e+06
8.48403e+06
8.48403e+06
8.48403e+06
8.48403e+06
8.48403e+06
8.48403e+06
8.48403e+06
8.48403e+06
8.48403e+06
8.48403e+06
8.48403e+06
8.48403e+06
8.48403e+06
8.48403e+06
8.48403e+06
8.48403e+06
8.48403e+06
8.48403e+06
8.48403e+06
8.48403e+06
8.48403e+06
8.48403e+06
8.48403e+06
8.48403e+06
8.48403e+06
8.48403e+06
8.48403e+06
8.48403e+06
8.48403e+06
8.48403e+06
8.48403e+06
8.48403e+06
8.48403e+06
8.48403e+06
8.48403e+06
8.48403e+06
8.48403e+06
8.48403e+06
8.48403e+06
8.48403e+06
8.48403e+06
8.48403e+06
8.48403e+06
8.48403e+06
8.48403e+06
8.48403e+06
8.48403e+06
8.48403e+06
8.48403e+06
8.48403e+06
8.48403e+06
8.48403e+06
8.48403e+06
8.48403e+06
8.48403e+06
8.48403e+06
8.48403e+06
8.48403e+06
8.48403e+06
8.48403e+06
8.48403e+06
8.48403e+06
8.48403e+06
8.48403e+06
8.48403e+06
8.48403e+06
8.48403e+06
8.48403e+06
8.48403e+06
8.48403e+06
8.48403e+06
8.48403e+06
8.48403e+06
8.48403e+06
8.48403e+06
8.48403e+06
8.48403e+06
8.48403e+06
8.48403e+06
8.48403e+06
8.48403e+06
8.48403e+06
8.48403e+06
8.47338e+06
4.14268e+06
4.59598e+06
1.26267e+08
2.87948e+08
4.82794e+08
5.65104e+08
5.33781e+08
3.45895e+08
1.11918e+08
3.87772e+07
9.51375e+07
2.28294e+08
3.14055e+06
3.09542e+07
5.79909e+08
3.58561e+07
1.76241e+08
2.16809e+08
5.04144e+08
5.4729e+08
4.72949e+08
2.47508e+08
4.93187e+07
3.38714e+07
5.76483e+07
1.2695e+08
1.20808e+08
7.53939e+06
9.32211e+07
1.72301e+07
1.70821e+07
5.45519e+08
9.99527e+07
1.70742e+08
1.29346e+08
2.90731e+08
2.30244e+08
1.65964e+08
6.74786e+07
4.67425e+07
2.94414e+07
5.70751e+07
2.32074e+07
1.81717e+06
5.38495e+07
9.06299e+07
5.96953e+07
9.10858e+06
2.18432e+07
3.06321e+06
5.60461e+07
1.18906e+07
3.44299e+07
1.00898e+08
4.75243e+07
1.83691e+07
1.06747e+08
7.21038e+07
1.36882e+07
7.044e+07
5.76025e+07
2.67017e+07
4.449e+07
4.1568e+07
2.83082e+07
2.15176e+07
6.00462e+07
2.43862e+07
6.40332e+07
6.53776e+07
6.78889e+06
5.79715e+06
2.93557e+07
7.01214e+07
5.46459e+07
3.55474e+07
2.30725e+07
1.97454e+06
1.26707e+06
3.12995e+07
206795
1.11326e+07
4.90014e+07
1.20213e+07
5.48624e+06
4.54909e+07
1.13403e+07
7.23492e+06
16242
4.64014e+07
4.96962e+07
7.10583e+07
5.82474e+07
2.21919e+07
3.57196e+07
3.07077e+07
2.34186e+06
6.97236e+07
4.17494e+07
1.14978e+07
1.0194e+08
7.98107e+07
1.89697e+07
9.01572e+07
9.27033e+07
4.98408e+07
4.43706e+07
4.72504e+07
3.09609e+07
8.48403e+06
8.48403e+06
8.48403e+06
8.48403e+06
8.48403e+06
8.48403e+06
8.48403e+06
8.48403e+06
8.48403e+06
8.48403e+06
8.48403e+06
6.30332e+06
5.51402e+06
1.28601e+08
2.91398e+08
4.83108e+08
4.32981e+08
3.81441e+08
2.8626e+08
1.75497e+08
4.92356e+07
4.03282e+07
1.60597e+07
1.28034e+07
2.95084e+07
2.36047e+07
3.88317e+07
2.38971e+07
6.74807e+07
9.87616e+07
1.50343e+08
1.06549e+08
5.66244e+06
1.91013e+08
2.91235e+08
3.06966e+08
2.11419e+08
1.41894e+08
9.19734e+07
1.10091e+08
9.26125e+07
8.02703e+07
3.79762e+07
2.41562e+07
5.12852e+07
1.19127e+08
2.34219e+08
2.99383e+08
3.15476e+08
1.89207e+08
6.49788e+07
3.9152e+07
1.9564e+07
6.98839e+07
1.04503e+08
4.06206e+07
774467
1.94961e+07
1.41776e+06
1.77276e+07
2.84896e+07
7.11597e+07
3.94689e+07
1.58949e+07
1.53911e+08
2.38525e+08
3.06419e+08
2.85299e+08
2.52269e+08
1.52992e+08
1.67436e+08
2.12911e+08
3.26403e+08
5.19944e+08
4.79719e+08
2.23173e+08
1.20324e+08
1.65141e+08
3.17093e+08
3.67329e+08
2.37457e+08
4.73817e+07
2.70142e+08
3.45881e+08
2.46846e+08
1.46693e+08
9.57589e+07
1.60525e+08
1.69537e+08
1.25221e+08
9.48883e+06
3.32228e+07
2.05891e+07
4.85428e+07
4.93198e+07
7.26549e+06
8.59379e+07
8.11609e+07
4.15924e+07
5.45799e+07
2.6998e+07
5.17565e+07
2.12688e+08
2.71894e+08
2.48845e+08
1.36564e+08
1.49284e+07
1.52279e+08
1.89445e+08
1.6733e+08
1.25239e+08
9.49845e+07
6.47202e+07
7.67338e+07
7.45075e+07
7.58582e+07
3.33144e+07
1.32695e+07
9.81076e+06
4.93232e+07
1.19239e+08
2.35105e+08
2.70827e+08
2.24875e+08
7.74947e+07
9.19711e+07
2.63043e+08
2.7105e+08
3.04168e+08
3.3115e+08
3.69929e+08
3.75284e+08
3.60189e+08
2.68539e+08
1.66629e+08
4.9101e+07
5.82891e+07
7.52531e+07
6.99856e+07
2.37349e+07
7.53004e+07
7.92677e+07
1.42391e+07
6.20355e+07
7.2544e+07
1.35058e+07
3.95354e+07
5.18375e+07
4.44126e+06
2.33578e+07
4.09193e+07
2.60488e+07
4.58482e+07
4.9017e+07
4.46865e+07
4.44067e+07
2.99293e+07
117021
3.65256e+07
1.37419e+08
3.32216e+08
5.06922e+08
6.34124e+08
6.30065e+08
5.25523e+08
2.66103e+08
7.10452e+07
1.38256e+08
4.92646e+08
1.89254e+07
7.14742e+07
1.24672e+08
3.19684e+08
4.45733e+08
4.86679e+08
3.71398e+08
2.12905e+08
7.32799e+07
9.06827e+07
1.33472e+08
1.56257e+08
6.87381e+07
2.56175e+07
6.8446e+07
2.99818e+07
1.78107e+06
1.82653e+07
4.37522e+07
3.86029e+07
2.13127e+07
6.85013e+07
7.25176e+07
5.26683e+07
4.59451e+07
7.23639e+07
6.75606e+07
8.57284e+06
3.03916e+07
3.87834e+07
4.2754e+07
2.46567e+07
3.09609e+07
8.48403e+06
8.47666e+06
5.51648e+06
1.26285e+08
2.77532e+08
4.5603e+08
5.21066e+08
4.76846e+08
2.87275e+08
1.15204e+08
3.48849e+07
1.095e+08
1.50521e+08
1.29951e+08
2.96894e+06
6.83242e+07
6.23846e+07
4.02711e+06
1.77833e+07
525939
6.86604e+07
2.49136e+07
9.67773e+07
1.32547e+07
1.41999e+08
3.08069e+08
5.00151e+08
5.76086e+08
5.36715e+08
9.73731e+07
1.6214e+08
2.97899e+08
4.9635e+08
5.86226e+08
5.49169e+08
3.42882e+08
1.32568e+08
3.44464e+07
1.10234e+08
1.63824e+08
1.43361e+08
2.35926e+06
7.52333e+07
6.34408e+07
2.10645e+07
3.74525e+07
4.48954e+06
8.85135e+07
6.52833e+07
840685
1.07942e+08
9.09187e+07
2.43013e+07
9.01572e+07
9.27033e+07
4.98408e+07
4.43706e+07
4.72504e+07
3.09609e+07
8.48403e+06
8.48403e+06
8.48403e+06
8.48403e+06
8.48403e+06
8.48403e+06
8.48403e+06
8.48403e+06
8.48403e+06
8.48403e+06
8.48403e+06
8.48403e+06
8.48403e+06
8.48403e+06
8.48403e+06
8.48403e+06
8.48403e+06
8.48403e+06
8.48403e+06
8.48403e+06
8.48403e+06
8.48403e+06
8.48403e+06
8.48403e+06
8.48403e+06
8.48403e+06
8.48403e+06
8.48403e+06
8.48403e+06
7.27571e+06
5.5173e+06
1.28623e+08
2.91688e+08
4.86825e+08
5.68517e+08
5.36035e+08
3.48076e+08
1.55825e+08
5.20426e+07
1.16698e+08
1.63584e+08
1.49703e+08
1.81859e+07
6.63285e+07
7.19268e+07
3.90411e+06
4.39525e+07
6.83541e+07
1.33799e+08
4.33409e+08
5.71734e+07
1.13819e+08
8.52458e+07
2.76628e+08
4.07395e+08
4.64429e+08
3.68363e+08
2.2441e+08
8.19903e+07
8.18127e+07
1.13749e+08
1.4074e+08
7.20916e+07
7.43084e+06
5.09682e+07
2.12104e+07
2.61281e+06
1.79339e+07
4.14314e+07
3.88055e+07
2.83767e+07
5.80796e+07
1.13993e+07
5.65208e+07
4.69184e+07
9.62696e+07
1.21373e+08
6.39278e+07
3.44647e+07
2.50714e+06
2.4436e+07
134090
1.17683e+08
1.63251e+08
1.47596e+08
1.43289e+07
6.99726e+07
7.26915e+07
18864.6
2.20662e+07
6.63509e+06
6.92295e+07
4.40354e+07
8.20756e+06
9.93714e+07
7.87556e+07
1.98471e+07
8.87807e+07
9.1847e+07
4.9254e+07
4.4688e+07
4.69554e+07
3.04999e+07
2.51051e+07
7.14105e+07
2.90857e+07
5.27183e+08
2.2344e+07
2.81939e+07
2.19481e+08
4.33388e+08
5.44556e+08
5.51384e+08
4.05988e+08
2.30917e+08
9.96985e+07
1.22633e+08
1.5447e+08
1.54422e+08
5.2035e+07
3.35693e+07
5.97105e+07
1.53359e+07
3.67393e+06
2.91048e+06
6.09835e+07
4.04919e+07
5.42114e+06
8.52811e+07
7.70272e+07
3.93625e+07
6.47777e+07
8.20207e+07
6.29539e+07
1.97398e+07
3.60313e+07
3.75029e+07
4.27205e+07
2.61524e+07
1.8743e+07
3.09407e+07
2.86934e+07
5.5001e+06
1.28509e+08
2.90831e+08
4.84899e+08
5.65518e+08
5.32248e+08
3.44091e+08
1.53104e+08
5.0888e+07
1.16246e+08
1.62757e+08
1.48431e+08
1.73707e+07
6.5992e+07
7.05108e+07
2.58394e+06
1.60152e+07
261883
7.28058e+07
4.51332e+07
8.37013e+06
9.95678e+07
7.8187e+07
1.795e+07
9.08925e+07
9.0881e+07
2.80125e+07
1.18483e+08
2.43117e+08
3.69573e+08
5.66832e+08
5.3391e+08
3.46006e+08
1.5476e+08
5.05676e+07
9.76606e+07
8.78457e+07
8.611e+06
2.18751e+08
3.37971e+08
3.18936e+08
1.67538e+08
3.34835e+07
6.26768e+07
1.17146e+08
2.51802e+08
3.47981e+08
1.35282e+08
9.10233e+07
2.78056e+07
4.80337e+08
9.88303e+07
1.60776e+08
1.76198e+08
4.24932e+08
4.28805e+08
3.21023e+08
2.94285e+07
1.74926e+07
7.25296e+07
6.44465e+08
5.73975e+07
1.34541e+08
7.42924e+07
3.10897e+08
3.87618e+08
3.72036e+08
2.05824e+08
2.59024e+07
7.26596e+07
2.661e+07
1.26851e+08
1.62467e+08
3.24439e+07
8.4156e+07
1.34893e+08
5.7432e+07
1.20817e+07
4.77685e+07
1.34505e+07
1.89009e+07
7.03863e+06
1.04895e+08
8.02252e+07
1.07201e+07
1.08101e+08
1.04109e+08
4.4193e+07
5.85417e+07
6.35857e+07
3.73685e+07
5.19645e+07
5.83909e+07
4.30749e+07
2.74312e+08
1.09141e+08
4.72936e+07
4.00469e+07
280727
4.57152e+07
1.21774e+07
7.05528e+07
9.29626e+07
4.39762e+07
1.67817e+07
1.46163e+07
8.06267e+07
4.94698e+07
758983
7.2758e+07
1.67884e+07
8.9945e+07
1.03165e+08
3.43316e+07
4.5939e+08
3.6054e+07
1.87041e+08
2.10596e+08
4.67175e+08
4.80619e+08
3.82016e+08
1.5307e+08
1.44073e+07
6.51155e+07
4.19769e+07
1.04702e+08
9.10735e+07
2.24084e+07
9.15534e+06
6.31349e+07
1.57318e+07
6.63208e+07
8.16937e+07
3.48631e+07
5.99269e+07
7.45674e+07
1.17417e+08
6.09573e+07
6.76425e+06
7.87716e+07
6.27282e+07
2.50461e+07
5.0225e+07
4.89056e+07
2.90914e+07
2.69888e+07
3.65296e+07
4.64751e+07
1.18283e+07
4.71728e+08
8.17576e+07
1.76295e+08
2.0369e+08
4.56982e+08
4.56838e+08
3.39502e+08
1.02082e+08
4.90494e+07
7.73576e+07
3.76341e+07
9.52129e+07
7.61262e+07
6.82055e+07
5.70793e+07
4.57937e+08
7.33675e+07
1.1639e+08
1.15122e+08
3.64758e+08
3.46401e+08
2.28007e+08
1.80185e+07
6.23305e+07
2.67223e+07
2.82305e+07
2.98315e+08
2.23645e+08
1.20106e+08
7.89227e+07
1.80906e+08
1.06017e+08
792622
9.32684e+07
9.10395e+07
8.94068e+07
3.98819e+07
5.49407e+07
3.60838e+07
3.82401e+07
1.21702e+07
8.74814e+07
2.22236e+07
4.39093e+07
8.76672e+07
1.2201e+08
1.17313e+08
1.89624e+07
7.44446e+07
1.7026e+07
8.43791e+07
1.72345e+08
1.48249e+08
8.8916e+07
1.08372e+07
1.64929e+07
8.05543e+06
7.75543e+07
9.04794e+07
4.84499e+07
3.68811e+07
3.1636e+07
9.81172e+06
6.36626e+07
4.44539e+07
5.88827e+06
8.34271e+07
6.02552e+07
2.31448e+07
5.54202e+07
3.48e+07
1.29876e+07
4.6314e+07
1.73695e+07
1.83423e+07
1.06021e+07
5.55732e+06
7.15067e+06
1.21711e+07
4.93625e+07
2.45548e+08
1.13483e+08
5.80039e+07
6.42457e+07
5.3515e+07
4.27847e+07
1.79842e+08
3.01065e+08
3.75376e+08
3.04683e+08
2.0145e+08
1.46378e+08
2.44068e+08
3.16859e+08
3.27012e+08
2.10616e+08
6.94982e+07
8.07817e+07
1.35396e+08
1.44976e+08
7.54564e+07
3.72279e+07
6.96367e+06
4.38372e+07
5.53903e+07
6.91201e+07
2.63642e+07
1.06136e+07
1.26077e+07
1.42951e+07
6.12175e+06
5.92149e+06
5.05605e+07
4.63052e+07
1.69538e+07
8.53118e+07
9.25145e+07
4.3468e+07
7.07448e+07
2.5394e+07
9.51409e+07
3.11146e+08
3.54219e+08
2.98059e+08
2.28241e+08
7.72926e+07
1.92532e+07
1.02631e+08
1.37765e+08
1.11055e+08
1.14425e+07
7.05279e+07
5.50816e+07
8.58049e+06
1.55989e+07
6.85748e+06
7.07484e+07
3.01364e+07
2.0551e+07
9.55818e+07
5.77152e+07
