3.5834
7.34325
14.5056
23.7816
38.3941
59.2463
77.3951
95.4831
118.233
145.018
173.092
205.952
235.271
272.208
337.979
380.115
433.911
478.716
528.338
582.979
636.139
693.761
800.161
859.743
977.414
1042.24
1174.79
1239.17
1298.87
1221.23
1261.13
1249.23
1243.4
1166.2
1171.98
1057.52
1115.86
1193.14
1159.27
1172.72
1076.93
1139.99
1086.06
1354.2
1239
1303.85
1277.49
1178.9
1227.13
1205.17
1202.33
1268.6
1183.17
1252.82
1267.01
1270.04
1267.01
1263.46
1313.64
1372.99
1464.99
1371.32
1467.32
1510.82
1496.79
1374.04
1185.61
1138.2
1078.91
1056.23
986.48
944.507
937.524
920.591
1011.35
962.454
955.073
923.952
877.512
894.938
954.432
938.373
994.032
1009.46
1020.23
1004.81
1006.12
1143.28
1122.01
1161.39
1068.23
1105.35
1151.22
1085.7
1054.82
1108.58
1166.05
1226.01
1269.32
1254.02
1230.46
1224.17
1144.9
1176.09
1145.61
1116.74
1048.63
912.439
946.836
868.568
883.153
792.929
766.482
694.174
657.582
692.48
738.947
776.033
800.076
815.795
832.651
856.971
869.871
844.718
850.932
861.051
911.383
924.47
995.119
1033.47
1090.78
1057.75
994.092
914.871
1057.16
1044.05
1067.67
1014.77
1153.55
1188
1288.75
1179.84
1142.83
1032.03
1163.68
1128.01
1135.09
1151.95
1237.32
1237.81
1197.11
1117.3
1139.85
1239.62
1265.4
1319.87
1218.13
1228.95
1150.02
1241.51
1370.64
1336.22
1324.33
1318.99
1231.96
1239.48
1207.91
1166.21
1265.47
1195.01
1107.73
1131.79
1015.48
975.253
1028.77
1057.1
1104.68
1213.12
1304.34
1340.81
1337.91
1321.99
1180.15
1150.28
1153.42
1201.27
1273.66
1170.43
993.703
1047.01
1048.98
1067.06
1162.17
1153.64
1026.55
1043.54
1284.55
1207.69
1184.67
1117.95
1064.72
1078.1
1015.05
989.287
1002.41
960.429
901.284
838.53
882.373
751.748
772.977
663.656
565.314
594.83
624.648
629.4
647.414
648.398
527.94
546.131
640.362
629.725
664.033
685.406
709.036
756.183
765.988
763.941
637.269
771.471
795.77
828.379
855.528
819.648
869.714
1010.27
1044.62
1037.65
1198.94
1253.22
1300.45
1330.14
1267.91
1360.03
1330.89
1349.86
1353.35
1349.58
1301.21
1273.08
1182.07
1185.22
1193.32
1025.77
1045.33
948.385
965.125
1052.8
1025.69
881.254
943.24
1015.82
999.696
829.005
842.379
763.318
581.734
651.982
643.514
697.053
665.581
482.547
482.439
555.099
532.351
537.619
555.384
582.102
553.07
516.802
531.111
469.523
504.503
520.951
555.269
552.755
539.19
569.063
1027.49
1055.07
1181.07
980.543
1042.48
1088.63
1091.77
1148.65
1141.5
1122.44
1169.88
1064.85
1056.23
1010.36
937.793
1004.95
1089.43
1152.03
1073.89
1049.82
1212.25
1190.59
1199.92
1157.64
1183.35
1136.67
1194.71
1208.41
1062.97
1061.39
1104.25
1004.75
1054.2
968.46
986.684
865.048
772.929
893.306
843.994
874.77
890.639
881.503
893.293
940.025
911.34
936.281
932.394
928.01
1020.21
992.876
994.18
1075.58
1122.61
1093.05
964.099
949.334
1011.66
890.737
869.927
726.407
752.947
779.339
798.367
906.097
779.476
660.398
626.301
573.638
555.826
593.55
624.261
596.453
699.608
723.937
718.609
662.13
636.761
648.104
679.717
798.326
826.786
868.403
907.873
1067.64
977.826
993.065
1011.76
942.436
1049.78
1066.87
1136.2
1224.9
1122.4
1209.53
1162.17
1154.91
1123.08
1118.48
1083.85
1080.58
1045.86
1181.99
1084.22
1137.71
1402.14
1515.44
1498.61
1404.21
1288.21
1296.56
1185.58
1113.06
1182.39
1491.64
1557.81
1487.72
1348.8
1380.35
1424.51
1480.47
1485.95
1385.7
1530.02
1465.68
1444.22
1462.1
1344.28
1169.64
1238.87
1259.66
1326.02
1430.53
1556.03
1604.77
1658.48
1864.41
1864.93
1941.4
2171.79
1951.01
1658.41
1721.91
1797.56
1777.32
2042.8
1695.29
1769.76
1760.58
1640.02
2010.74
1868.12
1901.19
1947.93
2197.48
2204.76
2137.81
2034.46
1868.97
1688.51
1630.39
1578.08
1643.38
1711.51
1307.87
1349.75
1277.01
1112.07
1042.14
1266.95
1217.24
1147.28
1057.17
995.76
971.562
938.841
849.057
870.376
1033.2
1019.74
853.592
847.129
999.598
876.912
896.175
917.575
906.617
929.595
912.019
896.712
918.418
911.824
886.297
951.007
916.748
644.258
641.892
616.127
624.255
524.37
612.075
638.26
614.179
764.498
768.424
764.045
792.149
766.134
796.899
820.525
831.377
873.311
869.217
925.816
1148.21
1245.51
1200.72
1320.69
1379.52
1357.01
1357.51
1152.94
1167.68
1172.14
1216.28
1489.53
1636.95
1447.29
1329.65
1340.14
1506.76
1547.88
1943.2
1984.74
1811.33
1894.92
2010.53
1935.68
1884.08
1774.79
1708.5
1626.98
1598.02
1619.21
1636.3
1523.73
1584.9
1243.94
1414.33
1245.48
1397.23
1606.81
1597.68
1348.17
1231.7
1253.92
1234.83
1331.2
1239.5
1410.49
1370.87
1377.15
1315.21
1361.17
1347.69
1163.22
1058.61
1160.3
1201.01
1208.01
1216.88
1118.35
1151.42
1426.89
1370.4
1248.88
1101.63
1145.25
999.146
1005.55
938.067
897.971
898.318
1100.84
970.599
988.175
962.807
910.609
949.545
965.384
1053.9
1005.03
927.689
969.099
1066.17
931.865
918.076
886.175
994.817
948.137
982.009
896.413
980.598
814.712
863.296
891.519
1162.21
1296.51
1263.68
1281.09
1235.02
1057.87
1046.7
1088.45
1115.61
1046.63
1093.3
1115.69
1135.98
1133.77
1200.19
1216.61
1073.63
1014.86
930.691
952.591
871.064
921.003
942.766
978.488
988.369
1004.31
1061.92
1042.09
882.268
873.634
908.856
822.87
841.382
804.25
842.142
763.044
773.721
848.815
812.26
871.731
799.417
844.384
701.18
703.698
695.998
730.072
840.492
787.225
738.762
712.923
699.201
684.831
716.38
724.771
741.49
760.9
804.293
872.031
917.755
1007.32
969.166
975.526
990.49
999.685
938.861
837.521
874.181
953.189
960.149
1024.56
934.521
768.117
799.193
854.612
807.093
849.81
853.251
1184.89
1095.51
1096.83
1061.52
1064.91
1044.13
1058.39
1039.44
1449.13
1436.95
1573.59
1549.49
1556.79
1477.81
1412.57
1377.37
1459.25
1793.61
1628.67
1658.1
1262.44
1301.2
1500.13
1542.72
1486.56
1382.21
1330.86
1307.52
1122.76
1150.97
1320.07
1301.51
1442.29
1364.71
1316.43
1289.79
1164.12
1222.23
998.749
1055.33
1083.03
1136.35
1144.34
1139.61
1088.13
991.491
943.439
1081.03
969.492
955.477
1022.81
940.191
964.146
824.238
855.326
846.94
815.42
843.294
687.67
669.909
708.232
732.037
732.294
751.47
795.87
772.163
863.954
879.464
788.205
816.556
824.943
848.193
888.45
970.654
989.822
980.493
1014.7
1113
1043.55
1097.52
1122.94
1152.19
1212.11
1286.82
1236.21
1141.56
1198.93
1442.93
1480.09
1469.16
1393.82
1375.93
1543.49
1608.25
1639.61
1581.22
1457.02
1511.21
1565.28
1574.39
1602.61
1705.63
1713.41
2272.79
2311.88
2632.31
2657.57
2633.09
2728.66
2608.21
2550.45
2350.17
2237.98
2617.57
2437.22
2285.45
3139.87
3202.11
3772.14
3750.97
3693.85
4312.69
4217.87
3982.75
3653.27
3972.18
3858.66
3751.86
4001.64
4088.22
3889.45
3598.87
3517.7
3337.31
3360.15
3392.87
3044.74
2842.27
2911.2
3020.17
3035.99
2907.28
2972.54
2575.34
2542.06
2497.77
2127.62
2166.27
1954.74
1720.88
1734.93
1881.08
1589.99
1234.72
1213.19
1294.82
1269.9
992.125
1018.69
967.258
955.174
1111.95
1093.74
1055.79
1049.28
900.003
1036.4
804.23
837.738
808.015
819.682
842.352
867.086
894.06
909.018
970.583
1001.57
1004.83
1022.97
1072.41
1146.78
1227.45
1261.29
1303.59
1333.26
1406.7
1481.86
1458.54
1559.72
2563.44
1460.27
2085.96
2182.24
2950.77
2975.04
3074.58
2927.54
2832.1
2849.28
2846.58
3245.41
3180.1
3157.79
3130.68
2711.57
2637.03
2395.79
2289.11
2143.68
1998.76
1834.85
1793.77
1753.5
1636.58
1539.2
1227.51
1242.89
1133.18
1174.4
1296.84
1163.18
1312.72
1278.71
1317.58
1251.27
1376.31
1431.24
1381.76
1406.83
1379.14
1131.01
1075.4
1300.67
1169.45
1203.8
1156.06
1417.14
1430.2
1251.32
1198.07
1248.49
1223.05
1114.28
1293.57
1289.27
1310.3
1407.59
1393.13
1391.16
1375.69
1397.72
1180.83
1264.79
1229.34
1238.07
1409.99
1532.1
1521.6
1430.4
1345.73
1115.89
1122.02
1257.65
1169.31
974.549
1010.97
1053.29
982.059
1009.39
847.301
883.786
748.877
719.005
530.993
546.39
514.009
539.303
597.198
588.34
557.181
509.68
604.158
654.774
772.521
742.206
697.339
770.52
758.66
736.056
629.981
594.666
623.243
614.413
650.234
726.827
667.103
711.383
711.405
798.049
828.036
833.028
861.489
786.841
828.962
854.076
843.151
810.712
723.593
744.529
824.992
809.228
764.076
806.304
863.676
691.807
667.385
707.768
758.887
776.667
719.002
732.405
701.675
692.774
730.09
725.517
765.846
790.416
822.383
864.056
884.617
859.948
822.295
874.397
914.083
881.197
926.372
909.074
882.162
841.116
873.154
670.071
707.088
718.358
751.421
832.956
855.683
892.845
897.855
957.287
861.39
797.048
817.01
810.647
780.673
739.284
691.721
489.508
484.309
460.247
523.729
504.523
437.523
407.367
451.622
398.507
407.895
414.681
419.576
445.168
466.84
496.23
648.843
948.235
915.32
1113.02
1030.26
1027.16
1086.81
1093.29
1175.8
1078.43
1081.68
1181.08
1198.92
1157.94
1301.97
1309.74
1341.61
1299.72
1455.91
1489.39
1693.2
1690.53
1652.37
1689.91
1528.95
1571.93
1511.23
1508.19
1479.73
1821.97
1854.2
1687.94
1766.74
1740.5
1839.09
1853.75
1807.48
1716.75
1955.1
1703.99
1191.87
2119.14
2073.45
2127.31
2035.21
1935.02
1838.38
1771.47
1657.71
1551.44
1543.03
1803.41
1679.26
1610.23
1428.45
1359.13
1263.18
1024.98
1112.63
972.312
990.874
954.741
925.473
1068.62
1059.52
899.141
851.781
1166.82
1059.33
999.526
927.435
936.599
1199.86
1239.59
1289.45
1359.24
1639
1473.9
1301.13
1073.62
1098.22
939.196
953.751
997.213
1135.3
1290.71
1206.85
1243.87
1342.6
1360.68
1383.56
1333.75
1003.02
1027.74
1227.52
1134.41
1156.52
946.422
935.173
905.177
878.095
769.668
789.893
781.475
778.76
729.816
728.818
688.747
693.093
626.86
629.844
668.915
661.642
740.584
771.108
849.412
881.793
911.694
956.697
892.333
928.518
1012.51
999.925
993.727
964.405
982.085
758.541
757.371
718.027
586.878
654.861
588.014
579.846
622.943
652.009
730.498
697.782
681.28
717.844
604.539
635.198
549.718
621.712
615.701
534.311
521.462
534.428
647.536
652.847
626.617
716.534
676.521
663.233
671.499
657.217
607.991
614.066
658.665
637.454
622.954
705.574
641.822
656.017
664.441
678.617
702.06
783.377
732.637
772.179
804.002
732.384
666.828
752.173
726.777
765.842
726.659
779.069
889.142
839.656
971.13
966.96
991.898
1025.25
1032.17
1217.4
1240.97
1342.33
1391.7
1285.17
1333.54
1437.66
1448.87
1434.52
1332.99
1333.17
1333.23
1371.34
1263.33
1242.19
1176.87
1003.97
1048.33
980.797
1109.08
1143.08
1126.87
1076.84
1197.99
1282.02
1255.5
1149.09
917.913
742.588
735.498
678.208
700.417
760.239
773.229
656.753
609.369
596.705
617.764
608.333
638.128
681.238
710.703
759.213
770.032
878.314
859.296
903.134
738.906
780.561
739.566
693.186
685.824
709.987
805.403
830.184
828.518
776.483
822.079
800.12
785.688
1157.82
1078.43
1123.14
1182.84
1250.72
1306.36
1253.5
1357.38
1329.14
1416.73
1417.28
1668.38
1698.36
1645.34
1693.81
1675.05
1842.21
2185.44
2076.92
2010.85
2009.5
1860.47
1871.67
1879.69
1846.76
1843.78
1717.65
1762.28
1663
1776.22
2970.46
3030.77
2986.52
3013.66
1865.39
1714.51
1750.26
1900.64
2064.71
1794.66
1833.82
3893.82
3778.85
3564.7
3393.23
3112.74
3061.73
2933.77
2929.76
2336.77
2264.26
2160.7
2061.41
2005.94
1819.44
1781.78
1493.59
1463.66
1216.69
1255.65
1330.81
1281.61
1680.38
1608.84
1387.39
1450.71
1565.13
1508.75
1315.77
1251.18
1299.64
1468.68
1509.03
1445.85
1437.31
1304.05
1557.17
1451.77
1349.27
1310.05
1197.36
1237.71
1403.22
1361.84
1372.77
1417.39
1280.52
1327.11
1319.2
1347.72
1399.15
1375.49
1336.89
1212.95
1269.82
1273.77
1283.8
1349.2
1310.35
1338.54
990.202
1038.77
1123.23
959.261
843.07
830.742
733.556
741.049
738.69
722.542
805.791
859.344
855.538
901.331
914.646
1035.42
973.242
985.831
1009.68
1042.32
947.637
974.591
869.549
852.439
830.314
804.622
782.259
745.999
759.972
762.098
690.95
704.407
668.732
691.973
714.344
543.962
569.347
510.071
495.402
521.9
556.791
481.699
470.835
503.85
543.912
545.253
608.917
639.35
631.981
651.093
715.961
704.443
747.909
725.155
748.519
766.939
855.759
895.395
925.407
941.124
1023.2
1018.23
996.872
1011.66
1004.84
996.74
1039.36
1023.04
1023.34
963.303
975.767
881.448
870.288
851.577
840.124
802.411
664.544
628.411
671.63
656.049
758.065
774.315
767.421
771.781
772.962
828.809
833.198
764.841
708.701
792.854
801.888
833.952
820.215
883.124
849.175
824.424
624.352
657.817
584.856
605.445
569.876
581.973
603.042
619.882
649.317
674.116
609.483
622.393
632.639
656.577
661.465
678.602
712.588
701.84
747.408
717.809
718.531
806.179
727.934
760.875
720.622
685.817
718.107
704.768
697.715
617.824
542.376
558.71
612.783
704.342
730.872
670.666
704.241
715.084
702.101
726.329
735.816
756.209
760.583
781.578
786.232
799.811
861.902
987.501
966.087
973.832
900.14
840.972
814.048
843.665
889.004
1074.32
1023.12
981.613
951.712
842.744
784.907
828.336
843.225
903.537
1038.57
1108.11
1114.65
1187.37
1204.17
1944.14
1835.98
1924.78
1924.24
2013.89
2183.23
2270.44
2356.51
2261.29
2381.12
2860.91
2893.37
2832.36
2796.63
2755.89
3066.19
2995.14
3090.65
3180.63
3258.73
3282.03
3120.63
2905.97
3073.42
3173.69
2829.88
2942.88
2447.92
2225.37
2429.13
2768.76
2721.86
2324.43
2695.85
2605.9
2456.42
2538.87
2456.69
2575.76
2991.19
2824.73
2788.61
2590.4
2373.53
2337.11
1981.49
2027.95
2498.2
2387.64
2138.15
1849.76
1839.89
2430.98
2330.52
2085.19
2023.81
2080
1544.75
1652.13
2514.65
2353.67
2339.42
2159.12
2065.41
1656.23
1636.29
1802.84
1795.64
1654.28
1648.77
1551.22
1582.28
1581.81
1544.76
1589.56
1692.59
1586.59
1604.73
1567.39
1582.09
1641.62
1519.59
1500.12
1428.18
1374.18
1445.35
1582.1
1836.53
1668.83
1403.93
1437.03
1291.26
1331.57
1026.86
1022.29
1039.38
1018.57
984.063
1005.31
1024.29
904.518
937.818
976.426
933.267
958.62
1041.82
1091.66
1262.71
1271.1
1308.42
1346.73
1148.2
1231.61
1177.76
985.03
894.595
869.38
885.556
859.596
906.098
861.262
869.843
788.904
817.138
833.079
727.829
675.638
593.206
619.511
511.268
514.716
512.525
536.063
450.621
441.634
454.108
448.196
461.218
462.042
479.594
416.692
428.473
497.13
555.645
574.425
565.818
572.081
523.897
514.082
476.569
