6.74315
7.19868
7.71614
8.08901
7.59916
6.70741
6.68059
5.87825
6.71008
6.42308
7.07499
6.89508
6.54266
6.30431
6.86207
6.33813
6.66611
6.99534
7.75485
6.5686
6.26547
6.59068
6.88635
7.51669
7.41352
6.39585
6.69911
6.52158
6.19232
6.60266
6.82568
7.7527
7.14854
6.86568
6.36936
6.35076
6.29574
16.649
28.2165
31.175
39.5757
43.0442
44.7176
49.4934
53.7377
57.9511
61.3005
64.3773
64.696
66.3807
66.8158
68.1356
68.5955
68.5124
68.9964
70.431
69.869
69.0053
69.5656
69.3572
67.7245
66.5568
66.4094
65.3562
64.7664
66.5636
64.6943
63.1285
61.8736
62.4698
61.3007
60.0431
59.4724
57.1844
56.046
54.468
53.9476
52.8444
51.7462
50.6869
48.5573
47.5374
45.0587
44.0368
42.3111
40.2948
38.0943
35.0398
33.3428
32.1156
29.8534
27.5624
24.4745
21.2943
18.139
14.9536
12.3892
12.2008
11.8935
11.5935
12.1569
11.2022
10.31
9.79663
9.582
9.7311
9.98525
8.57558
7.37941
7.32266
7.07523
6.54931
6.27399
6.36338
7.06029
6.98967
7.16553
6.45187
6.42228
5.84577
6.69206
5.88138
6.26321
6.59511
6.83425
7.71289
6.14781
6.41581
6.66043
6.90401
6.23557
6.22784
5.66304
6.88517
6.74793
6.49559
6.41867
5.82919
6.33887
5.61904
6.08647
5.99863
6.77195
6.61249
6.46567
4.05879
0.100968
-0.660464
-3.49677
-4.91806
-6.98405
-8.9697
-11.334
-14.2022
-16.5698
-18.0004
-19.0457
-20.5651
-22.639
-24.0314
-24.5374
-26.6579
-27.59
-29.851
-30.6279
-31.009
-31.9762
-33.3971
-34.3721
-34.508
-35.6292
-35.9238
-38.1489
-40.7437
-40.5526
-42.6136
-42.2293
-44.7119
-44.9226
-45.0757
-45.5398
-46.0914
-46.7351
-48.1435
-46.7151
-48.5969
-49.7694
-51.1415
-50.7365
-49.9938
-48.8589
-48.2063
-47.491
-45.2484
-44.576
-42.7922
-43.7178
-43.2137
-39.3642
-37.072
-33.2705
-30.623
-25.4186
-19.4773
-15.4926
-13.8467
-12.5892
-12.0092
-11.004
-10.1446
-9.61155
-7.94216
-6.191
-4.36995
-1.95022
-1.00005
1.61134
1.50831
1.80318
2.82641
2.49726
2.62851
3.14548
3.3072
4.21824
6.10719
5.35059
6.41938
6.58201
5.45623
6.8372
7.05989
6.47907
6.12461
7.03397
6.76314
5.69716
6.0355
5.33074
5.94357
6.08849
6.76355
5.30132
6.29736
5.37178
5.90423
5.83396
5.87786
6.93963
7.681
7.24796
7.27149
7.50208
7.75679
7.43516
7.04218
7.45281
7.65516
7.18042
8.03905
7.57422
6.57008
6.30764
6.17508
7.05244
6.7867
6.2264
6.14342
6.85735
6.52768
6.30979
5.52741
4.95169
5.9245
5.61591
5.17469
4.61994
3.92301
4.49972
4.42893
3.96995
4.45633
5.20246
5.9982
5.16613
5.7196
5.76171
5.64281
5.86356
5.56143
5.9679
6.37107
7.50686
7.53438
7.57279
6.91103
6.90224
6.71859
5.14565
4.93457
5.90293
5.66043
6.37292
6.49546
6.25543
5.57682
6.09039
7.13287
6.63616
6.26074
5.67562
5.63826
5.8326
5.48574
6.00544
5.53148
7.05328
7.09817
6.54287
6.83613
6.27671
7.27884
6.60267
7.3742
7.08431
20.0027
29.5754
33.6916
40.5782
44.3995
48.3013
49.3826
54.8214
57.2993
61.0686
63.8648
64.2502
64.8139
66.0769
67.166
66.3048
67.1956
67.2759
68.6031
68.4234
67.3149
68.1262
68.0565
68.0293
65.3621
64.9484
63.1645
63.5513
64.9593
64.0803
63.5335
60.8878
61.705
60.4987
59.7616
58.3566
56.7647
57.1519
55.1939
53.4764
52.7877
52.0385
51.6281
50.2581
48.8319
45.6757
44.0468
41.8498
40.2662
38.0113
35.7333
35.0864
32.9768
29.6298
28.1908
25.0166
22.7493
18.5692
15.7644
12.4986
12.3582
12.0961
11.2696
10.7497
10.6946
10.7835
9.68151
9.11152
7.91222
7.35192
7.01138
5.82847
6.51221
6.12818
6.37087
7.16645
6.68489
7.34584
7.34112
7.96331
8.07347
8.33634
8.16457
8.42597
8.00695
7.71812
6.84069
7.46787
7.3383
6.71506
6.34304
6.7466
7.05029
6.88457
7.50624
6.80765
5.86336
5.97071
5.53921
5.58899
5.79591
5.93587
6.86215
5.65648
6.34945
6.8414
6.75809
7.43558
3.91831
1.73726
0.177688
-2.12995
-3.35366
-5.77493
-6.13245
-9.60307
-10.9189
-14.3255
-16.5944
-17.7029
-19.32
-21.1875
-23.3385
-24.1083
-25.9039
-27.17
-28.526
-30.943
-31.9074
-33.4259
-35.1442
-36.264
-36.3595
-37.274
-36.797
-38.5813
-40.8192
-42.5626
-42.9738
-42.4818
-44.6635
-44.4847
-45.1066
-45.3631
-44.9111
-46.2509
-46.9579
-47.5036
-48.3044
-49.1859
-50.4861
-49.9158
-50.7709
-47.7212
-47.165
-46.8224
-44.7802
-45.1421
-41.5768
-43.4933
-43.4057
-39.6343
-37.0463
-32.4019
-30.204
-24.4721
-18.6027
-13.9023
-12.9514
-12.4515
-10.9873
-11.0239
-10.9752
-9.68278
-8.1798
-7.1486
-4.50204
-3.14286
-0.628926
0.589136
1.37475
1.39401
1.37569
1.22128
0.689356
2.01089
2.1328
2.61839
3.97484
3.16724
5.4345
5.62484
5.27131
5.06719
5.20421
5.02823
4.21523
5.56137
5.31206
5.68895
6.13374
6.88728
6.22216
5.66501
6.09851
6.15984
6.23788
6.15596
5.89951
6.77932
6.55604
5.70959
6.55562
6.87713
6.31549
6.20485
6.32894
6.23358
5.94445
7.09772
6.13163
6.19261
7.31324
6.35198
6.36605
7.02531
7.38275
7.24252
6.15087
6.2616
6.14693
6.59422
5.96964
6.44639
6.83694
5.91329
6.21199
6.35903
5.66325
5.73975
6.01565
6.39764
5.98111
6.21198
6.09521
5.73296
6.22329
6.3084
6.02042
5.08432
6.11322
5.94227
6.22316
5.91528
6.43019
5.45258
5.37338
6.00975
6.26239
5.76834
6.76181
7.07787
6.07379
5.27511
5.90204
6.76091
6.08306
5.99689
7.06727
6.19728
6.75471
6.07422
6.36292
6.53114
5.70529
7.27572
6.29828
7.18018
7.35838
7.53802
6.77257
6.57648
7.03993
6.27547
6.43138
6.51989
6.26152
6.14362
19.8822
30.0078
34.9814
40.769
43.7388
48.0472
51.3947
55.247
58.5749
63.3483
64.0266
65.6483
66.6024
68.0302
68.07
67.958
68.0443
67.6142
69.0714
68.7174
67.7792
67.6945
68.5622
67.8449
65.6855
64.7697
63.3749
63.1461
63.7427
63.4533
62.2957
61.0906
61.8633
60.6607
59.5522
57.8375
56.2785
56.1548
55.9582
53.5633
53.2224
51.8326
50.4317
49.5322
48.0556
45.9429
43.3816
42.4974
39.129
37.3268
35.3078
34.0798
32.4958
28.7225
26.899
22.9199
20.3946
17.9
14.2112
12.9468
12.6765
12.7275
12.5211
11.7845
12.1521
11.3536
10.9531
9.16243
9.74144
8.4028
7.54581
7.34445
8.30399
8.5037
8.07535
8.54139
7.6642
6.82316
7.03353
6.90223
7.35565
6.88068
7.91707
7.57112
7.22407
7.29514
7.03771
6.98033
7.15678
7.60225
7.2437
6.44343
6.05975
5.4611
5.94334
5.61028
6.11923
6.48927
6.5843
7.19162
5.80615
6.28983
6.05923
5.90212
6.61968
6.33863
7.37122
7.54044
4.61578
1.81121
-0.0533655
-2.87195
-5.85872
-7.3489
-9.37691
-11.6429
-13.3812
-15.5934
-17.7576
-19.1272
-20.5455
-22.3875
-23.1316
-24.4759
-25.4754
-27.1525
-29.0031
-30.9164
-31.5157
-33.64
-35.2134
-35.4925
-35.8878
-36.53
-36.9928
-38.4675
-40.0984
-42.3902
-43.0483
-42.5654
-44.8577
-44.8453
-46.3469
-47.0633
-47.1168
-47.4259
-48.2403
-48.1413
-48.4314
-48.9935
-48.738
-50.4128
-50.5685
-48.2714
-49.1831
-47.356
-46.4758
-45.5172
-42.0895
-42.8905
-42.5494
-39.7884
-37.5927
-33.3086
-30.0093
-25.7199
-19.4312
-14.7958
-12.6855
-11.5468
-11.2585
-11.0589
-10.4929
-9.57321
-8.37367
-6.77037
-5.20248
-1.78192
-0.413384
1.30933
0.995708
0.760499
1.22479
2.3201
2.01899
2.73247
2.88218
3.44252
3.45014
4.41967
4.45531
5.04648
5.62366
5.73889
5.9612
5.74207
4.98596
5.38939
5.20031
5.36469
5.66793
5.97029
5.29856
6.10638
7.18009
7.12149
6.45517
6.91459
6.44348
7.0186
8.03688
7.18397
7.65945
7.44338
8.5923
6.9876
7.8721
7.98854
8.1181
8.57866
8.14082
8.02604
7.40688
7.97509
7.72142
6.68191
7.27803
7.42551
7.67474
7.19532
7.32134
7.25039
7.52784
7.83007
6.91406
6.64451
7.29757
6.59868
7.31118
6.23043
5.93131
6.37662
6.17637
7.00531
5.99796
7.08486
5.95504
6.46092
5.56189
6.5827
5.48963
5.39649
7.00248
5.71413
6.9197
5.60735
6.60509
5.82064
5.86689
6.51896
5.57197
7.05314
6.29614
6.97043
7.32428
7.26193
7.13174
6.65774
7.42385
6.92353
7.08867
7.61249
6.65794
7.22455
6.48205
7.11342
6.3903
6.32329
7.33956
5.2611
7.22848
6.55592
6.04446
5.58814
6.50478
6.96106
5.55202
6.90993
16.6214
28.0356
33.5848
40.1945
44.5555
47.8665
51.0735
55.679
58.497
61.5781
64.9625
65.6069
65.8316
67.5948
68.1778
67.0996
67.975
67.8244
68.9838
68.619
68.1072
67.8113
67.9187
67.9002
66.5056
65.9303
63.5405
64.3513
64.588
63.3167
63.0528
61.1151
61.9405
60.5776
60.3733
58.8698
57.0001
56.854
56.2348
54.9128
53.2261
53.4557
51.6618
50.3304
48.5353
46.8995
44.6162
42.7965
39.6872
37.4193
35.5379
33.7202
32.4543
28.8232
26.3669
23.9602
20.8337
17.7975
14.2755
12.2056
11.3985
11.601
11.4263
10.2217
10.6587
10.2492
9.31545
9.50611
7.92202
8.41431
6.94468
7.17287
6.78098
7.31334
7.28699
6.94663
6.97024
5.24919
7.02495
6.90736
6.98937
6.69945
6.39647
7.9775
7.34249
7.69511
7.03941
7.64266
6.98431
7.03949
6.44537
4.41688
5.83581
5.52213
6.48269
5.39275
5.52499
5.79742
5.94506
6.63309
5.98051
6.74579
6.32375
6.32579
6.01374
5.59066
6.48192
7.52848
3.87028
1.58716
-0.965627
-2.42839
-4.96068
-6.92036
-8.71736
-11.4511
-12.6851
-16.1622
-17.2723
-19.6034
-20.7927
-21.6454
-23.8761
-24.7509
-26.8653
-28.359
-29.8102
-31.373
-32.7086
-34.2001
-35.0329
-36.2508
-35.8873
-37.4195
-37.2189
-38.118
-41.4409
-42.4199
-43.9906
-43.5753
-44.478
-45.1287
-45.5571
-45.1152
-45.5299
-45.9629
-47.1038
-47.432
-48.2109
-48.1844
-49.3526
-49.1337
-50.2774
-47.6739
-47.0955
-47.4109
-45.111
-45.2046
-41.2002
-42.6238
-43.1509
-39.2243
-36.3269
-32.023
-29.3207
-25.229
-19.2983
-14.0259
-13.0351
-12.8108
-10.3157
-10.0956
-9.25081
-9.13422
-7.83006
-5.99039
-3.45622
-2.39128
-0.936406
0.37034
0.109305
0.517961
1.04253
1.72707
1.00767
2.91884
3.27758
2.32684
2.32535
2.39493
3.3657
2.999
3.28147
2.82147
3.33065
3.99676
3.8833
4.07319
2.93092
4.09938
4.86526
4.33878
4.52048
4.39158
6.13338
4.51583
3.9834
4.21788
4.45688
5.01952
5.67749
5.28945
5.50787
5.98118
5.93165
5.10994
4.9356
5.5557
5.71236
5.34705
4.7362
5.47157
5.44707
6.69169
6.48133
5.8619
6.62138
6.71425
7.28472
7.33364
8.00199
7.91625
8.39652
7.86024
7.96699
7.97091
8.89599
8.56196
8.11419
8.42902
8.09234
8.32229
8.31268
8.37483
8.85537
8.87309
8.44842
7.21647
7.77624
7.12083
6.63601
6.60058
6.97863
6.51344
6.46997
6.768
7.6431
7.71784
7.78952
8.03919
8.026
8.49286
8.24243
8.33416
7.14672
7.33344
8.06463
7.241
7.23731
7.17354
6.8994
6.88672
5.92996
6.19871
6.18449
6.55666
7.06921
6.56908
6.04359
5.11113
5.2646
4.30794
4.10896
4.17348
3.58434
5.17454
3.725
4.2651
16.359
24.9631
30.9439
37.2659
40.8675
44.577
49.5146
54.5058
57.027
61.44
62.8714
63.6432
65.4896
67.0744
67.6172
68.496
68.7871
67.8587
68.5507
68.5564
68.6609
68.5493
68.6088
67.3183
65.1084
64.5594
63.583
64.3993
65.2218
63.7635
63.2446
60.8539
61.0628
60.4954
59.8323
59.1773
58.157
57.4038
55.959
54.0182
53.7433
52.5957
52.1506
50.0168
48.8357
45.8273
44.5456
42.6158
39.5482
38.0083
35.0682
34.0164
32.8993
29.9533
27.1272
24.3316
22.1056
19.3129
15.9074
13.8608
13.1703
13.2364
12.011
11.7154
11.2757
11.3212
11.0821
10.2382
10.4827
10.1084
9.71772
8.97089
8.81716
9.03998
8.89205
9.96753
8.79974
8.9317
8.66606
9.30556
8.6921
8.55619
8.25694
7.77268
8.46204
7.32569
8.00485
8.67569
8.06381
7.4551
7.04766
7.1338
6.45551
6.68263
6.40009
6.85781
6.63995
7.58434
6.31219
6.85544
7.38803
6.92542
6.69358
7.01348
7.42194
7.09647
6.48557
6.8995
3.00395
0.269196
-1.19671
-4.18401
-5.38776
-7.60799
-8.93343
-12.4112
-13.266
-16.5891
-18.2728
-19.3774
-21.9169
-22.6338
-25.8213
-26.1157
-27.7735
-28.6918
-30.8206
-32.618
-33.0312
-34.1426
-35.2236
-36.6046
-35.9909
-36.969
-37.8162
-37.8496
-41.2686
-41.64
-42.659
-42.4296
-44.7434
-45.2635
-45.7513
-46.2167
-46.3765
-47.5177
-47.603
-47.3211
-48.6776
-49.5974
-51.2752
-49.9387
-51.2505
-49.9636
-48.4586
-48.1484
-45.4275
-46.1079
-42.4094
-43.7964
-42.8377
-39.7849
-37.5934
-32.4849
-30.1398
-24.5496
-19.5817
-13.9832
-13.5366
-12.3654
-10.1504
-9.5568
-8.59029
-7.35668
-6.21483
-4.20809
-2.76896
-1.70617
0.922868
1.86815
2.62884
1.66666
1.70904
1.21394
3.05097
2.58635
2.44249
2.86769
2.57378
5.01324
4.31763
5.30424
6.02222
6.18993
6.10565
6.59209
6.55493
6.52135
7.14352
6.63536
6.76582
7.04276
7.07041
6.7746
6.96153
6.84132
6.56628
5.71062
5.5443
5.15981
4.5504
4.86107
4.6495
5.94578
5.677
5.27997
6.21881
5.86809
7.04109
7.01826
6.65312
6.47861
6.24474
5.75376
6.59712
6.58632
6.59855
6.66403
6.65202
6.7453
6.84309
7.20999
6.978
6.84967
6.23409
6.53688
6.10097
5.87161
6.55898
5.98635
6.54895
5.38006
5.26272
5.88832
5.67122
5.70877
6.10214
5.62451
5.13114
5.43481
5.20378
4.85985
6.07459
6.76108
5.9571
7.08105
6.91964
6.14074
6.51708
6.7859
6.41066
5.99129
6.21125
6.03768
5.9493
6.29907
5.29297
6.3968
6.66276
5.74941
5.88043
6.61628
5.84257
5.74011
6.20437
6.42508
7.08183
6.58085
6.85797
6.79473
7.08349
7.0898
7.14158
7.18958
7.07594
7.64403
7.67117
7.86664
18.1858
29.449
34.3303
40.0337
44.2734
46.1435
49.6758
54.9
58.088
61.8291
63.4443
64.3093
65.3451
67.0276
67.9639
68.2821
69.0627
68.722
68.8812
69.5293
67.4393
67.9609
67.719
67.8733
65.8838
65.542
64.9561
63.8931
65.494
65.1899
64.0656
62.2314
62.5517
62.2919
61.6678
60.4909
58.3333
56.6588
56.5131
54.3677
53.3352
53.646
51.9818
50.4155
49.1012
45.8922
43.4867
41.5301
39.5627
36.8067
34.9364
33.8157
32.5748
28.7984
26.1923
23.3005
21.1396
18.5056
14.5522
13.0495
12.891
12.4736
12.113
12.1713
10.9018
11.1997
11.4199
10.56
9.83158
10.2725
9.70362
7.85045
7.62646
8.05575
7.43297
8.48576
8.9986
7.36735
7.82808
7.37722
6.77713
5.88688
4.88258
6.27173
6.72874
6.9065
5.81837
6.2491
6.92814
6.53843
7.10312
6.67169
6.78211
7.38777
7.29264
7.79989
6.63336
6.99426
7.30803
5.81673
7.13548
6.22118
6.74536
6.51608
6.17482
6.98883
6.40354
7.40678
3.31377
0.398434
-1.1323
-3.3348
-5.98651
-8.09844
-9.9486
-12.183
-13.8695
-17.0069
-19.2864
-20.5689
-21.4285
-23.8664
-24.9889
-26.4182
-27.5977
-28.2644
-30.6243
-31.6311
-33.0022
-32.9753
-34.6691
-36.2787
-35.8768
-37.3076
-36.2416
-38.1859
-40.4997
-41.9729
-42.7421
-41.4956
-44.875
-45.7032
-45.6705
-46.3669
-45.1438
-47.947
-47.9492
-47.7479
-48.2085
-48.5417
-50.806
-49.5869
-50.0111
-47.1076
-47.1567
-46.8237
-44.4051
-43.911
-40.3646
-43.2454
-43.006
-39.088
-36.3892
-31.8104
-29.1854
-23.6028
-17.4131
-11.2374
-11.2602
-11.3552
-10.1113
-10.0106
-9.38641
-7.91936
-7.09425
-5.14511
-3.01457
-0.642757
0.276586
1.17955
1.93625
1.88919
3.45797
2.73157
1.6327
2.30567
3.37737
3.30479
3.77154
3.94154
5.13229
5.37949
6.14561
5.69964
5.84196
6.8874
6.20994
6.55178
6.16239
6.50639
5.90694
5.54962
5.80277
5.0513
5.40706
5.93523
4.95735
5.67779
5.14238
6.20676
4.50714
5.53415
5.27472
4.48116
5.92033
5.47098
6.32895
5.73976
5.2152
5.17709
4.83874
4.92425
4.83712
6.06588
6.11902
6.63586
5.64964
5.99128
6.04587
6.2621
6.26076
6.68099
6.40937
6.76447
5.41746
5.59822
6.65297
6.55531
6.89164
7.42938
6.53307
6.9365
7.07613
7.36827
5.93655
6.4725
6.23313
6.63734
6.35305
7.62977
7.18073
7.54481
7.9308
8.33227
7.09019
7.56405
8.17116
7.45412
7.41536
6.84134
6.51504
6.53244
7.02344
7.45938
7.01121
7.18712
5.87824
6.74531
6.46423
5.60315
6.79559
6.3993
6.77759
6.29503
7.18987
7.14297
6.85871
6.21919
5.96486
6.49212
5.05537
6.12523
5.57705
6.04469
5.88178
4.74671
4.02845
3.49275
16.3795
25.5097
30.2114
38.0261
41.6652
44.0255
47.184
52.8908
55.1217
60.0033
62.9391
64.1532
65.6147
66.7373
67.2501
67.279
67.8912
67.8137
68.7586
69.6063
68.4941
69.7991
69.6596
68.5341
65.8975
66.8545
64.7558
64.555
66.5185
65.8912
65.3766
63.6028
63.0876
61.7396
61.3569
60.575
58.598
58.857
57.8117
55.9981
55.0019
53.9
52.115
50.4872
50.1276
46.2189
45.0848
43.6736
41.4202
39.2
36.2626
34.7855
33.4424
30.5679
27.9294
24.8146
21.7163
18.9419
16.2565
13.6218
12.7073
12.2367
12.645
12.3749
12.1656
11.0691
10.1195
8.84128
8.34601
7.65162
7.14512
6.85439
7.40429
7.9647
7.07818
6.08273
6.87394
6.46478
6.36218
5.96651
6.24288
6.59323
6.1568
5.83892
5.03253
5.5381
5.41316
4.9575
5.17758
4.79232
5.18449
5.43683
5.67998
4.14908
4.63981
5.25485
4.61648
5.39021
4.85582
6.00499
5.70512
6.04806
5.66498
5.87486
6.21701
6.7017
7.74142
6.30028
4.25491
0.898506
-0.0968569
-3.74918
-5.56655
-7.14127
-9.63997
-11.4473
-14.6399
-17.1018
-19.321
-19.7368
-20.7525
-23.3068
-24.6633
-25.6307
-25.9643
-28.3504
-30.7011
-32.3023
-33.1981
-33.5056
-35.6815
-36.0488
-35.6988
-36.4311
-36.0766
-38.4844
-40.8532
-41.8084
-42.0585
-41.9584
-43.8337
-44.0384
-44.8578
-44.0273
-46.2073
-46.2227
-47.7888
-47.6336
-47.5918
-49.5878
-49.8018
-50.0952
-49.8003
-48.1764
-47.5259
-47.6014
-46.4504
-44.2593
-43.5454
-43.9254
-43.9457
-39.4795
-36.6183
-32.476
-29.1052
-23.8309
-16.7065
-12.1279
-11.9588
-11.1088
-9.83232
-9.24764
-9.10057
-7.30263
-5.77684
-3.94896
-2.81753
-1.04746
-0.0997579
2.00421
2.94082
2.27261
2.01357
3.60529
1.99052
3.17793
3.36244
3.22268
3.071
4.2952
3.89235
4.3923
5.7169
4.70954
6.3251
5.84596
4.89873
4.68895
5.2236
6.22183
4.93556
5.95064
5.26234
5.18904
4.96062
5.2404
5.03412
5.54026
6.25866
5.94644
6.10343
6.43663
6.57346
6.54157
6.76322
6.26947
6.81491
7.46442
6.76783
7.04021
7.84958
8.11271
7.18706
6.6667
5.87277
6.2299
6.74237
6.24593
6.19667
6.01636
6.73555
6.33767
5.66394
5.7076
6.08057
4.75486
5.54478
6.36313
7.09395
7.12446
7.54449
6.83759
6.30017
6.36572
6.40948
6.31693
5.87359
6.6502
6.25985
5.87302
5.13192
4.74492
5.73388
6.18929
5.33402
4.89489
5.04001
4.93504
5.68485
5.24223
4.80753
5.95744
5.5618
5.32888
4.1316
5.31135
4.40135
4.96607
5.68577
4.74015
5.33617
6.0974
6.34826
5.71055
6.87478
6.8781
7.13072
7.62669
7.53347
7.84983
8.60777
8.27001
7.90677
6.90306
7.79736
7.20617
7.11473
7.73609
17.8549
28.9798
35.0446
41.7445
43.9563
48.8801
51.8155
55.6018
59.2428
62.7144
66.1252
66.5354
66.9578
68.2513
68.1072
68.6463
69.0721
68.6151
68.8022
69.7527
69.558
68.8035
69.5935
67.9925
66.6126
65.13
64.3295
64.3824
65.7422
65.0105
65.2743
62.6416
62.3841
61.812
60.7385
59.5163
57.2594
56.7116
56.1728
54.638
53.0183
52.3993
51.9656
50.3539
47.7839
45.4184
43.1302
42.1624
39.5904
37.9411
34.6189
32.95
32.7295
28.7882
26.0631
22.9295
20.5253
18.6054
14.3859
12.7686
10.8231
12.1227
12.0372
11.0799
11.0677
9.64977
10.0696
8.99126
8.44188
7.2263
7.75621
7.20106
5.52099
6.36085
5.9781
5.63525
5.96436
5.0821
5.34684
5.62965
6.04622
6.54455
5.62013
6.61562
6.06493
6.20842
5.66541
5.54347
5.73017
6.6126
7.36003
4.97338
6.9505
6.71066
7.4189
6.88137
5.73795
5.7238
5.51971
6.97718
5.77998
6.06622
7.1626
7.79056
7.47162
7.11682
7.42726
6.74531
3.92985
1.54925
-1.31393
-2.99327
-4.5976
-6.54345
-8.53108
-12.1138
-13.4495
-16.2046
-17.5061
-19.3824
-20.6822
-21.1545
-23.2107
-23.7224
-25.5917
-26.7748
-28.9452
-30.0848
-31.5969
-33.374
-33.8795
-34.687
-34.7298
-35.7636
-35.8749
-37.7804
-40.1409
-41.4635
-42.7722
-42.9302
-44.1294
-44.8713
-45.4619
-44.9896
-45.4284
-45.5166
-46.8074
-47.7492
-47.9989
-49.143
-49.8793
-49.843
-50.1199
-47.3497
-46.9433
-46.557
-44.9419
-44.4879
-42.1325
-42.9368
-42.7912
-39.6524
-36.5776
-31.8421
-29.3326
-24.0046
-18.0268
-13.313
-11.7378
-11.9974
-10.3802
-9.92878
-10.1733
-9.09848
-8.57463
-7.0512
-5.50393
-2.95059
-0.66614
0.293591
0.910552
0.759015
0.820081
1.04229
1.32509
1.85118
2.49334
4.12388
4.05327
4.97652
5.22793
5.34667
5.91186
6.18862
5.4686
5.48415
6.10098
5.12424
4.61344
5.33765
5.67548
5.66537
6.14767
6.15275
5.39008
6.68366
5.82203
5.94688
5.91571
6.73866
6.53077
6.26314
6.37409
5.27941
5.48701
5.38652
5.08501
4.35807
5.17734
5.90364
5.63199
6.32488
6.42069
5.26668
4.2668
4.75815
4.85713
4.13165
5.49071
5.67696
6.11455
5.15418
5.65989
5.20029
5.40737
5.65745
4.71912
4.97044
4.67166
4.83546
4.85859
4.73279
5.14175
4.80761
5.07908
3.96357
3.50882
4.40568
4.44797
5.7914
5.25439
5.49703
4.60253
5.20444
5.58502
4.48354
6.11094
5.36533
5.55362
6.16042
6.22439
5.70572
6.49287
6.4068
6.13453
5.96499
5.50055
5.97438
6.14568
6.73202
5.88281
5.89449
6.02967
5.50277
5.06835
5.49589
6.14419
6.0689
5.63856
6.34262
5.9203
6.53648
6.09571
5.91169
6.28248
5.93574
6.94409
5.35789
17.5885
26.9709
32.7788
41.2913
44.2875
48.6906
51.4788
55.9894
59.633
61.7577
65.7799
65.1825
66.9961
68.6808
68.761
68.6014
69.1198
69.9328
69.9531
70.0656
69.6535
69.7723
70.0096
69.8444
67.5435
66.4637
65.2176
65.1529
65.9113
65.6847
66.1144
64.1626
64.2802
63.2074
62.5596
61.9613
58.8877
57.9775
56.7987
54.6284
53.7217
52.2985
51.7904
49.393
48.8255
46.1757
42.275
41.7875
39.7219
38.1183
35.2926
33.8678
32.7229
28.6678
27.7927
23.4207
20.8242
18.7506
15.8179
13.7551
11.4304
12.0544
10.5952
10.6932
10.9471
9.75341
8.67773
8.86643
8.41113
8.14769
7.65371
6.40164
6.44756
5.97484
6.05108
5.2895
5.44378
6.19756
5.88145
6.14749
5.17229
6.2624
5.29389
5.16938
5.51242
4.85951
5.19684
3.91738
3.75602
4.76537
5.33856
5.82213
6.50471
7.56725
7.11704
7.45412
7.64586
6.12935
6.95473
5.68601
5.04472
5.11592
4.71428
5.92905
4.67367
6.17356
5.77035
5.74226
2.82364
0.0780483
-1.68105
-4.88483
-5.2307
-8.13844
-9.4794
-12.7443
-13.956
-16.1644
-17.6066
-19.0025
-20.863
-22.1286
-24.4167
-25.8578
-26.8534
-27.8552
-30.0253
-31.2896
-31.9153
-33.573
-34.1611
-35.141
-34.8834
-36.6979
-36.9939
-38.3556
-40.5987
-41.9202
-42.6308
-42.9207
-44.0146
-44.0136
-45.8697
-45.8051
-45.6689
-46.5487
-48.0232
-48.0454
-49.5353
-49.5312
-50.9822
-50.4777
-49.9968
-47.9284
-46.6754
-46.7972
-44.4692
-44.2047
-41.6106
-43.2246
-43.1607
-40.5579
-37.29
-32.7989
-29.6239
-24.0413
-18.369
-12.5956
-12.1607
-10.337
-10.7571
-9.14543
-9.5285
-8.31637
-6.97591
-6.75707
-3.86862
-2.13485
1.06873
1.7565
2.08033
2.86114
1.91461
2.52196
2.71608
3.72543
3.60515
3.48636
4.49966
4.87641
6.07209
5.28733
5.30793
6.09475
5.04422
6.29896
6.00161
5.46565
6.1215
6.07941
5.81425
5.32574
5.93965
6.46954
6.92028
6.62377
5.21942
5.70482
5.13923
6.28007
5.83446
5.83515
6.69337
6.51662
6.31615
5.7707
6.5688
5.99011
6.11669
5.00662
5.50398
5.86338
5.55966
6.54238
6.61554
7.35463
6.66299
7.28737
7.6603
6.99584
7.5798
7.82037
7.40229
6.67219
6.93071
6.05109
6.21959
5.92005
6.54574
5.7223
6.14242
6.45301
6.40112
6.15861
6.54028
6.5294
5.91316
6.00733
5.78638
5.84374
5.86513
6.11901
7.00383
6.36985
5.84624
6.74315
6.56482
6.58493
6.14861
6.90466
6.85213
6.56785
6.38987
6.55874
6.61494
6.62288
6.50404
6.24035
6.1344
5.40808
5.41618
5.37087
5.87311
5.70509
6.94325
6.93599
6.53461
6.18493
5.90885
5.80411
5.73984
5.25944
6.38514
5.77829
7.58874
6.47185
6.56246
6.43671
7.16858
6.87646
6.08705
6.42443
5.9045
6.81227
6.94038
6.85666
5.68037
6.16361
6.06001
6.13154
5.72257
6.34329
6.85804
5.79499
5.43378
5.48635
6.22154
5.38417
6.70939
6.2794
6.44903
6.67444
7.00704
7.22146
7.15279
7.92659
7.50641
7.51426
6.89054
8.13957
7.28635
7.60163
7.65208
8.10068
7.7392
6.79192
7.54059
6.19421
7.36649
6.95703
6.624
6.68163
6.27899
7.08094
5.90663
7.3586
7.09834
6.89666
7.39297
6.78653
6.92104
6.56925
6.45886
6.31799
5.38094
6.46602
5.61656
5.47768
4.89309
5.11937
5.56968
4.96886
6.05562
4.46068
5.06029
4.91405
4.06999
5.16292
3.68796
4.63107
4.63671
4.49896
3.8264
4.4835
5.1646
4.66223
5.40039
4.93852
4.27643
4.10197
4.60406
4.72429
4.052
5.14072
6.25157
5.82456
5.07121
4.91596
5.74147
5.22918
5.42616
4.81186
5.05606
5.70013
6.29006
6.01106
5.90075
5.86214
5.24901
5.63825
5.43035
5.44139
6.17658
5.46909
5.24095
6.14175
7.12422
6.97465
7.07847
7.95125
7.25924
7.03609
6.73469
6.86716
6.53568
6.75575
7.13154
5.75396
6.93984
6.48266
5.81246
6.96484
6.2984
5.85104
5.91712
6.84714
6.35856
6.70554
6.88872
6.12891
6.11385
6.22117
6.67663
6.10143
7.92807
8.06261
8.08722
8.58276
7.33867
7.95382
7.9291
6.98916
7.03437
7.59937
7.58216
7.82984
7.97846
7.21546
7.01419
7.37465
6.30467
6.29324
5.94557
6.30912
6.16165
6.0701
6.71054
6.21313
6.52235
6.79142
6.16271
5.20115
4.63631
4.52362
5.01912
4.76681
4.68837
5.62892
6.00465
6.47113
6.08311
5.25714
5.80593
6.23152
5.89735
5.69063
6.09718
6.98309
7.96955
6.28495
5.74799
5.40715
5.65021
7.168
6.01132
6.21333
6.33433
6.77757
7.08316
6.05601
4.96645
6.25967
5.37806
5.72628
5.99094
6.07194
6.65938
7.16291
6.3881
6.66516
7.46616
6.70786
7.39217
6.78874
6.08776
7.34602
7.00161
7.0704
7.18995
7.60444
7.76616
7.24475
6.9747
7.0362
6.17403
7.57257
7.80745
7.13282
8.08233
8.21054
7.94946
7.5403
6.88445
6.94502
7.01913
6.7665
7.39958
7.22293
6.11946
7.20607
6.75639
6.94124
6.61959
7.66489
7.87762
7.42095
7.37447
7.66322
7.26058
7.41751
7.46917
6.02746
6.34531
6.27549
6.09619
6.16016
5.94623
7.21764
7.32238
6.94338
7.08173
6.68544
6.09422
6.09352
6.9858
6.96954
7.24608
6.90913
7.05009
7.76432
7.30938
8.0825
6.99573
6.25384
6.29066
5.03511
5.39518
5.24322
6.42372
6.52781
5.73595
5.2295
4.77497
5.38818
4.81309
5.62234
6.21753
6.21765
6.48871
5.39923
6.0684
5.13315
5.53295
6.33293
5.57822
6.63434
18.749
29.08
34.4174
41.7402
46.6785
49.7971
52.7568
57.4982
59.5482
62.9237
66.2478
67.7163
67.9847
68.5735
68.0618
67.2212
67.4203
66.9203
68.5887
68.4979
67.6391
67.9702
68.2487
67.9796
66.1176
66.4304
64.5182
63.6556
64.6585
64.3585
63.6339
62.8773
63.6543
61.6817
60.4572
58.6694
56.3497
55.1095
54.9993
53.9047
52.9794
51.1345
49.6232
48.3496
46.2607
43.8483
41.6012
40.3691
38.1901
36.3399
34.3035
32.0982
31.4275
28.3861
25.3778
21.6872
18.8188
16.5061
13.8882
11.9415
10.877
10.8507
10.6792
10.8443
11.3017
10.9181
11.1977
11.0428
9.76143
8.59877
8.30078
8.0748
8.39667
8.31009
8.3074
7.25968
7.08104
7.70905
6.83326
6.84059
7.32775
6.26021
7.43838
6.4791
7.48496
7.83248
7.57524
7.30868
7.31019
6.96847
7.54595
8.52189
8.08428
7.03654
8.10237
7.41566
6.7007
5.98165
6.65738
7.12057
6.96622
6.85996
5.79776
6.42916
5.93114
5.66218
4.81972
5.05549
2.28494
0.0135766
-1.59181
-5.30227
-6.34782
-8.22734
-10.4002
-13.8225
-16.0099
-17.9122
-19.8582
-20.2909
-22.8948
-24.2635
-24.4508
-25.9537
-26.9442
-28.5889
-30.2086
-31.6005
-32.0457
-33.8273
-36.1545
-35.6249
-35.9959
-36.5377
-37.3163
-38.6603
-40.4324
-41.7051
-42.5792
-43.1953
-45.8971
-44.956
-46.1141
-45.8518
-46.7097
-46.6694
-47.0949
-47.344
-49.1543
-49.6588
-50.5811
-49.6938
-49.7751
-48.5606
-47.2243
-47.1757
-44.0993
-44.1542
-42.1491
-42.5791
-42.2972
-38.5817
-36.2228
-31.038
-28.3845
-23.0489
-17.1504
-12.3669
-11.5325
-10.8872
-9.03135
-9.93975
-9.75887
-8.11865
-7.24943
-6.11352
-4.97961
-2.55017
-0.373037
1.90628
2.70437
2.73604
2.39608
2.69761
2.88031
3.41656
3.65212
4.48322
5.49184
5.36054
5.51164
6.01383
6.31288
5.75713
5.9816
5.85194
5.52107
5.4384
5.71592
5.59344
5.65527
5.73539
5.75347
6.09347
5.29336
6.05527
6.4813
5.60075
5.66237
5.18126
4.58862
5.22796
4.98412
5.59423
4.70873
4.53428
4.68287
4.35801
4.59825
3.942
5.32668
5.40539
5.46059
5.49244
5.54484
5.53436
4.98463
5.42016
5.36437
5.44052
6.59965
5.59776
5.42216
5.00156
6.12993
5.68423
5.33344
6.26533
6.29405
6.9623
6.36725
6.97602
5.85685
5.81938
6.38701
6.32789
5.84819
5.97368
6.41423
6.00159
6.63048
6.02709
6.50957
6.30764
6.36519
6.81543
5.52081
5.92247
5.24538
6.07196
6.02876
5.13938
6.85422
6.40251
6.87321
6.36704
7.01376
6.34361
7.44548
7.66771
7.64553
6.99554
7.39662
7.33454
6.75398
6.0088
5.92301
6.26523
5.80919
6.50054
6.33772
6.17414
6.90368
6.96926
6.89029
6.44721
5.71797
5.66848
17.5719
26.0786
31.5652
38.6564
42.4417
46.4992
49.2415
54.4461
58.2788
61.1356
65.0676
65.8156
66.1676
67.6801
68.5591
68.713
68.0975
67.8313
68.9397
68.5178
67.5446
68.0416
68.5483
67.7649
65.4184
66.1153
63.5547
63.5138
65.3596
64.8126
63.7667
61.6602
62.5268
60.6955
61.0633
60.0051
58.3209
58.2832
56.0033
54.4883
53.5132
51.8487
52.5578
51.1237
49.2032
45.9751
44.5728
42.6799
39.5783
38.3636
36.4742
34.5086
32.7402
30.0162
28.0902
24.3145
22.9146
18.9205
15.4527
13.8321
12.8
12.9439
12.0217
11.2046
11.4829
11.2101
10.7594
9.54725
8.60235
8.68177
8.61195
8.24186
6.26576
6.6753
6.94384
6.84219
6.08707
5.75963
5.88475
5.40185
5.67136
4.83224
4.27103
4.4825
4.60061
5.48398
4.11194
5.36644
5.8648
5.75901
4.87559
4.31895
4.76057
5.38318
6.1479
5.63218
5.46027
6.29365
6.22242
6.42249
5.28492
5.86048
6.33795
5.61896
6.64018
5.61054
7.33429
6.04649
4.32863
0.77884
-1.0858
-4.03028
-5.59667
-6.25254
-9.26989
-11.1366
-13.7274
-16.2714
-17.8668
-19.5428
-20.4113
-22.4239
-23.0062
-25.0806
-26.0755
-27.4304
-29.0951
-29.6332
-31.3735
-32.3509
-33.7421
-34.9577
-34.6679
-35.4627
-36.004
-37.6513
-40.5279
-40.6681
-42.092
-42.0267
-44.6392
-44.2209
-45.9747
-46.019
-46.1425
-48.1082
-47.2737
-47.5401
-47.9788
-49.3726
-50.5875
-50.2665
-50.4408
-48.5176
-48.4805
-47.1252
-45.3818
-43.9732
-42.5284
-43.6432
-42.9253
-39.4281
-36.8015
-32.3539
-29.6959
-23.3289
-17.7188
-12.5787
-11.772
-10.4639
-9.54198
-9.967
-8.26103
-7.13281
-5.67368
-4.11295
-2.59862
-1.03762
0.833134
2.78091
2.24965
3.44831
3.48145
3.70859
3.41144
3.76986
4.46815
5.24843
5.12992
5.71856
5.96153
6.51353
6.81297
6.92869
6.57754
6.369
5.65935
6.12303
6.92799
5.67792
6.38557
5.54673
5.95222
6.02372
6.16161
6.5775
5.83948
6.45528
6.02596
6.3275
5.73939
6.15011
6.67966
7.14306
7.35573
6.90612
6.10113
6.06481
5.65877
5.43852
5.42213
6.35746
5.89217
6.25834
6.29898
5.32388
6.11378
5.80947
5.32647
6.10237
5.39881
5.14783
4.83966
5.4792
4.86849
3.96605
4.77489
5.05816
6.15057
5.4027
6.55223
6.58242
6.80526
7.03428
7.18833
7.6203
6.71891
7.90217
7.85127
7.08969
6.53907
6.38054
6.09898
6.56019
6.52923
6.01836
5.26755
5.36964
6.13456
5.65241
5.21733
4.40076
5.77275
5.02884
5.57815
5.45741
5.53543
6.1827
5.33498
5.35137
5.41777
6.4851
6.69959
6.51102
7.43906
6.74665
6.65644
6.10913
5.65375
5.81643
6.35295
6.8501
6.43224
6.692
6.27063
6.45697
6.5343
6.41435
19.2872
28.5683
34.2333
39.9524
43.1392
46.4287
49.905
