25.3933
26.1692
27.8201
26.8743
27.9954
26.8883
26.3689
26.0003
26.5273
27.8724
27.9149
27.4034
27.9812
28.2151
28.1926
27.9988
27.7187
28.5584
28.394
26.991
28.7007
28.2288
27.9624
27.0991
27.085
27.3032
27.1902
27.3704
28.7814
27.5805
26.3732
26.5698
26.3901
27.3299
27.5768
27.3284
26.4173
25.7461
26.7423
27.3274
27.4957
28.0632
27.4359
26.7948
27.3303
26.5693
28.2712
27.2958
28.2511
27.711
26.8196
26.6423
27.5333
28.6846
28.0685
28.3741
27.3973
27.0045
27.3185
28.613
27.6683
26.9642
27.1849
27.1856
27.8088
49.8564
63.6065
75.0379
80.0311
78.7033
76.1642
67.7343
63.3855
64.6276
64.2097
63.8699
62.2939
60.5853
56.0834
51.6133
47.9454
45.1004
40.932
37.1034
30.9594
30.5156
31.031
30.4012
30.8921
31.7769
31.1596
30.1136
30.6897
29.9118
28.4202
26.9637
27.3286
28.1753
27.6138
27.9704
28.0766
27.9486
28.541
29.2094
29.1561
28.5352
28.3081
28.2268
29.1876
29.4481
30.2937
28.9154
29.5792
28.7944
28.796
29.024
27.712
27.7077
27.9242
27.4497
25.2942
26.1102
26.5001
26.3911
28.3159
27.0818
26.5248
24.929
25.4008
24.8436
26.4148
26.6388
26.53
26.6868
26.7798
28.2981
27.8268
28.9332
28.6362
27.8705
27.8745
26.7713
27.8617
27.4703
28.6981
27.762
28.2098
27.734
28.2271
26.4583
26.7479
27.2083
26.5461
27.628
26.7841
28.256
28.3906
27.5698
28.5309
27.3849
29.32
28.3198
28.0979
27.9709
29.049
28.7402
30.3152
29.4451
29.5068
27.7897
25.6801
27.2393
26.2386
25.8825
22.4325
18.3424
18.2469
16.7406
20.2469
21.0763
19.6563
17.9694
17.6503
16.6722
15.1077
14.7506
16.2546
19.1961
18.3975
18.0348
18.8701
20.3558
22.0384
20.9598
20.3743
20.5618
20.144
21.0974
21.0189
21.948
21.8686
22.5503
21.9884
24.7504
25.999
26.0264
25.9348
25.5278
25.8375
26.7627
28.5398
27.2681
25.8245
23.8573
25.4809
26.411
27.0772
27.2512
26.9761
27.1108
25.7786
26.386
25.764
25.8978
25.8625
26.3416
27.0092
27.0812
27.7538
27.6913
28.0086
27.0413
27.5948
27.2651
27.8547
27.9307
28.0265
27.1631
28.2162
27.9195
27.2491
26.6101
26.8626
27.047
25.7549
26.2114
26.6738
25.6788
26.7935
27.0519
27.3584
27.3064
27.0029
27.0202
27.614
28.0189
28.5539
28.7376
28.9575
29.5986
28.5395
29.5287
28.2096
28.6033
28.0311
27.7734
28.3571
27.6059
29.0628
28.4311
28.2785
28.164
28.0935
27.6138
26.6701
26.601
26.2936
26.9499
27.4938
28.9968
28.3744
27.9733
27.6712
26.9626
27.0905
27.9008
27.6018
28.2747
27.5288
28.2167
27.7208
27.1369
28.1913
28.3402
28.1466
28.4234
28.1963
27.9744
28.6185
27.7965
26.6382
26.5291
26.8436
26.8006
26.9209
27.6108
27.4937
26.3862
26.8031
26.3994
26.3922
26.182
26.4029
26.8343
26.8485
26.7189
27.3034
28.7966
28.4587
29.0651
28.1697
27.3848
27.6047
27.8897
28.3915
27.1039
26.6107
25.7251
26.4369
26.564
26.5381
27.3449
27.8332
27.7156
26.5771
26.4661
26.1506
28.2698
27.9094
29.0713
29.8562
28.8598
28.4318
27.7691
28.6339
27.4806
28.4659
27.676
27.4176
27.953
26.8244
27.0773
27.359
50.9434
59.161
74.4071
77.1285
77.3459
75.4139
68.2804
65.04
66.0422
66.7641
63.9346
61.5066
57.1957
53.7059
49.9512
50.5162
47.5421
42.6631
37.6629
31.0873
32.4938
30.7667
31.6364
31.3169
30.7661
30.2626
29.9838
30.1847
30.6773
30.5446
29.2402
27.8258
27.0378
27.0465
27.2357
29.4384
29.4493
28.8611
27.8515
27.7071
28.1167
28.8674
28.9759
28.7685
28.7637
27.4697
26.3536
26.9641
26.815
27.0611
26.0497
26.3252
26.3423
26.0087
26.5367
26.8701
27.6465
27.8072
28.3353
27.9777
27.7896
27.3847
27.4396
27.1222
28.0604
27.7356
28.1671
28.3605
28.3672
27.0292
27.0182
27.433
28.3279
26.9711
27.2822
27.1042
26.0612
26.1341
27.305
27.3466
27.5375
26.8719
28.0468
27.1886
26.7205
26.5177
26.6405
25.9206
26.7649
26.2578
27.2347
26.733
27.8685
28.1269
27.8955
27.5027
27.5149
26.7287
27.7121
28.368
28.1042
27.3819
27.497
27.057
28.1774
28.3355
29.4807
29.8992
28.1864
23.7251
18.2686
17.7837
17.744
22.0732
23.4053
20.7895
18.9583
18.5582
17.7288
16.7731
17.1954
18.9196
20.4083
18.3816
18.4687
18.0801
19.4109
22.1319
21.1954
20.9733
20.3396
19.5453
20.8276
20.5401
21.7361
21.7604
21.7163
22.5253
23.3564
25.1135
25.54
26.1158
27.0857
27.0309
25.6516
26.6044
25.7264
25.6922
25.514
25.3494
28.6193
28.2416
27.0984
26.1254
25.5905
26.0751
27.0398
26.2489
26.3032
25.8602
25.5351
26.7364
26.1393
27.5163
26.9177
27.1296
26.8921
26.3613
27.0393
27.1751
26.7325
27.0328
27.3638
28.573
28.9538
28.3156
29.1059
28.0712
27.7583
28.599
27.9283
30.0817
29.9462
29.214
28.2616
27.7321
27.8319
28.5188
28.231
28.1235
28.0032
27.8089
28.4496
26.7285
25.7233
26.7005
26.4947
26.7927
26.61
28.23
27.8905
27.7063
28.1404
26.8878
28.2459
27.1423
27.6378
27.2639
27.5182
27.6014
27.3363
27.6373
28.1578
28.0748
27.4244
26.4725
24.7422
25.844
25.5126
26.1687
26.7423
26.6299
26.3839
26.3172
27.6544
26.9659
27.7535
27.9615
27.7515
27.8624
27.9524
27.3648
27.5863
28.1803
28.5534
27.5671
27.9334
28.5749
28.2011
28.1733
28.8386
28.2136
27.5419
28.9514
28.5977
27.7702
27.2796
28.1567
28.4821
28.1073
28.1415
27.8333
27.6122
26.5807
26.8685
27.0434
26.3473
27.4178
27.1934
26.9142
26.5566
26.3903
27.3824
27.2122
27.5997
28.0745
26.7935
26.1418
27.1371
26.4927
27.3382
27.989
26.9867
26.5571
26.6162
27.2017
27.9555
27.9969
28.304
27.4499
27.8018
28.6106
28.0457
28.233
28.7137
27.785
27.5235
27.2767
45.1045
56.7343
71.9197
74.6038
76.151
74.6157
69.4581
64.2853
65.6482
64.5474
63.9181
61.7884
61.0222
57.9538
53.4472
50.8657
47.295
43.3363
38.3138
32.3956
32.5898
32.626
32.5169
32.0841
30.7711
31.4143
30.1831
30.1127
30.1068
28.5886
27.4306
27.9977
27.5558
27.4517
26.3105
26.3518
26.2492
26.8682
26.5423
26.3903
27.0468
27.0804
27.4844
27.8455
27.9144
28.8414
29.1124
28.6747
28.0731
27.9587
28.3014
28.4845
28.7888
29.4154
28.5232
26.9208
27.1081
28.1517
27.6654
28.7603
28.4507
27.3962
26.494
27.4972
26.6777
27.1028
28.1573
28.5942
28.6736
28.5424
27.96
26.2805
27.5405
28.9543
28.8424
28.116
27.4262
26.8836
26.67
26.1976
27.0588
27.5428
27.6624
28.1606
27.0721
27.172
27.3234
26.7476
27.0941
26.3453
26.3071
26.6107
26.0217
26.8318
27.6794
27.474
28.6636
28.8937
27.5642
27.2017
27.0988
27.8639
27.7211
28.5094
28.2693
27.2884
27.1277
27.9049
26.0606
22.9215
19.2061
18.5032
17.2733
19.6591
20.4388
19.4171
18.3082
18.5458
17.5234
15.3482
15.5611
17.0538
19.342
18.0336
17.958
18.4907
19.5368
21.1967
20.3221
20.3884
20.8377
20.044
19.8738
20.9131
22.5845
22.6257
21.8764
22.4009
25.103
26.2864
26.7844
26.1156
25.7846
24.9657
25.9131
26.4593
25.8847
26.4319
25.2403
25.8055
25.3709
26.5771
26.0494
26.2683
26.0417
26.7543
26.7721
26.7826
27.5441
26.3299
26.5329
25.2532
27.0687
27.8171
27.1608
27.082
27.8129
28.5376
29.0743
28.9674
27.7644
27.8308
26.945
26.7536
27.8539
29.276
29.9752
29.5229
28.6623
27.6559
26.2719
26.0784
27.2661
27.3638
26.3473
26.8396
27.5163
27.7953
28.2043
27.8465
27.5307
27.1256
27.2574
28.057
27.793
27.8531
28.609
28.5234
28.1516
28.8155
27.8233
28.4809
27.0499
27.4514
26.8774
26.8268
27.8809
27.7604
28.1533
26.7798
25.8522
25.4677
25.9921
26.5377
26.7149
27.018
26.75
26.6205
25.8879
27.0969
27.5574
28.4073
28.2203
27.7497
27.4823
28.3864
27.9481
29.0212
29.2906
28.8416
28.3885
28.9871
28.8422
26.8788
27.1863
27.0301
27.0996
25.8486
26.3769
26.3028
27.045
27.0634
26.5488
26.1602
25.9584
27.3559
26.403
27.4527
27.3789
27.8763
27.9777
28.512
29.1932
28.7794
27.7946
26.4046
26.5036
26.0422
26.9223
26.4462
28.1095
28.8124
29.1504
28.1456
27.0264
27.318
27.0257
28.1155
27.0569
28.3964
28.3122
28.8111
28.7392
28.2844
28.2208
27.9229
29.0577
29.1255
29.0906
27.6728
27.892
26.6403
27.9755
27.5477
28.2554
28.4859
28.4253
28.7781
45.269
57.6069
71.0422
75.2769
77.4694
74.3457
67.6285
63.1838
64.8028
65.3415
65.0977
61.5175
58.0063
56.011
51.0192
50.2312
46.5644
42.0732
37.5536
31.6196
30.3954
30.2617
29.7491
30.4372
30.2556
30.0221
29.8695
30.5908
31.2125
30.5206
28.8261
27.6304
26.4944
28.3201
28.7107
28.7276
29.0798
28.6096
28.5607
28.026
27.7763
27.1291
27.9614
29.3393
27.6207
27.2702
27.5501
27.8099
26.5911
27.4566
27.2276
27.0756
28.0128
27.1153
26.128
25.6383
26.407
27.4104
27.9919
26.615
25.8683
26.8779
27.3214
28.0098
27.1787
28.0543
27.2102
26.8626
28.0206
28.0664
28.2736
29.9402
29.6615
27.8649
26.6263
26.132
26.8466
28.4158
29.2184
29.2003
28.4375
27.4904
26.9081
26.314
27.944
29.106
28.8855
29.057
27.8136
27.1144
27.4374
28.1729
28.0491
28.8729
28.7405
26.5372
26.3222
26.224
27.7451
26.8758
27.2261
25.8541
27.0629
26.597
26.3916
27.0579
27.0343
28.2135
25.1223
22.8201
18.7039
18.3397
16.8689
21.0313
23.0638
19.9195
19.1942
18.601
18.4062
16.2924
16.58
17.336
20.1697
19.2265
18.735
19.0885
20.8124
22.2437
21.8632
22.0831
21.1353
20.4181
20.3618
22.1421
22.7287
22.1354
21.6301
21.7374
22.5498
25.0912
24.5697
24.9204
24.8817
24.3586
25.5099
24.107
24.9068
23.9551
23.6932
26.1238
26.4462
27.4093
27.6838
28.3634
28.895
27.8644
28.6092
29.1466
27.7264
26.9955
27.494
27.7731
29.0618
29.4308
28.8237
28.5891
27.4714
27.9361
27.3454
28.7086
28.7591
28.0241
27.1582
27.0006
27.1832
28.7618
28.6259
27.9858
27.3858
25.902
26.1939
26.3587
27.8707
28.4397
27.6381
27.2594
26.9477
25.353
26.4952
27.5909
26.9576
28.6675
27.8463
27.6658
26.6442
26.0446
26.29
27.1098
26.9675
26.4944
27.5169
27.2715
27.5504
26.0841
26.8643
27.0872
27.2007
27.6966
28.0179
28.6404
28.0411
27.6669
27.5435
29.2512
28.928
29.2804
28.844
28.1787
28.0249
28.1385
28.1456
27.4024
27.744
27.0871
26.4195
26.9997
26.0367
26.7958
27.9269
27.1745
26.5542
26.5933
27.1832
28.0535
26.9234
27.0358
25.8796
25.9547
28.5997
29.3797
29.2571
28.0304
28.2592
28.2802
27.4766
26.4589
26.8664
27.5105
27.5548
27.3375
27.491
27.9686
29.3921
29.2436
28.8013
27.6564
27.3475
27.2338
28.2409
27.4767
27.8805
27.1273
26.5736
26.5783
26.5286
26.7525
27.6975
26.9765
26.3214
26.6833
25.9307
26.761
27.3678
27.765
28.2623
28.7772
28.4163
27.1191
25.4276
27.7413
27.8577
28.1122
28.5442
27.1525
27.5016
26.5675
26.8051
27.8648
51.6611
62.1282
73.9872
76.3292
76.9681
76.986
70.433
66.732
68.2443
67.0604
64.5436
61.8604
58.9738
56.038
50.4095
50.8202
48.1209
42.5775
36.5003
30.6283
31.6264
31.8633
31.284
31.1984
31.0914
30.32
30.0013
28.8335
29.7812
29.0288
30.1172
28.6054
28.284
27.7862
27.0532
26.952
26.1452
26.6956
26.6055
28.424
27.9775
27.4231
26.599
27.2881
27.4887
28.1913
28.2916
27.2075
27.8112
26.629
28.222
27.7193
28.0417
28.8497
27.6385
28.3298
26.9362
27.7686
27.5652
29.0475
28.4563
28.131
26.9121
27.1312
26.8482
27.5191
27.4864
27.6554
28.7854
28.4629
27.3577
26.3114
25.7493
26.4501
26.2072
27.0169
27.435
27.6186
27.2825
26.5475
27.1319
27.0659
27.3285
27.7333
27.1125
27.9339
27.5129
27.5843
27.9726
27.911
27.2648
29.0156
29.3228
28.4994
26.702
28.2667
28.4989
28.731
29.0031
28.4151
28.3112
28.7116
29.4136
27.5262
28.3137
28.7067
27.7765
27.4291
26.2069
22.0544
17.5835
18.525
17.4088
21.2545
21.3828
19.8125
18.1831
17.4675
17.5184
15.9177
16.7593
18.1434
20.7612
19.1701
18.5765
18.9068
20.0868
23.3599
21.606
22.1561
21.3848
20.8743
20.7456
19.9769
22.4739
21.9986
22.6782
21.9976
23.3851
26.0033
25.1512
25.4381
25.8307
25.452
27.1998
27.706
26.03
26.0587
25.4437
25.7119
26.6079
26.7554
26.8861
27.0409
27.7364
27.5126
25.9325
25.9846
26.7831
25.5516
26.9733
26.3227
27.0219
26.2456
27.6279
27.2066
27.4407
27.19
27.7864
28.3206
28.1824
27.8192
27.3016
28.1562
27.7739
27.8179
27.3712
26.9442
28.1834
27.7545
27.8662
28.1017
27.87
28.3638
28.8523
28.1144
27.7795
27.6675
27.9079
27.7968
27.7154
28.927
29.2367
27.5446
27.2533
26.6426
26.338
27.2768
27.1551
26.7856
25.787
26.2425
26.2535
26.2696
26.746
26.6617
27.1111
26.555
25.3006
25.9021
26.9887
27.0044
27.9388
28.2389
27.9712
27.6331
26.26
27.7783
28.0508
27.5556
28.4086
27.661
28.0108
27.5777
27.9962
28.1305
27.7111
27.602
27.0986
27.5104
26.8742
27.9945
26.9778
29.2114
28.1872
28.5542
27.0689
26.9497
27.2457
26.866
27.4193
26.9012
28.1573
28.7173
28.8191
28.4338
28.4986
27.1308
26.8417
28.7157
28.0943
28.8867
27.8977
27.35
25.4744
27.4585
27.8278
29.2614
28.8937
28.0373
26.349
25.1655
25.3419
26.3031
27.9193
27.9144
26.9258
25.8443
25.8376
26.3703
27.9223
30.2128
29.2584
28.3061
26.2356
26.1424
26.6058
28.2947
29.0342
29.2145
29.0479
28.1101
27.9987
28.8026
28.5427
27.2286
26.4161
25.4668
48.9969
61.8778
74.7601
78.8083
77.3746
76.3121
67.3363
64.165
65.9122
65.4213
63.7003
62.6231
59.26
55.9758
50.6034
49.9772
45.7363
41.3423
36.6807
31.2279
31.4685
31.3756
30.2182
30.0724
30.3509
30.2612
30.7504
30.848
29.7663
29.7726
29.0796
29.7077
28.9872
27.8685
27.5032
28.2868
28.2229
29.5572
30.2848
29.6607
28.4161
27.6942
27.5201
26.9243
28.0674
28.6626
28.4489
28.1099
27.572
27.9619
27.2133
27.8024
26.9002
26.7829
26.761
25.4598
26.7599
27.1277
27.7135
27.7647
27.6684
27.869
27.1701
26.2914
26.7348
27.1235
28.2712
28.1005
26.7131
28.1627
26.8033
27.9949
28.3972
29.0721
28.8778
28.2512
28.5187
27.1927
26.7252
28.4651
28.5242
28.4217
29.2898
28.8388
29.2959
28.2666
27.9254
27.8986
27.4289
27.6181
27.794
27.8119
27.5692
26.8214
26.3435
27.005
26.8822
25.1788
25.66
26.2871
26.1637
26.3391
27.7397
27.7226
27.4047
26.1098
26.0298
27.597
25.7775
23.8665
18.9102
19.0649
18.0378
20.2832
22.2552
20.2392
19.2031
18.7451
17.5286
15.9365
15.6686
16.9876
19.6962
18.7229
18.4314
19.223
20.5313
22.1029
21.7321
20.6314
21.828
20.4039
20.7941
22.0991
22.0613
21.6479
21.2081
21.9669
23.9081
26.9167
26.5513
25.2394
25.1152
23.8874
24.9117
25.0687
26.2754
26.8074
25.4902
25.4061
25.631
26.3622
26.5533
27.2487
27.344
26.8802
26.8027
26.4114
26.1325
27.269
27.5712
27.6624
28.2707
27.4054
27.5397
26.255
26.7569
27.376
27.7993
26.8334
26.8301
26.7082
27.108
26.8276
26.6081
26.4908
26.4533
27.2377
26.6335
27.6029
27.3462
27.1089
26.8655
26.5094
26.7812
27.7473
28.573
29.4719
28.0375
26.7747
27.2626
27.5415
28.0709
28.7393
28.3591
28.0358
27.2216
27.1375
26.854
29.3309
29.1665
28.948
29.0903
28.6192
27.0449
26.2068
27.1999
27.9164
27.5493
27.7397
27.3983
26.7792
26.5313
27.8215
27.566
27.4494
27.1486
27.6273
27.877
26.7525
26.889
27.1617
28.4656
30.0912
30.4255
29.5278
27.2969
26.1235
26.2085
27.2472
27.1458
28.2809
28.1567
27.5899
26.1976
25.4235
25.9067
27.8098
28.4704
27.7441
27.6371
26.6044
26.5619
26.9007
28.4327
29.6077
28.7271
28.1809
27.4248
27.3463
26.2578
28.3923
27.2131
28.5689
27.4427
26.4585
26.5739
26.8483
27.4295
26.9327
27.3235
27.2812
26.8238
27.785
28.7674
28.3413
27.6516
26.6896
26.6387
26.9173
26.9813
28.5043
28.8594
28.396
27.5117
27.7524
28.2925
28.7762
28.4923
28.2121
27.5262
26.916
26.6842
26.4325
26.8473
27.5386
27.7579
26.4379
49.0961
59.3576
75.1421
78.5508
77.2359
74.9207
69.1834
66.2872
67.7453
67.6552
65.7335
62.918
59.4799
55.8607
52.0227
49.1798
46.1907
41.6777
36.5458
29.8634
30.8021
30.21
30.8768
29.7576
29.6462
29.599
31.1815
31.9802
32.1739
31.247
30.1451
29.2194
29.4813
29.7416
28.0607
27.7082
27.0893
27.1591
28.7117
27.7785
27.7954
26.4116
26.8712
25.5582
27.0911
27.1693
27.3416
27.1658
25.8864
26.687
27.4368
27.2778
28.5627
27.4765
27.0905
26.6375
26.9286
27.4387
27.4632
26.4124
25.9598
25.9065
27.2832
28.5666
28.5398
29.9332
29.1678
27.9935
27.348
28.3266
30.1621
29.9734
29.6566
28.8176
28.4903
28.6043
28.9064
27.0122
27.451
26.5382
26.2725
26.0306
25.8359
27.1515
27.0639
28.5494
26.8076
27.4762
27.7882
28.7083
27.1797
25.7276
26.5288
27.368
29.4322
29.2099
28.6494
27.5521
28.204
27.9339
26.972
27.3124
26.943
27.0866
26.5385
26.5481
26.4606
27.1284
26.0607
22.1168
17.9548
17.0406
16.4005
20.6438
21.3598
19.6857
17.3744
17.1848
17.894
16.2966
15.6599
16.8913
19.0111
18.8104
18.3283
18.5269
20.1323
21.9211
20.3778
19.8967
20.8991
21.1411
20.7476
21.4033
22.0524
21.2163
22.2427
23.2922
24.9682
27.3855
26.2654
25.4356
25.5756
24.6192
25.9803
25.5199
26.0714
26.3026
25.0908
26.2209
25.865
26.5405
26.9797
26.263
26.0144
25.8018
27.379
28.3258
28.1604
27.6093
27.6278
27.6425
27.125
26.5159
26.9616
27.9885
28.5911
28.0347
27.6991
26.8684
26.614
26.9146
25.9443
26.2882
27.702
28.3134
27.3966
26.5528
26.2303
27.5781
27.6636
27.8697
28.0888
27.6831
28.2727
27.4368
28.784
28.4433
27.9381
27.6796
28.0194
27.9936
28.3364
28.001
27.5135
27.3307
26.9006
27.5999
27.3653
28.2394
28.5813
27.3683
26.7159
27.8882
28.3438
29.1474
28.4262
28.0621
27.0558
26.7335
26.1692
26.7864
26.9096
26.6631
26.4854
25.8074
25.6671
26.1092
26.4349
27.1913
27.3441
27.3377
27.6238
27.9258
27.6834
27.5824
26.1973
28.4195
28.4901
27.9445
27.1924
27.8496
27.5786
27.4198
27.5975
27.6091
27.774
26.6995
27.2602
26.9822
27.9195
27.2156
28.0227
27.8781
27.3746
26.4823
27.9458
28.0866
28.2948
27.5776
27.6185
28.3777
27.9313
27.8347
27.8229
27.6242
27.949
27.6569
28.6313
28.1648
27.7791
27.9199
28.0636
28.1857
28.9463
28.0557
27.7488
26.2887
25.8102
27.2961
27.6636
28.4095
28.512
27.0672
26.283
25.4966
26.5477
27.5046
27.6339
26.7155
27.4319
26.4249
26.0827
25.3534
26.8937
28.0227
28.7161
27.4972
52.1261
62.0008
74.9171
77.4289
78.1803
76.763
68.605
65.2009
67.2282
65.2636
63.1676
62.59
60.3475
56.5906
52.9152
51.3141
46.9545
41.5044
37.0564
30.0516
31.1455
31.3054
29.7398
29.5679
31.2422
30.474
31.0368
31.7007
30.4858
28.1071
26.4493
26.0723
27.0141
28.4602
30.5403
29.6442
29.8847
28.7985
27.7873
27.7666
28.9713
29.2697
27.4473
27.1272
28.0539
26.8211
28.5486
28.3909
28.1603
27.2541
26.8073
26.3458
26.9802
27.254
29.1281
29.008
29.4235
29.2031
27.8582
27.5413
28.0014
27.6423
27.4928
26.9334
27.9374
27.4199
27.8295
26.4149
26.0714
25.9073
24.9597
25.3847
25.7087
26.5878
27.1691
27.988
27.3265
26.5633
27.4633
27.1534
27.2804
27.0992
27.9233
27.7472
27.6277
28.5037
28.6074
28.6912
29.1163
29.0035
28.4279
27.8953
27.6891
28.8889
28.162
28.1634
27.303
28.0723
29.2772
27.3905
27.6104
27.9668
28.2732
27.1846
26.2896
26.4825
26.8265
26.7962
25.4654
22.371
18.0289
18.9092
17.1957
20.852
21.8059
19.3368
18.9969
18.1841
17.5984
15.9765
15.7709
17.3876
20.4292
19.1298
19.0175
18.1541
19.4809
23.4927
22.9484
22.1631
21.894
20.9107
20.7437
20.3323
21.7199
20.9362
21.5997
22.4538
23.5658
25.6919
25.4422
26.0294
25.5771
24.0678
25.9547
25.1669
25.2379
25.7195
25.2453
25.8408
27.2697
26.6857
27.8427
27.9689
27.6627
27.0199
26.0708
27.1108
26.6338
27.2094
28.1059
28.5828
28.4446
28.7518
28.4293
26.9771
27.0135
26.9536
27.6785
26.3456
26.2177
26.1032
26.0886
26.866
26.4232
27.3587
26.8116
26.6845
27.2541
28.2198
27.9258
27.0781
26.3186
27.344
28.04
27.8561
29.2799
29.5975
28.9108
27.9621
27.2237
26.9089
27.3894
27.039
27.0311
27.1636
28.4432
27.8305
27.462
27.8364
27.2216
26.3081
27.1207
27.6731
27.6529
27.8188
28.1413
27.8826
27.8252
27.9306
28.4341
28.1247
28.4295
28.0358
27.1514
26.5013
27.6412
28.1537
28.0831
27.1337
28.3564
26.4749
26.5867
26.5101
27.2585
27.4359
27.8229
28.3205
28.2673
28.1058
28.6005
28.158
27.7847
27.9818
28.1225
27.5343
27.87
27.649
28.3112
27.507
26.3809
25.7159
26.5535
26.5845
26.7209
27.7184
27.9893
27.889
26.329
25.8976
27.257
28.2254
29.8979
28.7999
28.7071
27.3106
26.9387
26.5253
27.0364
27.4678
27.5088
26.836
27.0908
26.7063
27.0214
28.182
29.2665
28.4308
26.1883
25.6868
26.4523
27.4629
28.378
29.2156
28.6591
28.1409
26.1994
25.5763
27.0476
27.0256
27.3559
26.6077
26.8166
26.7502
26.718
27.3711
27.1397
28.0222
49.9954
62.7421
77.3386
81.7213
81.0306
78.2521
70.7223
65.6288
65.8204
66.5022
64.1141
62.5917
59.7141
54.9705
51.7691
50.6224
46.8362
41.4511
35.4304
29.6303
30.0958
30.3016
31.4367
31.0713
31.2384
30.5445
30.584
30.3414
30.2951
28.479
28.6601
27.427
28.9173
28.9326
28.6288
27.9839
27.2078
26.9512
27.6868
28.4632
30.4089
30.0264
28.8822
27.8604
27.8
27.2678
27.501
27.678
26.261
26.5955
26.0986
26.5296
26.676
26.5654
27.1178
25.8141
26.3911
25.6437
27.042
27.4234
27.8588
27.8426
28.1129
28.5913
27.9174
28.4084
27.77
28.299
28.2708
27.4207
26.8013
27.1458
27.5073
27.4799
27.7517
26.8657
27.4856
26.5286
26.6138
27.7305
26.6523
26.9665
27.8465
28.4556
28.7227
26.6397
27.0545
27.3477
26.6687
26.8137
28.2189
29.3158
29.0522
27.9514
27.1537
27.032
28.602
28.8164
28.7403
29.2879
28.902
26.7423
28.1205
28.8646
28.3173
28.0847
27.6897
26.3807
24.109
20.4643
17.676
19.3705
17.258
19.6035
20.3799
19.3134
18.1031
17.2777
17.8504
15.9552
16.7561
16.4757
17.7203
17.3274
18.1221
18.2434
20.5344
22.662
20.8069
20.9586
20.5236
20.0721
21.4068
21.4519
21.6194
21.3798
21.0534
22.4732
22.959
25.3144
26.0462
25.3246
25.3252
24.9289
25.7399
25.3793
25.4384
25.2476
25.6231
24.6212
26.4575
26.5847
26.3583
27.4416
26.7728
26.9676
26.5991
27.3475
27.1587
27.4047
26.7298
26.9086
26.4829
27.6483
28.3243
27.627
28.3181
28.5972
27.4075
26.8013
27.0369
27.6254
27.7812
27.7504
27.0526
26.129
27.1341
27.7302
28.0702
28.763
28.0153
27.4574
27.0444
26.3983
26.0257
27.0168
28.1807
27.0504
26.6828
27.468
27.5509
26.932
26.7327
26.3696
26.6677
26.8101
26.1883
27.4302
28.0667
29.9024
30.0506
28.9013
27.7264
26.2174
27.985
28.2587
29.4775
29.459
28.803
28.2448
27.8621
26.0876
26.3512
27.0158
25.8364
27.425
27.0553
26.6999
26.7129
27.6804
28.4303
28.4159
27.458
26.6309
26.9593
27.3459
27.2117
27.4001
28.699
28.7232
28.3427
29.4027
27.9437
28.0835
27.1133
27.2253
26.1388
26.5513
26.9413
26.5129
26.922
27.7855
28.0213
26.8328
26.6837
25.7751
26.8095
26.0565
26.0354
26.4059
26.8183
27.8458
27.7572
28.4476
27.6536
28.5435
28.2154
27.1383
27.7745
28.955
28.7841
27.2933
28.0026
27.2453
26.851
26.9048
28.0731
28.157
27.957
27.5638
28.4093
28.2765
27.1835
26.6341
26.2874
27.7764
27.9716
28.0036
27.7012
28.1291
27.9479
27.3755
25.7844
27.5524
26.9155
28.0906
28.045
27.6549
51.3357
60.3649
76.6852
77.863
78.3866
75.9452
68.0695
65.5363
65.4238
66.1473
63.9645
63.1872
59.4738
56.4125
51.024
50.6131
45.4678
40.8935
35.3947
29.8932
30.1532
30.0874
31.3293
31.4116
31.5188
31.6527
30.3373
30.4053
28.8986
27.9181
27.8221
28.2485
29.0125
29.1864
29.7973
29.3215
28.7115
27.244
27.325
28.1222
28.0718
28.7716
28.1495
27.4015
27.0625
27.306
27.3058
28.0624
28.2549
28.8549
28.1735
27.8884
28.2687
27.9098
26.9768
28.5294
29.0738
27.9712
27.0595
27.3659
27.2434
27.5145
27.9897
28.4718
27.4185
26.765
25.985
25.3534
25.0199
26.7609
26.9304
26.6226
26.9461
26.3974
26.7371
26.4894
28.6587
27.9668
27.5179
27.5952
26.5683
27.4841
27.7059
28.7283
28.3108
28.302
28.279
27.1137
26.5206
27.1307
27.7094
27.9749
27.5531
26.3346
27.2098
27.0315
27.3989
28.1481
27.0368
27.8635
28.2932
28.1847
27.7288
27.31
27.383
28.5921
28.2761
27.9412
25.2257
22.3774
18.7515
18.1863
16.2612
20.8439
22.8843
20.1733
18.7102
17.5943
16.7769
15.8849
15.9369
17.9922
19.7164
18.941
18.565
17.9463
19.1624
22.0185
21.3004
21.4572
20.1284
20.3558
20.0539
19.7759
20.6888
20.9313
21.5296
22.6471
24.2051
26.1537
26.0151
25.0836
25.6784
25.8212
25.9786
26.1822
26.3011
27.9957
27.9326
27.503
27.255
26.7575
26.8755
26.7692
27.1782
27.7802
27.4232
27.1466
27.5793
26.9289
27.538
27.3424
28.061
27.2738
26.8689
26.1659
27.4434
27.5673
28.1712
28.0807
27.3081
26.5782
27.3684
26.2848
27.2902
27.2308
26.4496
26.7832
27.1056
28.2392
27.7887
28.2448
28.1058
27.1302
26.6009
27.3645
27.6705
28.0921
27.743
26.7661
27.2342
27.7211
27.846
28.1554
27.6996
26.73
26.2578
27.1938
26.7275
27.8196
28.1014
29.3156
28.6223
28.4908
28.8326
27.5352
27.4533
27.4766
27.2927
28.1595
27.5074
27.2798
26.9454
27.1079
27.316
26.7406
26.9047
27.8508
28.008
26.9898
26.5277
27.1592
27.1595
27.192
26.3459
26.4378
27.143
28.3995
29.102
28.2007
28.3036
26.8416
26.0793
25.6985
26.5024
28.0344
27.9682
27.4594
27.3872
27.3527
28.0993
28.3146
29.6988
29.0105
27.6831
27.2391
27.8787
27.2189
27.6031
27.7307
28.5432
28.679
28.2629
28.6136
27.2775
27.8485
27.0049
27.3064
27.6661
27.6432
27.6343
26.6551
27.2707
26.1463
27.1144
27.0964
27.1333
27.2273
26.4551
26.335
26.9075
27.9701
28.7251
28.8143
26.5769
25.9517
25.5369
26.6422
28.5362
28.7016
29.6943
28.1954
26.486
26.8784
26.8338
28.6925
28.5567
28.4035
47.0365
56.7165
72.311
76.2264
78.6403
75.8614
69.8082
65.8286
66.1024
65.5055
64.0049
61.9219
58.7507
55.3193
50.5329
49.2752
46.2256
41.7888
36.4643
30.5837
30.2285
30.0511
31.3181
31.4511
32.4213
30.8612
30.7509
30.4414
29.9315
30.5107
29.3915
30.1299
30.2375
29.365
28.9544
27.7968
28.319
28.6821
27.9527
28.3641
27.0157
26.509
26.8867
25.5618
26.2803
26.9314
26.1764
26.2677
26.46
26.2969
26.0101
25.774
26.7129
27.5267
26.862
26.2899
26.0602
27.496
28.1637
29.0661
29.4986
30.1384
29.2723
27.9541
27.4624
27.7712
27.8649
28.5957
28.4174
28.3937
28.5014
27.559
28.0792
28.874
28.693
27.7244
27.4966
27.1713
27.7756
27.2202
27.6131
28.4413
28.2332
27.6355
26.4689
26.7396
27.7256
28.3364
27.7062
27.0267
25.9884
26.7269
27.0725
26.8665
26.6
26.8308
27.4307
27.8215
27.3519
28.0956
28.007
28.6302
27.7414
26.8002
27.1883
28.1102
29.1153
28.0387
25.9482
21.6475
17.9494
17.858
17.415
22.1004
22.1309
20.1123
17.7343
16.8331
16.3689
16.7955
16.5964
18.8956
19.7892
18.8585
18.5572
18.8906
19.934
22.9777
22.1971
21.0644
20.4634
20.5405
20.5104
21.4806
22.8859
21.4289
21.8126
21.2255
21.5434
25.3929
25.237
25.3268
25.4667
25.5643
25.0299
24.9014
24.9775
25.0345
27.0218
26.8709
26.3006
26.492
27.0338
27.4882
27.3331
28.1804
26.2681
27.0984
25.5689
26.9485
27.0633
27.9424
28.4528
28.2641
28.1742
26.532
27.4603
26.6513
27.8037
28.445
28.2449
27.792
27.1252
26.9183
26.4345
28.2875
27.7586
28.1515
26.7372
26.4182
25.0339
26.1703
28.3851
28.4578
29.0381
27.4667
27.1944
25.7133
27.5604
28.0974
29.207
28.7626
27.5505
27.8025
26.8495
27.6845
27.5381
28.4182
28.4676
27.4438
26.6294
26.7165
27.4439
26.6048
27.3044
26.0342
27.2387
26.2436
27.7736
26.9685
26.5838
28.0081
27.2536
27.678
26.9635
26.6845
25.8206
26.0889
27.8024
27.2218
27.4183
29.2095
29.294
29.1846
28.0452
27.4727
28.315
28.4142
27.8639
28.658
29.404
29.9056
29.6338
28.1318
27.7758
26.427
26.678
27.8787
27.2286
27.3263
26.4075
27.0074
27.1889
27.7188
27.5816
28.0379
26.6302
26.7694
26.8874
27.3269
28.9591
29.2346
29.1811
27.0249
25.9595
26.3159
26.9173
28.0619
28.2556
27.4457
27.2919
26.2245
25.5311
26.3364
26.1431
26.491
25.9911
26.0839
26.0203
27.4677
27.9108
28.8267
27.5343
26.366
26.2907
26.5884
28.6877
28.7306
30.102
29.6336
29.5093
28.8291
28.7097
27.9829
28.0547
27.1513
26.7814
28.0335
46.703
62.1467
72.5187
76.8904
75.8809
74.3843
68.419
63.3608
65.4984
66.3959
64.4204
62.4378
60.6196
56.9937
52.5284
50.7889
47.5751
42.2783
36.1173
31.1584
30.5631
31.2377
30.8285
32.3954
30.8635
30.7646
30.0465
30.3264
29.9989
28.416
27.4778
26.3317
26.9568
26.9148
27.7261
27.3613
28.3012
27.9673
27.4031
27.7703
27.0643
27.3705
27.6502
28.863
29.5583
28.7572
28.64
28.8916
30.0264
28.6178
28.4588
27.6696
27.7376
27.2565
27.1791
27.7501
27.1068
27.9185
27.6096
26.6091
26.7551
25.6642
26.3731
27.0295
28.5777
27.7299
28.345
27.9532
28.3591
26.9293
28.0419
26.9472
28.4846
29.0213
28.3979
27.5044
26.0473
26.2076
27.4823
27.5279
27.6565
27.3017
25.5866
25.6636
26.5616
26.3008
28.4275
28.9122
28.9515
27.6094
27.5027
27.2688
27.409
29.0321
29.8723
28.9763
29.3084
28.7359
26.906
26.3909
28.092
28.4907
28.5234
27.7485
27.2829
27.419
28.1654
27.4214
24.813
21.6553
18.1769
17.3004
17.0809
21.2888
22.0467
20.2281
19.0998
18.2223
17.6578
16.3018
16.2866
18.1436
19.3778
18.3092
18.7499
18.2883
20.1589
22.6125
22.4712
22.0683
21.5524
21.1766
20.631
20.4088
22.526
21.9265
21.9456
23.5357
23.7487
26.6893
25.5211
25.0491
25.5664
25.0656
25.6294
25.4493
26.3121
25.8107
25.3115
24.6882
25.3442
25.5617
25.9691
26.587
26.3801
27.6415
27.2599
28.1202
27.5578
26.3771
26.3431
26.6593
27.5003
27.29
27.8923
27.1458
27.407
