19.1151
16.8374
17.5846
13.5874
22.7413
11.4825
23.3829
12.0324
17.2956
14.6469
17.0499
14.0153
17.4459
17.239
15.4134
21.233
12.6008
19.4188
13.5017
19.8414
16.6884
16.3492
14.9246
16.0457
14.0187
18.5016
15.0649
13.6408
17.0422
14.212
16.8636
13.8871
15.8678
14.3528
15.6863
17.2114
14.5194
17.0963
14.5139
15.3751
13.7389
16.6732
11.7435
15.9061
16.7237
11.5372
17.4737
12.278
15.1612
14.7172
15.4007
12.9619
16.4457
15.7262
16.3092
16.9668
16.1566
12.4985
18.6691
13.5595
20.1508
11.9229
17.3859
15.0487
15.533
17.4298
12.9172
17.5477
12.0835
19.9257
14.7965
19.1104
13.6774
20.5652
16.039
17.5651
16.865
16.5326
16.7127
19.0944
16.5329
17.8284
20.1698
14.6675
23.275
12.9581
22.6743
10.8911
20.3953
14.3315
17.8651
17.0037
16.2533
19.8128
13.9909
21.6228
11.4526
24.9548
9.73067
22.2413
14.3814
19.386
15.1656
19.0269
14.0654
17.4867
16.7465
12.836
21.8598
10.6238
23.8692
9.46899
21.1323
15.0649
14.4206
17.81
13.9189
15.0172
17.4067
14.9516
15.1411
17.6549
16.9992
16.2678
20.6294
15.3533
18.0679
15.9757
16.4185
15.8572
15.7932
16.8071
17.1279
13.5415
19.656
14.0811
15.5659
16.9215
13.2963
19.3995
13.9492
21.2486
14.2867
18.9138
17.7498
14.0808
18.5245
13.8343
15.5584
15.7029
16.4862
15.6962
16.1489
21.5048
9.86768
24.111
14.6788
18.4587
16.2376
16.3873
15.3352
19.6965
14.849
19.1073
14.8246
17.2173
19.5367
13.0514
21.1176
14.5096
21.302
13.0949
22.2722
13.5861
18.8198
20.3382
12.3206
22.949
12.8541
19.921
16.3116
18.0951
20.6038
13.5905
19.3343
17.1695
14.6182
17.0678
17.9478
14.3233
20.0974
14.7442
16.8596
18.0851
13.688
18.8085
12.604
23.5996
9.10879
25.4726
10.0519
20.4248
14.4695
18.1368
19.5429
15.1546
22.6907
11.9935
20.9273
16.7173
18.0144
17.6959
17.8385
14.6653
16.6129
18.469
17.3138
15.4222
18.5251
14.6399
19.7428
17.1467
20.3956
14.6177
19.4009
13.2575
19.8393
14.012
19.5386
14.3522
17.5676
17.1916
11.9621
17.0289
12.1355
15.4414
13.8413
13.7199
15.4966
13.7663
15.3678
16.1513
13.6099
15.5038
15.5025
15.2823
19.0208
15.4671
17.9429
16.0265
14.2637
15.8394
16.6207
15.1242
21.5442
12.2675
18.6385
16.0989
17.576
13.6966
19.922
14.874
17.2779
17.4698
17.4496
16.542
17.6185
14.6151
15.7059
16.7789
14.8395
16.586
17.9696
11.3337
20.5033
10.4233
19.5299
14.146
17.1916
14.3041
17.7119
15.3327
15.8111
16.2411
13.4716
18.5924
13.8552
17.9788
15.1957
13.9625
15.6447
15.9082
12.0386
18.3651
13.6719
16.6958
18.4111
13.1214
16.2155
15.135
15.4537
15.7992
16.6223
15.4575
14.9422
17.0699
17.2379
14.0307
16.503
14.6199
14.8037
13.6428
17.4287
10.3941
18.4329
12.5647
19.0777
17.5677
16.7537
17.6017
16.8423
14.3668
18.9522
14.5684
18.5048
12.9203
16.9569
14.5857
14.7769
17.9133
11.1136
20.916
11.3802
18.081
16.0537
13.8267
19.5399
13.0198
19.8118
14.7616
19.1141
14.1914
18.3668
14.5402
19.0316
15.9049
20.8728
14.6707
20.157
16.8047
14.1373
21.6469
10.7622
21.7418
11.1392
17.592
15.4394
15.6893
17.5984
11.4114
21.6061
10.0721
22.9416
13.686
15.5824
17.6803
13.6653
21.2199
11.4303
23.6273
11.1129
21.7626
14.5628
19.8128
16.3631
16.6444
18.7646
14.9178
19.1245
17.2078
17.4543
14.6711
16.3064
14.9997
16.9223
19.5047
13.8949
17.5564
13.1249
17.4128
18.1006
16.3033
17.8165
13.8197
17.7112
14.7632
18.2438
13.5143
15.6002
15.957
14.0336
17.3796
15.8678
12.7401
16.198
15.0182
15.8608
15.6551
14.7139
14.0908
16.2479
12.8421
20.3115
13.0244
18.1584
15.5989
15.6865
16.6082
18.009
16.143
13.7027
19.8464
13.1365
18.464
17.1175
13.8638
16.8161
16.3407
15.3581
16.8588
19.9419
10.8679
22.3642
10.5095
17.3759
15.549
15.4774
18.0026
15.9084
18.1318
13.089
18.5819
12.8865
14.357
15.4978
12.4737
15.4947
14.3591
15.6453
12.857
14.9961
12.2121
16.3052
11.063
18.753
10.872
14.83
15.2488
12.0582
17.1287
12.4888
16.2419
11.5823
19.6201
9.84693
18.3907
12.0267
14.2905
13.6918
13.9525
13.5013
14.8825
13.1488
15.5915
15.5981
12.1858
18.7872
12.5889
17.4008
15.6347
15.3905
16.9968
13.8058
17.4917
13.4521
21.3755
10.7953
20.6293
12.989
17.2676
16.4211
16.1329
15.6576
15.4834
18.5033
15.2326
20.9514
13.5706
19.788
14.3125
22.4993
14.8759
19.3484
17.9232
15.3509
21.5083
17.2532
19.5541
19.6995
20.3886
14.1962
19.8311
17.7536
19.7066
14.9566
22.5101
10.7179
22.433
12.3417
18.3335
15.1396
16.0021
16.8439
16.6969
15.9853
14.3093
15.9746
16.3397
15.3121
17.1964
13.4251
18.8581
14.0474
15.7478
16.3288
14.5603
19.5032
13.4757
21.4326
13.1842
20.5688
14.5587
18.8694
14.7612
17.6403
20.2562
16.4302
20.706
15.6964
16.9037
16.0439
14.3908
18.4673
17.0121
16.5043
16.1568
16.5061
14.4229
15.8808
17.9289
11.5077
21.0053
12.8864
18.529
17.4838
11.6021
19.8885
11.6241
19.0378
13.1906
18.5863
12.5476
17.0711
14.2537
16.1002
13.5368
16.4236
15.8884
13.6832
17.5055
13.9782
19.0651
13.8101
21.7956
9.52846
21.0643
11.9885
17.3028
13.5348
16.4096
14.9334
14.8355
17.8877
14.6118
14.7187
15.4974
15.0138
13.6883
17.9332
14.5138
18.9065
17.488
15.473
17.9412
16.1988
16.6465
17.9155
13.3107
16.6225
16.1009
15.3548
18.5254
14.4737
18.0721
14.8297
16.7837
17.9853
13.4649
15.8453
15.3797
12.4383
17.7595
13.8865
17.1486
13.2317
17.4325
14.4115
16.6634
13.25
16.1441
15.4308
15.9328
19.6576
15.0929
16.4622
14.7058
16.7073
14.5064
17.2175
16.5676
12.807
21.065
12.0313
17.9096
15.4653
14.9284
17.303
11.9558
20.0672
10.6422
21.028
11.537
16.3327
15.0682
14.0227
16.2839
15.6559
15.2308
13.773
14.7865
17.4637
14.7801
15.9826
14.3185
14.5281
16.2017
15.5734
15.3861
18.1219
12.7786
16.9435
16.9409
16.3809
12.5335
20.0502
13.4092
17.8606
18.9962
13.5946
19.245
15.0009
19.0617
12.1855
19.266
14.8243
15.8155
17.8463
16.4563
15.004
16.399
18.3073
12.4878
18.2924
15.1712
14.0849
16.6443
17.0746
17.1771
16.895
16.2769
14.4182
16.416
17.5918
15.359
18.9208
19.5762
13.2156
23.0162
14.3582
18.3626
18.0846
14.1397
18.0015
18.1298
17.1834
15.8074
17.942
14.7797
16.2244
15.4249
19.4966
15.8047
19.129
15.598
13.9094
20.8827
13.0241
20.3642
14.3413
17.5627
15.689
15.6226
18.6903
10.061
19.9914
11.6929
17.4604
15.4704
14.0184
18.9106
12.299
20.5288
10.6381
22.4574
10.8434
18.7174
14.9232
15.0264
18.124
14.194
16.9625
13.201
15.9543
12.8083
16.0568
14.5474
16.558
13.6347
16.5077
18.8901
12.2078
20.5499
12.9823
17.4421
18.9383
15.551
19.9319
15.6024
18.1701
15.106
17.9661
18.7346
12.9234
20.9511
14.5187
18.7816
16.3324
16.2222
18.5199
13.8111
17.3852
17.1177
14.923
19.4279
13.2636
20.8511
15.1726
16.3934
16.2908
16.457
12.9296
17.864
13.9299
14.3367
18.4612
14.5257
17.8735
15.274
13.6785
16.325
13.7942
18.4929
14.6637
18.755
16.3108
16.6352
20.1242
13.3857
20.7213
15.1185
17.6658
18.2401
18.2881
19.1112
16.485
16.6546
15.6317
17.5573
15.3179
21.4164
13.6708
21.6769
13.3492
18.4027
15.2583
14.2303
17.627
12.8745
16.1596
12.6972
18.0231
10.1085
21.9281
11.1117
17.861
13.8928
15.0216
16.4115
13.9856
17.6833
13.5167
17.8019
16.9096
13.5091
15.6565
18.4139
14.3168
18.6417
17.3586
15.7069
16.4276
18.4922
16.2991
16.0449
16.7067
15.1388
18.4464
16.8966
18.8597
12.0502
24.3775
8.66847
22.22
15.6466
15.6061
18.6943
14.6923
17.6012
18.4701
15.8558
17.4803
19.9146
16.6909
20.3283
18.0002
15.246
18.0485
14.9143
21.44
13.7764
20.6462
14.658
15.5302
19.4892
10.6233
18.0863
13.4437
17.0081
13.1374
19.5521
12.4622
17.1545
15.8415
12.7492
19.4538
12.8495
19.6475
15.0378
17.4151
15.7622
15.7647
17.7984
14.4877
19.9013
19.0911
18.0551
19.2531
15.1316
20.1501
14.5481
16.7698
16.9861
15.7187
18.0012
14.5226
16.6821
15.4591
13.7286
16.333
17.1332
14.8627
18.0244
13.2136
15.8316
19.3271
13.4474
19.6097
13.9587
18.2668
15.5226
19.0284
16.0139
15.4914
21.0852
13.8836
22.7611
15.1872
17.8467
15.3905
17.3445
13.2137
19.6217
11.8752
18.7994
15.4852
14.698
21.4042
12.7099
18.154
16.1419
16.2275
15.3738
20.7541
11.6305
22.7937
13.1716
19.9789
14.3463
17.9954
15.5232
15.7725
20.6842
12.3783
22.3574
11.1883
24.2102
9.95249
21.6248
14.0231
15.0023
19.272
12.6441
17.4895
14.2649
15.4942
17.5989
14.6271
17.6961
13.9051
17.5272
13.8581
16.2913
14.6405
17.2598
16.3187
16.9705
14.7508
16.685
17.7103
13.8315
20.2794
12.7324
17.3263
15.2544
19.3311
14.9659
17.9256
15.7906
14.6807
20.4773
13.4018
17.472
13.0817
19.2756
11.726
19.142
13.1081
17.6428
16.5287
14.9205
18.5152
12.7567
20.0677
13.8683
18.2076
13.1091
14.9547
14.7561
16.5466
14.0883
15.7829
13.7915
16.6525
13.3669
16.8518
13.4988
14.7595
16.7046
14.5798
17.1956
13.9642
16.9168
15.8647
13.4442
20.1504
10.8177
18.9358
13.4898
18.735
15.9615
17.2962
15.6986
16.0763
17.3643
14.7934
18.7616
16.2903
14.7786
17.235
15.7287
17.0265
17.1843
15.7942
14.8777
19.9449
14.3668
16.6453
18.6795
14.678
18.2287
18.1773
17.2946
19.1583
18.5123
15.1988
20.2377
13.8936
17.6053
18.5078
14.9867
20.1492
15.9755
18.4589
18.0741
19.4532
14.5431
20.4631
15.5773
19.3364
14.6207
20.7345
18.0439
18.4849
19.8461
17.5949
17.1511
17.3901
20.1423
13.9013
21.6777
9.91423
23.6691
11.2535
18.962
15.4994
15.249
16.1523
16.7715
16.2886
15.4052
15.6554
12.968
19.2818
12.0074
19.6111
13.1389
18.1018
12.1305
18.4052
12.9281
15.4681
16.8554
14.8464
17.7626
17.5704
15.4728
16.7171
18.3114
15.5578
21.875
16.0779
15.2912
19.1604
15.2677
16.7907
18.576
15.2342
16.2966
17.705
13.1149
15.8113
14.6964
15.0291
15.2996
17.9588
14.6308
15.887
15.3431
13.8034
13.0611
16.744
11.6268
16.2282
16.2303
12.3774
18.7536
11.2577
14.9571
13.7926
14.5798
15.5194
15.0145
16.7024
13.7404
17.3737
12.7892
19.9166
13.4384
18.2995
16.8447
17.3289
16.039
18.2828
16.2522
14.5141
21.5231
12.15
20.5667
17.493
14.9408
21.6579
12.1049
17.6783
14.7504
15.8053
17.8747
13.9876
18.6449
15.1977
14.3995
19.6662
12.8032
19.4759
16.6659
13.3625
21.1368
13.3231
20.2505
13.8012
20.6309
11.3806
22.3914
14.2867
17.6623
15.1633
16.2843
15.0781
19.1286
17.5121
15.7577
19.0065
13.813
20.4886
15.6384
17.1803
16.968
19.1802
12.8399
21.3152
13.7563
19.1579
13.7984
19.1013
14.2121
15.062
19.1807
12.7963
23.895
11.1264
21.4825
11.8792
22.1472
14.513
18.4881
18.6655
16.9946
19.0067
18.0431
18.1793
17.5095
18.7464
17.3584
19.5885
20.8084
19.1519
21.3309
16.8577
14.2335
22.8036
11.3726
27.4364
11.2055
25.5362
13.863
19.3898
17.9846
17.3141
18.5158
16.6708
19.6457
17.4187
19.7415
16.319
19.1569
12.1621
18.7138
14.8884
19.3855
19.2782
20.4002
14.5589
20.9385
15.1974
20.3278
18.2918
17.201
18.4704
16.5251
18.8414
15.9803
15.3061
14.9949
16.8725
13.2426
19.5697
16.2537
15.3293
17.5614
13.4159
14.9467
15.1847
13.6079
13.5582
13.6322
12.5449
16.4339
13.7498
16.8906
13.4248
15.9306
15.461
17.3848
16.1484
16.3303
15.2549
19.061
14.6474
20.2575
13.559
16.8042
19.375
15.4456
20.114
18.5141
14.4301
16.6913
19.7326
13.2448
20.7015
12.7008
16.3465
12.3977
18.8274
14.9447
17.9
16.7494
16.6977
14.014
19.3755
13.9498
18.8676
15.3837
15.2163
16.309
18.4667
14.741
17.0429
17.415
15.6861
16.2917
17.4089
15.5084
19.284
15.9688
17.563
16.2112
14.5456
19.1694
13.1362
22.6441
13.8028
22.2877
16.9767
20.1752
17.971
20.9487
20.1434
22.4579
19.3607
23.3252
17.2356
25.9817
17.0438
20.6309
19.1827
14.8006
24.109
12.1589
21.945
13.411
17.2441
17.8098
13.0666
23.2427
10.3369
22.8243
11.5759
20.6988
16.4636
17.9771
17.4238
15.9239
19.2963
14.5562
18.6799
15.518
14.14
17.0734
14.354
16.4373
15.6336
15.832
14.4928
15.3422
15.5527
14.2876
18.2387
14.8636
16.9621
16.5696
15.103
17.0481
16.095
16.3666
18.4239
14.1923
17.649
16.0244
14.6905
17.4244
14.228
16.9541
14.7088
15.881
16.5589
14.8182
19.8938
10.9947
21.8689
13.3314
16.5776
19.1248
12.01
18.9306
13.8718
16.8582
15.1203
18.9838
12.8069
17.8911
16.5702
15.0866
17.9466
16.758
14.9191
18.5707
12.3982
17.3896
13.4167
18.0439
12.7863
21.0446
14.9369
16.3598
16.653
14.5165
20.4979
14.8672
20.3912
14.6463
17.3894
17.9534
20.7629
14.3401
23.7299
12.4884
23.7952
15.6567
21.6684
15.9372
17.7878
19.717
14.7969
20.0078
16.377
15.1453
17.4618
19.5195
13.5782
20.1114
13.9149
19.3912
16.8924
14.4683
20.6194
14.0831
19.7895
18.0519
16.532
18.4745
14.2966
18.9646
10.9934
20.9804
11.6689
17.8556
13.8408
18.1377
13.5214
18.9402
13.2932
15.9278
16.7307
16.019
17.45
14.9453
16.4271
14.5279
16.1534
16.293
13.9444
15.1372
13.5276
17.9309
11.3274
18.8153
13.3446
15.5833
16.9987
15.61
14.8342
16.597
12.5836
15.6209
14.7973
15.8273
16.0613
15.8839
15.8785
14.4431
17.0669
13.8582
15.5045
15.2786
16.9674
16.7156
19.0268
12.1187
20.2075
12.8827
18.6609
15.3282
20.1335
12.8762
20.2666
18.2336
13.4789
21.4439
12.8776
22.3804
13.7203
20.6577
15.9846
18.9228
18.998
17.5556
15.6577
17.9065
16.6868
16.9167
18.4346
18.877
14.7668
17.4969
16.1572
19.3692
14.6675
16.6647
13.4519
16.2929
17.4032
15.7439
17.8047
13.3157
17.3306
15.3636
17.0424
17.4473
12.9174
18.5076
9.77905
20.2846
10.4126
18.876
13.8369
15.5921
16.6848
15.8809
17.1986
15.6666
18.9541
13.8004
20.7586
15.9438
19.6026
16.4749
18.2852
21.7358
11.2652
26.4211
10.8473
21.9324
18.8205
18.3122
16.6616
20.8795
14.1159
17.6566
16.872
14.4769
17.5233
15.7472
18.7344
14.8534
15.5683
18.5882
12.4214
18.1035
15.5183
16.262
15.1025
19.1602
13.4218
17.8507
14.9717
14.0822
21.0226
11.5702
20.1101
15.0684
13.7417
20.0827
13.9817
20.179
16.1925
18.806
15.6956
21.0805
17.6683
20.1118
20.5786
13.9923
22.486
13.0038
24.2726
13.8867
19.1488
15.2116
17.4925
16.178
18.9256
18.9041
14.5285
20.117
12.9071
23.5229
7.37442
27.0297
8.04708
22.3837
14.2835
19.0774
16.0542
17.2549
17.2825
16.3194
17.9126
17.1118
15.546
19.8323
15.2536
17.1337
17.3556
14.7512
20.4246
10.6137
22.3001
11.7152
22.668
11.8302
20.6673
10.3749
20.1935
12.2615
20.0365
14.337
17.2242
16.9289
15.1719
16.5199
15.8439
14.5128
15.4149
17.2464
13.4504
18.2265
15.205
13.5632
17.8753
15.198
16.2941
18.2956
17.295
15.931
15.5211
20.2553
13.243
17.9162
17.8585
13.3521
19.5462
16.8881
15.3112
15.4724
16.1907
14.3665
14.6309
18.6842
14.6552
15.3385
17.2899
12.4256
15.9684
17.4875
12.3014
15.7425
16.0776
14.3651
18.9889
15.2263
15.8601
14.7619
17.3818
13.9426
14.8708
15.8583
14.5718
14.9964
18.7054
15.0795
15.86
15.7112
16.6746
14.5415
18.8209
13.6859
17.1576
18.7357
12.6183
20.4961
13.1332
18.5971
13.3732
21.4686
14.8016
20.3696
16.0639
14.9365
18.5713
16.3858
15.0402
15.4017
15.6228
15.0354
16.202
18.1153
15.4165
15.253
18.55
13.1691
19.9569
12.9115
18.9931
16.1289
16.6786
13.2451
18.9095
12.7919
16.6926
17.2807
12.3942
22.651
11.4462
21.5819
14.4631
14.589
18.1117
11.185
18.2535
12.6954
17.4595
13.3951
18.198
10.8842
17.5748
11.8854
15.5112
14.8448
14.2134
16.0288
14.6556
16.864
15.1595
16.1463
14.9361
15.7798
16.2338
14.8104
17.218
15.3851
16.3527
19.1367
13.5493
16.8526
15.3924
14.601
12.7548
19.5798
11.9324
18.2578
14.5033
15.7928
14.5796
17.6354
15.3777
16.9998
20.0649
14.1969
21.4178
13.2924
22.05
12.4605
20.7275
14.7555
17.4834
14.9575
20.1904
19.6261
13.1459
24.686
9.4858
23.7013
14.8977
20.3173
15.4979
18.6879
16.8843
17.2477
15.5756
15.6702
13.2182
18.8343
14.2016
17.9778
15.9736
13.5413
18.0181
12.1469
15.752
13.1104
14.9689
13.1665
15.0114
14.636
13.0266
16.4349
12.9404
15.0024
13.8608
14.9668
15.2135
17.1624
11.9039
19.2705
12.8667
19.0389
12.255
21.3997
10.644
20.6188
15.783
16.3725
20.332
15.9884
18.1671
15.7726
19.9815
14.6468
17.335
14.9262
16.0259
14.7359
15.1645
17.9718
12.1074
17.2918
14.8685
14.8459
18.6061
13.357
19.8115
15.3603
21.0699
12.5289
22.9927
11.2308
22.8939
11.1868
22.0051
15.7732
18.1793
18.6223
13.5138
21.4014
13.2029
23.4968
14.4623
19.8495
14.6887
16.0167
18.1374
10.1743
18.2113
12.7272
17.2683
14.4596
19.231
11.9501
19.2792
12.4384
18.3129
17.5023
13.6869
19.9948
11.294
19.2097
13.798
17.0981
14.2441
18.5815
12.4928
16.705
18.5403
12.8701
18.0609
14.5088
18.5303
13.155
18.1269
14.4524
15.9626
17.3045
14.6713
15.7689
16.4559
14.3365
17.2674
14.8469
17.5417
13.7844
17.1946
14.7485
15.5882
17.0169
14.7273
20.3289
14.6677
16.6002
15.26
14.9132
14.7201
17.1762
15.162
15.9435
17.6579
13.6555
16.1265
11.8321
17.4596
11.783
18.7362
14.0297
17.0288
14.4223
15.6965
16.1023
17.2004
16.765
14.1006
17.8676
14.2727
16.7408
16.3763
14.2086
13.5189
18.0528
11.3313
18.0616
15.6956
13.5561
16.9598
12.7209
16.6651
14.2219
16.818
14.4174
15.8104
19.1745
12.3438
21.5635
11.4536
22.8028
12.2009
21.2938
16.9662
17.8863
19.4326
17.066
18.2415
20.4468
18.6063
16.0919
21.8778
10.0327
24.0929
13.6421
20.11
16.0674
15.8775
17.121
16.7056
18.917
15.3302
21.5177
11.5724
24.9291
8.46495
25.5427
10.6024
21.4483
14.1999
18.1518
17.3613
15.4549
20.0647
11.9457
23.2558
11.3568
19.9841
11.8194
19.7331
13.5443
20.9849
16.816
15.0702
22.4112
10.2324
25.0912
9.58325
22.1729
12.7515
18.7842
18.0397
17.6817
17.3691
16.0829
17.1012
14.3916
20.5332
15.0439
18.7571
16.5527
17.6525
12.3916
18.5307
12.3904
15.7607
13.5131
15.4395
14.0074
16.0043
16.4088
12.7692
16.564
13.6845
16.5755
17.3635
14.6194
17.7214
11.7777
19.1621
14.887
16.3147
15.891
13.3563
18.3329
14.4195
15.5362
16.2443
11.7226
18.2859
13.3176
21.1336
11.4017
19.5
12.6854
15.4689
16.1922
12.6181
18.0478
11.1428
18.4794
10.475
19.5285
12.0529
15.1711
17.5556
12.8592
16.8934
15.5639
17.1383
17.2338
15.2356
19.1705
12.1238
20.3459
13.8964
20.7063
14.5866
21.2258
12.7507
21.5972
15.0732
17.1704
15.6815
17.5192
14.5025
19.4511
15.5608
19.4075
17.8202
18.1474
19.4814
16.3789
19.6557
13.6185
20.73
16.919
17.6707
17.5669
17.611
13.7804
20.6046
16.1165
15.2753
20.5703
13.1863
16.2553
19.4473
13.9001
19.0869
13.2379
16.6345
15.8149
14.1116
20.8862
12.0822
21.094
15.3666
16.7622
14.9356
19.8858
15.3074
18.1833
19.4853
12.1204
23.5434
13.3811
19.4239
17.5769
13.908
17.9643
15.2589
15.774
16.7848
16.1013
18.151
15.91
13.1365
17.6014
12.4131
18.4904
14.0981
13.6249
17.3803
13.6011
18.0622
17.4088
13.0933
20.6109
12.192
17.1493
17.4283
16.0861
18.9387
16.0129
14.6567
18.609
16.9103
14.4812
22.2512
10.1659
23.7159
10.4549
22.6962
14.3364
18.7958
19.5786
12.849
22.0101
11.8427
18.6742
15.359
18.5179
14.4371
15.2614
18.8911
11.9737
22.8438
13.726
17.011
20.0897
12.1474
23.7697
13.5819
20.0582
11.9302
21.7256
9.71499
24.0546
12.5702
19.4618
19.3616
13.5995
20.6282
12.3015
19.5618
14.3357
17.1851
15.5479
15.0946
18.6379
16.2109
17.0434
15.2452
13.7137
17.0596
15.8314
17.0315
14.6679
18.6793
13.7352
19.3926
18.6728
13.4928
22.3452
11.5876
19.9162
15.8042
20.8866
13.4298
18.2132
14.4057
16.2404
14.6455
18.5418
16.9534
14.2578
19.633
14.5022
18.1421
16.0362
14.9694
17.1963
17.4226
20.3406
15.4117
18.9221
20.3092
13.3089
25.9767
12.4427
24.6787
11.9993
23.9716
12.5472
21.3389
14.1008
19.5288
16.969
14.9367
18.226
13.0454
21.3083
12.8121
17.4959
17.2255
13.8074
16.3706
16.4674
13.7582
17.6164
12.6801
18.9493
13.5415
16.6657
17.7232
12.2239
18.2443
14.4201
16.2571
14.6214
16.1329
14.9092
12.6258
19.8476
11.284
17.6926
15.4298
14.8504
15.4475
18.2375
14.3385
18.178
14.6196
16.6316
15.5806
18.0173
14.6391
19.0053
14.4374
16.295
15.113
15.5747
14.456
15.8542
17.1036
12.712
19.2252
11.9368
18.5959
16.614
14.9767
15.31
18.4365
14.7793
17.4328
17.606
12.6559
18.7348
12.679
16.129
14.6086
15.5356
15.3755
13.3835
18.7287
14.0179
18.1779
16.9842
12.5062
21.7037
12.8788
20.964
18.3308
15.1504
19.0413
18.5779
15.1902
19.9823
13.9909
16.8175
18.8268
15.589
18.9613
14.4579
15.023
16.235
14.8059
14.6428
18.0544
13.6345
20.0075
15.7896
17.5443
16.0243
18.3141
18.8511
15.7587
20.8389
14.2442
19.9673
19.4725
18.8138
17.6845
16.7385
18.2739
14.9182
20.1295
15.6064
17.8
21.3471
15.5275
16.3514
21.578
12.1078
19.9553
17.5231
18.858
19.0615
18.5755
14.9273
16.2301
17.6803
13.7271
18.9113
14.9251
16.173
15.4686
19.0875
13.9078
17.6984
12.4837
15.7596
15.9553
15.1182
15.2675
14.8094
17.4374
13.0541
18.2076
13.5306
17.1774
13.4071
15.5451
17.4013
15.1939
16.0884
16.2568
14.697
14.8156
16.2454
11.9008
20.6236
12.1307
19.0619
16.0298
13.6636
20.2687
12.7283
16.2864
16.1854
13.4217
16.5323
15.5937
17.8452
14.0587
17.1404
14.8925
15.1457
15.7539
12.853
18.2991
11.9566
18.6075
13.8424
15.3187
18.8876
14.3923
16.8543
16.8675
14.8787
17.4188
13.4481
18.9698
12.518
18.5653
13.5341
21.2712
12.902
18.6479
14.2838
17.5964
14.6885
17.1698
18.143
13.514
22.0842
12.2245
18.7895
14.5214
16.4136
13.9077
21.3561
11.1281
20.2477
13.4997
15.2769
18.4183
12.0274
20.9149
14.9237
17.7248
18.4083
15.4199
16.8313
15.9371
19.0761
11.7872
20.7226
14.389
18.001
16.8631
14.8388
15.8351
14.3495
16.3865
12.2885
17.3289
14.629
16.018
14.2961
20.2883
12.1804
19.7203
12.9716
18.4281
14.9437
16.4953
19.1707
12.6649
19.9195
15.5516
16.2481
18.5632
16.9837
15.1125
18.2456
16.6795
13.4696
19.7672
14.5813
15.3274
19.1965
15.7572
17.7591
15.2058
16.5943
15.124
16.4522
17.7255
19.2164
15.4088
19.6737
13.4322
16.5003
19.8818
10.9953
20.3703
12.6907
17.0501
14.8347
15.5039
14.6713
15.7084
13.912
16.9859
13.3326
16.8818
13.7861
16.7118
15.0386
17.4771
11.6803
19.0309
14.0103
16.7639
14.9219
16.7959
13.7913
17.7922
14.2607
18.4215
15.5545
17.148
16.605
15.971
16.9444
16.2625
14.1883
16.9132
14.892
15.4544
16.4163
16.0976
15.0873
14.8777
21.1842
11.76
23.1694
12.0828
19.0445
15.7825
17.2806
14.9112
17.27
14.9858
19.2154
14.2224
17.8609
18.9428
16.6011
21.1759
18.3933
18.6523
18.2329
17.3198
20.4081
13.4705
21.4651
10.6397
21.427
11.988
21.6513
14.1275
16.8386
20.3624
12.6671
22.1848
11.7586
18.7745
17.2838
14.6363
17.8923
14.221
20.7403
13.6009
25.0815
12.7849
21.1844
16.8293
20.6839
18.2793
20.119
18.0969
19.381
18.6454
19.5463
19.2387
14.3475
23.0484
11.1499
21.6297
15.1985
17.5068
16.6473
14.0947
17.3398
15.7014
19.7948
14.3962
22.4586
10.5426
25.0923
10.3991
23.6315
13.9522
18.8443
17.6495
17.6263
17.1427
15.3147
20.8228
13.5252
22.8564
13.8159
18.2183
18.4701
16.1811
18.7155
17.1965
12.6365
21.1665
15.3605
20.5156
16.837
15.879
20.7048
15.6714
17.1383
18.6081
18.1863
15.8326
19.2318
15.3214
16.3479
17.2295
15.1646
18.7957
15.7299
15.3223
16.1555
15.9902
13.1425
17.378
12.9199
16.6358
15.8804
12.0494
19.5796
9.40107
21.2913
10.0168
18.063
16.1948
13.3491
20.0154
12.2765
20.2734
11.0963
19.3166
14.9076
19.615
14.9129
15.7598
16.0022
15.4217
19.8222
12.6961
19.7572
11.953
18.2117
16.6627
17.8376
15.6237
15.3386
15.6685
13.6285
16.741
11.8681
16.3678
15.4735
13.5363
17.8176
15.2653
14.1483
19.1117
13.346
17.4159
18.3467
13.7474
19.6144
13.0383
21.5816
10.9906
22.8992
12.2399
19.3782
15.0413
14.5393
17.5761
14.3992
18.8507
13.7812
19.2434
11.9007
20.9756
13.4858
18.8072
16.1793
14.0152
19.5294
12.7461
17.7073
14.6789
13.7735
18.5236
11.5274
19.1899
13.9923
17.2794
13.4504
18.2603
16.6336
18.9425
16.729
17.5602
17.1305
18.9053
16.1673
17.7229
20.0496
14.2103
25.3903
10.2047
23.2692
13.8101
19.4987
20.6162
15.0429
19.8916
16.4425
19.3646
18.5987
18.1064
15.6394
20.4047
14.6731
20.1726
15.825
14.0519
21.3639
10.863
20.0681
13.8161
13.1016
18.5809
11.0408
19.5144
11.9296
14.7789
16.3769
11.6884
17.5601
13.5754
14.7245
13.5105
17.3085
14.9515
16.6147
16.7436
12.3424
20.1003
9.96113
22.6917
11.6982
17.9347
14.4051
16.3845
16.818
15.6588
18.5683
12.0635
20.0747
12.9461
18.4943
14.5204
16.6623
15.4782
16.34
17.5438
16.4807
15.421
20.9579
13.3653
17.2038
16.1531
16.0605
19.19
17.4947
18.813
16.2295
17.404
17.5996
19.2203
17.6645
18.3169
17.7559
14.7695
21.5969
9.64376
21.7755
11.3033
16.3018
16.934
13.5643
18.2994
16.4547
14.4111
15.2518
14.6518
14.7211
16.0434
11.5781
18.8424
10.2226
20.0913
11.7559
17.5529
12.4224
14.7665
15.5253
13.4584
18.8255
13.2278
16.9151
15.0372
15.3419
17.2511
14.7382
15.9383
18.7836
14.5896
19.4054
18.1561
12.7441
22.2287
13.4866
22.0175
16.6573
16.1721
20.3726
14.2303
19.7587
13.9668
18.5539
15.7807
15.2067
19.0731
13.0767
15.4796
17.1649
12.9976
19.383
15.8482
14.5344
15.4091
14.5758
15.2057
16.1226
18.3933
12.9576
17.7944
15.909
15.0457
17.2795
16.2645
12.6711
18.5163
14.6421
19.7512
16.3827
17.5146
18.2127
17.9438
16.0897
18.7981
18.1603
18.1362
20.2145
17.9981
19.2538
18.8528
16.6015
20.5497
19.6881
13.7097
26.9888
11.4444
26.3962
18.4368
17.6515
21.6401
15.3802
18.4913
18.3765
16.7983
16.4874
17.669
14.1762
17.6056
14.5914
16.1772
12.5306
14.729
15.5091
14.1593
16.7849
15.0135
15.8682
17.0595
13.7989
19.3833
12.6219
20.7137
16.9097
18.0381
17.8126
19.2256
17.5502
19.0158
18.7388
13.214
20.2123
13.4494
18.5145
16.775
13.6348
17.171
14.105
14.7832
18.4997
17.1518
16.2565
14.6155
17.2302
16.9694
16.8272
18.1057
14.1651
17.0653
15.3078
21.3949
14.5732
19.5685
16.8445
13.7181
21.969
13.3271
18.2768
15.0203
16.2227
18.2626
15.1022
17.6687
12.8672
22.2153
11.3305
20.1213
14.6111
15.9971
18.8324
14.7161
16.782
15.937
17.0964
18.363
17.9576
17.9285
18.1502
17.7354
15.5927
19.7189
16.0172
16.6474
19.4681
14.4888
18.6061
15.0501
16.1365
16.0367
17.7081
17.2163
13.1589
21.3493
9.22006
23.1054
11.9123
17.1649
15.3959
15.1386
16.1701
15.417
17.1163
12.8011
17.6333
14.8432
14.9695
14.522
16.8254
11.8622
18.5428
16.0819
14.8936
19.1521
13.7866
16.6967
16.0893
14.713
16.3459
16.6088
16.7075
18.7513
17.3479
16.7773
20.5224
14.5728
19.4582
17.2962
19.6138
17.434
18.2727
14.9613
16.396
12.8199
18.1375
15.0765
18.176
15.5856
17.1384
14.9398
17.6167
18.8212
18.3396
21.6832
15.4891
20.6958
19.3414
16.8709
20.5295
16.8287
20.618
18.8666
21.3369
17.6089
17.3738
18.155
12.4108
19.1424
14.3199
15.3908
15.4356
13.9363
17.0917
13.3443
18.0429
12.2496
17.8345
13.4737
16.9402
15.3548
17.9631
18.2099
16.2403
23.948
11.6364
25.6587
15.3005
18.0375
22.5447
15.5445
23.4223
14.8991
22.5693
15.928
22.4716
14.1318
18.6471
19.808
17.6282
21.9488
17.6966
18.5021
17.5071
15.6071
19.7842
15.0819
18.9813
13.3373
16.2073
17.4758
13.2699
21.3072
11.7508
17.6498
15.9108
17.8406
15.2468
17.8302
15.7613
16.4394
20.8761
19.7415
17.2446
17.5899
18.7417
16.5099
19.4048
18.1344
17.112
17.0093
20.9588
16.9074
19.2325
15.4729
15.8165
17.537
12.1533
22.0151
11.8159
17.4404
19.0283
12.63
23.3772
10.6049
20.8346
12.1271
20.5823
16.9029
18.6341
15.2673
18.0549
16.3066
18.4452
19.0858
15.5685
16.1722
17.3452
17.9446
18.12
17.2737
14.6731
16.8583
14.7304
17.6334
15.5796
14.4754
17.424
14.7221
18.6612
14.8523
18.0564
12.8277
20.8266
13.7445
18.4193
18.0232
15.2382
21.0872
15.5428
19.6658
15.7352
20.3061
13.3516
21.4768
14.9701
19.9458
16.9785
15.698
18.9438
14.7741
18.9585
16.254
19.7409
14.4464
20.648
15.5779
14.8792
16.4576
16.3806
17.4911
13.2519
21.7868
12.5871
23.4547
15.8235
18.2458
15.1628
20.1887
16.2875
18.8087
18.6453
18.0641
17.9674
20.8946
18.5539
14.2816
22.6594
11.3357
24.4599
14.794
17.6612
20.1217
15.8766
18.8735
18.0078
17.4977
16.4583
22.2721
13.8583
19.1525
16.1041
16.7737
21.4164
17.3632
18.3479
15.3627
16.945
16.1099
17.8043
16.5103
14.3244
17.1735
12.5043
20.5245
15.4001
15.9263
15.8152
15.8055
17.2066
13.5355
18.7224
13.6783
17.2099
16.5563
17.9759
18.6015
14.2338
21.6019
8.87219
23.2765
12.296
18.1411
16.1747
16.3672
16.5984
15.8682
20.8325
13.4202
21.1809
13.2997
22.4644
17.8251
22.3767
19.2669
19.3127
18.8034
22.61
14.4452
24.4683
12.579
24.0032
11.6414
27.8537
12.9691
20.7745
20.4179
14.7392
24.1454
12.4219
21.7878
11.1721
21.9095
11.8031
21.051
13.5078
18.1215
15.963
15.1127
16.34
15.4207
18.4294
17.5525
14.6311
20.7815
13.3619
20.5861
17.0296
13.4057
20.5031
10.8021
21.8055
14.7675
17.3082
13.967
16.5853
12.7609
17.6782
14.7628
14.3342
14.9776
15.4241
14.8555
15.3295
14.0195
14.2331
16.5956
15.6864
14.0028
18.5674
10.8015
20.2519
14.7657
15.8006
15.4162
14.8014
17.4216
14.1343
17.2969
16.0798
14.1293
16.6371
15.8932
15.7955
15.9536
15.1578
14.4751
14.3064
14.9527
13.9951
15.6867
15.8366
15.2942
15.6317
15.5699
14.4045
18.395
12.1981
20.5204
13.8814
