2.16967
4.60243
8.42005
13.0279
7.42533
11.5782
11.478
11.9723
13.0714
9.749
5.32576
8.17617
14.012
10.9826
12.5166
10.6426
16.708
15.521
15.3232
14.9518
12.5996
14.5297
6.85085
9.0451
7.23485
7.36805
9.92739
7.74011
6.9654
5.01152
5.41384
6.00368
5.4213
6.54645
7.53524
6.64594
6.76969
8.00826
15.4502
13.7251
12.4069
14.6736
15.5552
17.2775
19.0306
19.3155
16.2793
8.80542
8.40864
11.7846
9.49431
9.63504
7.39464
3.86705
6.04999
8.52108
7.61875
12.6069
15.4758
23.0406
45.7731
21.6263
19.021
16.0157
68.2652
50.4469
59.0426
82.233
75.5695
66.5511
89.0533
94.0999
136.605
150.596
170.746
131.002
85.5489
53.3521
92.9063
159.042
201.556
239.709
259.466
294.338
377.676
417.158
495.97
515.594
532.91
558.668
535.381
531.354
539.314
587.306
594.369
574.764
584.398
567.473
601.175
592.552
564.616
559.858
597.867
610.241
615.942
604.164
591.978
578.3
577.238
598.201
609.099
593.148
557.137
581.808
569.853
568.509
584.628
589.332
592.711
638.679
627.354
609.596
573.698
596.769
591.882
587.119
595.525
604.595
600.448
647.905
618.265
607.061
594.403
591.456
603.935
582.437
586.165
556.815
581.947
588.974
583.577
597.173
605.974
609.419
580.801
570.179
577.438
594.11
597.38
590.063
558.22
573.848
587.33
589.721
592.524
599.644
578.984
594.658
595.196
587.733
613.323
598.582
599.587
609.531
593.114
624.723
613.228
620.015
624.027
611.555
598.057
592.163
520.231
423.251
268.559
104.963
113.091
93.8169
91.0177
87.2062
76.9118
83.8606
83.8116
64.0986
47.3444
38.4007
36.3232
30.5471
33.9955
38.0196
39.5328
51.2158
64.372
71.7742
41.4378
28.9518
65.7776
36.8003
30.8564
31.9194
44.239
37.1692
42.2709
39.8056
26.2136
24.3214
13.9808
17.8418
5.09285
5.52543
8.34842
8.40187
14.2593
8.85902
11.7416
6.20409
6.31761
7.52328
7.11825
9.04024
7.84802
7.63594
11.4102
12.2898
18.0849
36.2797
22.4348
19.2273
16.6934
13.526
6.85863
9.40979
11.0255
9.89816
10.7991
12.62
6.45853
6.0182
6.79017
13.4732
18.1848
25.9956
24.2553
25.4273
28.5751
13.4933
14.307
8.75856
9.14748
8.81732
9.84903
9.80392
8.17716
9.09939
9.1209
2.90889
4.48584
5.93137
7.80151
12.2865
18.9348
14.0665
4.66136
6.41807
8.69745
12.0044
15.0261
9.41849
15.7304
15.6608
16.6371
7.11037
15.0862
13.0968
16.5563
5.61259
8.41312
18.5119
14.5591
10.0388
6.45743
5.36929
4.19714
4.45489
8.38897
8.91389
11.1994
9.12084
7.19332
8.16008
7.73897
14.0977
15.1276
18.9347
17.293
17.0335
22.8963
37.5598
35.7954
23.8323
10.0431
12.0295
10.0677
17.0274
18.9953
24.9583
18.4752
15.1399
11.1037
5.31323
5.48056
3.92962
8.41118
17.4989
32.5737
36.9759
29.0035
19.098
16.0623
9.20127
5.92556
9.17216
15.9171
24.556
18.1222
25.673
13.7662
9.63179
8.74292
9.29853
11.5842
7.55531
12.2468
19.6292
21.0626
19.753
8.06705
12.2063
14.9862
15.0542
15.3871
13.1572
18.7484
20.1508
16.3623
13.304
9.93468
13.3409
12.7001
9.24646
12.03
12.2309
43.9192
44.6547
45.8737
75.2352
111.014
105.647
101.935
99.4895
104.443
123.699
201.449
168.219
62.1627
71.5534
96.1341
147.582
192.301
242.766
284.045
343.479
376.659
452.562
517.963
519.343
560.812
562.018
563.459
564.994
537.335
544.262
506.425
531.628
553.565
605.647
620.975
631.627
611.255
601.239
605.903
582.048
586.192
582.564
583.64
600.426
585.712
620.376
628.641
624.722
601.319
581.102
591.601
600.499
631.385
647.639
633.153
619.181
596.378
629.531
613.903
586.784
609.663
622.358
617.516
630.105
606.898
627.925
622.917
607.247
604.891
575.417
571.328
585.114
616.55
621.417
598.137
564.811
586.935
604.018
639.353
633.897
602.727
595.267
593.018
589.855
624.256
619.227
630.626
643.222
638.356
635.562
628.056
603.657
571.934
557.332
574.33
564.352
533.204
557.569
583.405
604.794
577.278
568.547
573.449
607.146
589.56
597.031
613.148
602.866
550.468
457.369
291.454
115.901
108.474
106.948
102.262
86.3165
84.3102
93.5169
96.9807
63.9368
40.5173
36.3831
28.8587
43.6361
49.9332
52.9486
54.1758
52.4363
74.8476
88.5082
67.7881
44.0025
43.6668
32.8448
31.8725
30.9864
39.7535
36.6471
31.0768
16.8626
23.6621
14.3031
19.9854
18.8021
12.9819
12.0859
11.0309
6.67482
3.08598
6.33687
8.89852
12.74
13.5384
10.596
13.6845
12.2182
23.0967
14.8536
8.74983
9.89711
5.21479
6.36117
8.42648
11.6485
13.6681
11.7607
14.3226
8.07991
10.1893
13.3684
13.011
17.4667
14.4517
20.2461
31.2799
19.7487
17.9
12.0677
13.6988
9.44566
12.8446
10.9882
15.1687
21.0575
15.1897
23.2141
11.277
12.9875
20.9513
18.878
16.7743
12.6546
14.6994
17.2114
11.9338
11.5795
12.0429
11.3214
5.76557
5.32719
5.78087
7.31633
13.717
15.2724
8.82961
9.60902
11.9391
7.33497
12.6932
14.4163
19.9485
16.5282
11.4384
17.8787
33.0224
13.5644
15.1714
3.24378
6.88002
7.85019
8.04238
12.32
8.25882
7.03789
5.08892
5.7869
11.1863
18.4776
30.8988
22.7008
16.4971
11.4642
12.5388
15.8049
14.9598
9.99628
4.62219
4.01713
6.4268
9.79155
11.4183
13.825
11.6625
12.7715
14.5546
22.5511
23.308
22.323
9.95413
9.05446
13.7795
12.6968
14.1541
9.20566
12.1597
17.973
11.6036
5.92433
10.1522
18.6435
17.5211
19.0068
12.0957
17.1128
18.3915
23.6569
17.2921
16.4659
10.6986
6.08239
6.22499
9.73558
11.1062
18.8308
15.213
10.704
12.3533
16.3027
24.116
23.0113
14.529
14.6653
17.8114
18.3931
23.4037
18.4872
19.077
8.49501
59.5935
25.9461
43.2305
73.3935
45.6559
64.4691
99.7279
139.814
164.782
188.99
148.577
138.718
78.8792
44.9724
61.9439
98.7869
155.722
207.559
257.89
341.908
398.901
469.948
534.143
545.569
550.483
563.485
548.276
514.835
550.022
564.284
574.854
600.816
591.448
575.099
550.611
566.8
592.07
556.474
554.617
584.823
568.885
574.052
579.957
541.03
547.731
569.814
585.892
580.274
610.246
623.148
618.594
587.018
599.912
570.901
587.662
565.07
561.474
575.415
555.689
566.132
572.354
563.214
539.302
548.14
557.013
577.492
566.986
566.529
584.291
625.167
626.846
611.408
598.51
580.248
622.272
584.487
590.929
550.358
575.429
582.788
605.319
625.66
615.685
605.127
580.579
576.951
586.718
626.913
601.619
611.536
596.591
601.541
585.997
548.283
559.865
560.292
573.985
540.622
564.699
583.326
599.819
598.625
601.615
642.578
620.331
585.722
596.099
576.914
516.67
432.595
301.575
107.361
111.738
114.813
97.1046
83.9975
79.7272
91.0449
83.6871
65.6749
55.9474
43.3568
27.1819
26.0666
32.648
43.1224
55.9927
38.2111
60.6096
74.8561
57.1844
38.8925
32.9172
38.7208
35.6426
25.0395
39.702
47.2767
43.36
35.3957
20.98
9.97854
6.09623
9.39192
10.9651
14.8964
12.2201
10.2932
13.1571
14.6995
13.7209
12.9067
8.69487
10.2476
3.61417
7.03822
10.7353
8.94061
12.5385
7.74011
2.02922
2.47859
6.85683
10.4988
13.6583
14.1178
7.72104
8.60291
10.3285
12.7549
9.87065
7.80351
8.97464
14.7554
12.115
18.5614
35.2099
18.2462
9.22715
3.60625
5.92298
10.6802
9.32484
9.14262
11.1841
10.7828
12.4097
12.1928
16.8797
17.7863
20.7891
26.5155
26.2972
19.2697
11.443
6.83122
6.68338
8.60394
11.641
15.5926
27.758
31.0652
20.0287
9.87464
12.686
5.98967
7.39915
10.4052
13.1456
18.5903
16.3464
10.6856
12.2153
17.0203
11.081
12.4541
10.6534
7.09183
12.3657
12.8168
22.7437
31.0414
17.5076
9.53688
12.606
5.69816
5.50495
4.27921
3.12447
4.32303
8.93552
10.1519
16.4485
17.8496
12.6074
10.6668
12.1105
12.7307
10.3432
8.34236
14.167
15.3966
6.15418
6.06309
7.57507
7.83781
11.2693
7.28483
7.49568
10.2318
10.4288
15.8112
5.12086
4.17688
7.25365
4.81749
6.15226
4.22967
5.17939
2.69594
4.19433
2.33088
5.14015
6.00034
8.23656
13.5955
5.91621
8.6132
12.4375
8.33892
12.0572
9.1986
10.1765
9.35584
9.34212
12.3735
11.4821
12.3678
15.3978
16.9793
21.6523
14.9472
7.05377
5.14156
8.43574
7.9661
8.34792
9.73798
55.3712
39.9797
59.3591
82.805
74.0701
82.6934
89.0395
112.251
151.343
147.541
149.678
86.3942
59.8055
64.4259
124.503
187.559
198.439
228.128
251.7
339.753
379.647
424.648
478.112
549.456
552.553
578.72
589.665
593.305
564.885
540.763
535.71
548.696
572.608
581.539
608.547
568.478
556.754
570.971
580.3
572.6
558.333
579.963
539.861
542.464
557.9
574.504
552.297
560.268
577.482
576.714
550.007
566.913
567.232
554.371
562.145
544.844
556.609
572.6
564.352
578.397
614.634
638.338
630.43
634.202
627.096
617.635
586.667
566.081
562.487
580.421
616.6
612.718
580.522
585.458
574.182
570.775
574.721
593.102
612.85
640.225
640.241
623.198
594.093
614.457
580.189
578.355
577.852
558.771
569.409
600.374
608.454
597.289
622.008
624.904
619.476
600.106
564.025
569.384
586.468
585.902
581.984
561.832
602.603
632.937
624.162
620.567
618.77
616.72
562.828
460.587
328.686
108.242
111.332
109.917
101.541
83.3088
72.0779
80.395
80.9277
49.4853
32.0417
32.4946
41.9801
50.2896
53.1007
74.9147
75.2139
77.7302
108.039
130.323
93.4305
67.4385
40.6326
45.6742
19.9283
22.9935
28.9221
32.72
50.868
53.0219
32.3746
11.2988
4.29051
6.51107
7.70568
5.95909
9.33661
7.91466
14.8224
5.94968
3.89316
9.479
5.99512
9.59738
16.1587
14.2046
11.0998
4.20051
5.47566
5.32065
6.70052
5.50464
7.08569
7.56379
4.8743
7.30432
6.92126
8.34279
9.34018
2.50494
6.22371
13.1304
23.304
24.6893
14.5323
9.36486
26.8075
25.9528
21.4011
13.2689
15.5123
21.9198
18.6823
11.7607
12.6536
20.1404
15.6879
16.9379
8.61036
13.8468
9.94586
7.75114
10.381
7.21617
10.2076
12.0762
7.07646
14.1615
15.5439
17.4893
23.6904
17.5299
18.1169
23.7825
24.162
24.0636
18.3853
16.6049
14.2788
18.7452
20.4932
22.3723
30.747
17.5424
17.8122
5.31262
6.87045
11.3336
18.8219
16.1297
22.256
15.4055
15.0431
9.65926
9.79976
11.8744
15.518
11.527
15.6741
16.4817
17.9763
6.11522
8.64366
12.5382
4.17475
5.54936
7.17538
11.1328
20.8964
27.9181
30.3414
16.973
15.4857
17.0079
19.5729
16.6515
14.2678
10.4391
8.37755
7.59224
10.4059
9.66034
12.5181
17.5433
13.2989
10.7592
10.9037
14.0188
19.1037
19.399
20.1098
12.4948
14.0852
19.7007
12.9475
8.39061
10.2069
12.8841
16.7529
12.8887
13.6612
17.0937
11.0691
4.33537
5.67037
7.20606
10.2694
9.80847
8.37364
14.3923
9.30338
14.9059
14.9103
5.50665
6.90455
11.6588
11.377
7.87166
58.1372
48.1599
53.8137
88.6103
155.634
105.228
112.731
95.8864
126.436
145.619
215.982
154.108
85.1657
42.8026
72.6123
118.237
166.388
236.715
255.552
314.733
402.299
468.925
537.401
534.098
556.228
586.046
584.799
579.666
568.356
573.976
557.343
595.277
574.463
561.438
558.852
554.473
544.305
578.897
607.061
584.406
578.482
590.619
581.311
574.684
615.42
603.91
588.395
603.633
563.301
577.043
569.947
597.318
580.062
586.484
594.175
585.915
633.08
612.73
605.098
564.378
557.461
588.435
626.927
601.987
587.502
612.89
628.747
653.564
643.607
630.34
616.761
609.887
592.234
624.197
608.22
604.001
574.952
564.791
588.217
583.637
567.412
584.754
588.048
581.693
597.631
604.973
634.77
609.214
583.854
609.902
585.008
559.391
596.487
608.591
593.782
600.996
579.464
586.047
610.294
568.256
579.208
552.712
569.38
570.866
564.117
576.728
575.152
598.847
543.19
431.508
322.845
108.338
118.59
115.038
101.474
91.9317
86.1101
91.1712
73.4349
49.1903
52.782
56.8418
52.6245
53.5729
46.9892
49.3191
49.2259
60.1878
94.0719
106.296
69.0745
40.0059
33.591
30.971
39.2301
37.65
42.0619
44.4619
43.7816
40.5234
30.539
12.5165
17.2212
13.3083
27.8617
14.0887
20.9729
12.7751
16.2392
18.3069
19.3728
12.2548
16.6662
13.4277
8.48013
8.26754
10.0771
4.64562
3.33818
2.70408
4.29653
7.50642
9.05808
13.066
15.3809
7.95243
6.40249
9.79496
15.0982
15.8227
16.2987
18.8629
19.3769
30.381
22.4207
16.5214
13.043
7.3922
8.95907
14.9047
16.5413
17.4644
16.8309
16.8913
7.19204
4.27089
4.70042
3.20502
6.40219
10.1849
12.9484
14.3418
21.3323
13.1477
11.2149
4.53263
4.98186
8.89459
14.842
16.1219
24.1898
14.7141
17.3164
25.1403
19.9282
16.1916
5.26123
5.82529
8.93514
15.8145
13.058
13.4446
12.8345
5.54246
7.2143
12.247
8.9542
15.6291
20.6319
18.8965
14.1551
9.97734
4.74485
5.47848
8.39846
11.6439
23.101
14.8373
16.2716
9.71597
12.5181
6.86802
8.38489
9.96601
8.69667
7.55107
13.6251
15.3608
16.7839
7.17689
5.46869
4.06474
7.19264
12.7277
22.3314
34.5016
22.1751
15.1226
7.39574
7.0779
8.86122
13.4608
20.0824
17.9311
12.5316
18.4199
19.5652
9.69859
6.65933
3.80452
5.85266
6.60465
10.8675
14.6974
9.2601
8.82966
8.97849
10.7294
5.8409
7.18507
11.0872
16.3077
17.9379
14.2097
16.8309
16.0179
13.3251
15.751
12.5251
10.386
14.4411
14.11
14.3985
15.5766
10.8005
5.63636
6.79124
9.86218
51.3923
43.4119
49.6442
72.2506
82.5284
61.9505
86.2919
102.497
124.882
136.181
140.679
123.053
47.1462
45.0493
90.568
142.924
168.224
239.539
278.251
355.306
454.809
497.268
541.647
569.684
585.66
576.642
574.356
577.429
547.239
571.269
536.097
543.707
551.875
598.776
623.429
639.89
626.989
616.798
601.585
624.302
592.312
604.103
591.597
633.669
653.025
625.135
595.39
591.382
568.071
584.446
552.858
538.326
559.544
584.352
604.236
575.552
594.713
600.949
620.732
617.172
600.403
597.19
602.219
603.377
609.434
573.316
585.927
604.899
591.204
593.72
561.77
568.67
550.005
591.629
609.259
638.812
633.411
620.883
643.363
627.727
619.738
590.073
560.287
582.889
568.772
568.486
611.769
653.008
646.081
622.271
601.251
562.981
528.707
544.589
541.195
568.685
601.501
635.889
651.747
632.469
616.011
619.378
591.121
601.363
581.376
595.759
616.583
589.071
546.226
441.327
308.734
104.92
91.871
98.4788
83.4943
88.3431
89.6764
94.4966
73.8365
57.2303
36.7689
37.4409
50.6533
54.246
52.7657
55.1434
52.6398
58.7227
93.8174
103.969
66.6907
44.662
45.0638
40.6136
38.7423
31.8847
39.3563
37.8794
35.4259
36.6005
26.1535
8.22715
13.0358
9.47234
7.97669
9.18046
6.67021
4.46219
5.89766
13.0417
10.2077
13.9023
18.2067
9.99357
24.6908
17.9243
13.4109
5.6271
7.98302
12.0743
16.4951
15.5749
17.1069
9.12567
5.45477
8.65177
6.55154
9.75847
13.1537
10.2221
15.658
17.793
16.9579
11.9763
20.0079
17.3072
18.0086
17.1681
21.7411
15.2675
12.9462
15.7974
5.40325
6.19184
8.42369
11.5056
8.86398
11.7254
14.892
9.07332
12.4883
8.55938
9.39254
10.5906
7.14512
8.11924
10.9397
14.2867
31.3601
27.1787
24.6764
20.8438
28.9465
23.4087
26.8557
13.3712
10.0357
10.9954
4.21453
4.89483
4.61805
4.85102
3.56719
5.04897
5.18569
5.8362
9.81075
9.93192
12.9667
19.6536
19.0226
12.2931
17.5192
10.8746
14.1053
9.92503
8.30969
6.64841
6.43112
7.41983
7.52698
7.37284
10.3817
9.82972
11.1552
16.724
15.1017
15.2666
20.0272
11.1527
10.46
13.4557
16.2021
14.5238
21.4671
20.9493
21.2657
28.5245
23.0859
12.4163
9.00489
12.0871
9.8604
11.8225
15.3271
15.6844
22.7958
14.2373
15.4673
9.95241
7.26918
9.6757
13.9878
12.1895
16.2978
21.5504
33.4188
15.4068
9.92911
6.19463
7.54561
11.6737
9.61124
8.19856
12.2944
15.2
17.5429
16.7816
5.24231
7.97279
8.00916
7.74586
8.17271
10.8609
11.6111
9.01553
15.1688
12.1339
55.7589
53.915
43.015
59.3703
83.6843
55.1887
84.0473
121.465
130.695
99.4662
118.488
66.5769
60.3635
60.7964
117.119
176.207
186.026
218.497
229.565
316.019
386.545
431.044
514.858
560.943
542.92
555.93
525.742
577.338
567.989
573.922
581.969
557.036
598.788
583.338
582.583
605.494
586.381
604.971
584.745
598.359
572.966
559.705
573.556
544.782
546.926
539.813
556.769
587.963
596.746
588.44
594.025
595.921
623.577
615.19
608.745
624.997
595.605
583.045
565.299
574.431
604.968
580.5
556.592
591.02
607.192
599.458
580.832
543.841
556.551
559.113
583.132
590.641
629.142
595.064
587.531
543.048
563.703
578.413
590.68
587.411
551.172
548.74
563.443
589.662
617.791
591.798
591.5
576.119
561.883
583.905
604.714
571.425
537.747
521.88
531.396
549.059
543.141
555.64
565.146
566.245
598.21
634.634
613.499
610.676
581.708
584.69
552.579
568.154
505.743
440.177
333.738
114.365
112.255
93.6266
93.0499
93.6597
97.3476
90.557
91.1772
58.8471
54.6332
36.7256
34.1553
42.1508
41.9358
53.9154
50.7279
54.2769
85.1498
109.707
82.724
44.3667
59.0448
51.1758
43.9143
40.8338
31.0985
22.9541
33.5372
28.7322
21.8699
17.1523
10.3806
8.378
13.35
11.2094
10.5738
7.04586
6.02757
9.31808
13.5325
12.831
11.9932
9.21226
5.67127
10.5874
13.4703
21.4558
16.6105
12.6343
12.2507
11.7823
13.9415
10.466
15.0799
21.8503
30.0535
13.1863
15.4488
18.6454
24.5198
4.63172
5.34671
8.059
11.3687
15.6431
8.73711
7.90701
12.558
8.62234
11.3458
11.1205
5.25117
6.38755
9.20266
19.1766
15.0591
15.5391
18.9964
17.5294
18.3365
17.6149
11.7197
12.689
12.2415
20.3497
14.1336
12.1101
13.5076
13.7742
15.9544
25.7697
13.7141
11.7368
7.21638
11.5778
9.76901
14.3596
25.2223
19.1064
21.5975
15.4054
13.1857
13.4405
25.8208
14.1584
11.0371
10.4006
4.08363
4.31794
2.18832
4.39446
7.11342
13.3738
18.0966
19.0772
17.4079
11.0232
11.7971
9.55522
13.1504
14.4799
21.0084
13.351
11.6212
11.0118
13.5348
6.47489
3.10086
4.26314
8.83056
19.3559
15.2737
15.9883
15.9096
15.6729
16.397
17.3961
10.0344
14.006
12.0592
16.3662
23.4369
17.2606
21.9983
20.9674
21.8566
18.8003
6.56064
8.31269
7.9489
9.11371
5.77256
6.59566
11.806
25.728
21.7181
16.5622
14.3535
8.31112
15.1177
16.7408
18.1144
15.2955
12.1175
14.5019
17.5737
13.9097
9.34631
11.5227
12.1479
10.2929
14.0603
9.77809
9.48212
9.60455
10.3308
9.40004
63.1446
46.7343
61.6988
95.742
107.374
140.704
162.525
138.384
130.622
165.601
155.833
168.663
93.9013
66.3099
101.468
153.941
154.553
210.303
276.809
322.332
374.644
450.301
480.184
519.857
538.637
554.265
552.286
549.604
560.32
571.416
607.75
584.156
560.187
555.959
608.034
628.617
629.582
607.141
588.252
575.56
616.926
585.952
580.231
556.083
563.396
575.886
565.296
573.617
575.439
537.767
563.623
579.63
600.943
612.561
586.047
606.034
633.222
604.361
578.208
619.8
618.887
612.89
586.206
577.646
533.462
569.742
587.011
588.652
591.151
562.524
565.145
599.39
608.837
630.188
611.737
620.856
618.322
611.627
599.032
601.75
638.112
627.622
630.837
641.639
624.333
616.386
595.742
556.286
585.345
596.236
608.195
641.827
632.533
628.395
622.349
585.335
596.486
582.016
581.506
605.521
645.763
620.398
612.478
580.632
572.846
582.495
598.678
620.219
555.951
514.309
356.031
141.801
120.694
109.533
88.36
76.4087
81.7272
86.6622
59.4792
66.2078
29.6977
24.3963
20.4318
38.488
41.4351
51.411
60.424
60.6565
92.6198
114.33
81.8762
60.6248
53.8479
50.3856
50.0776
36.9349
30.2176
36.2401
36.8376
41.6493
32.4087
24.6901
7.18934
12.2597
14.3576
21.0226
22.7547
26.584
22.4885
16.91
7.90684
7.41494
9.82919
12.3524
11.1927
10.8697
14.4692
17.2538
21.2834
22.574
28.5979
27.1437
16.9308
6.34428
5.28572
5.2473
4.42319
6.1512
10.2252
17.983
16.9832
9.82483
10.823
13.7242
6.1606
4.94058
10.5874
16.4201
20.764
23.1895
12.7642
10.6704
4.65559
9.28923
10.7654
14.3444
11.1869
8.07634
8.32283
9.89219
9.88375
8.8676
7.21447
9.21439
5.96725
9.07897
14.7874
13.5604
16.6124
9.87738
6.91722
7.38256
6.9599
6.1478
7.88935
6.99375
9.71434
10.2826
16.038
11.7012
7.2446
3.71185
7.78655
10.1254
16.4169
22.3302
20.0851
22.1332
19.7688
10.9376
11.0953
9.9828
13.1627
15.0495
9.12261
5.68136
8.76266
10.9906
15.2309
17.6606
11.5421
17.9679
22.8627
23.7536
23.8688
15.1653
11.4558
8.45132
6.70201
10.8285
19.5215
15.1568
10.3739
9.65486
10.034
9.38817
10.1638
14.1047
16.5108
14.8994
10.0348
10.2437
5.18296
4.40826
6.16002
7.21368
11.177
16.0238
16.7877
20.2301
21.0501
25.9806
23.5163
23.2839
29.7156
28.8603
29.8964
26.6363
23.8519
18.4485
10.6085
9.74765
7.79161
13.0703
17.4614
24.6427
17.876
15.787
10.1632
13.7693
7.96428
10.7803
10.0176
17.9287
27.6306
48.7289
26.878
21.1913
114.386
70.6142
101.645
124.261
88.8841
60.3287
51.3257
50.532
86.813
144.79
252.243
303.649
375.986
446.597
551.328
694.268
795.55
819.896
888.314
942.463
1006.92
1029.91
1161.44
1251.82
1250.85
1220.89
1221.59
1264.84
1295.94
1286.62
1272.55
1280.12
1328.26
1282.96
1285.84
1233.49
1269
1287.69
1232.57
1283.49
1279.13
1296.07
1266.7
1286.86
1312.37
1260.12
1240.2
1288.85
1332.83
1274.21
1327.69
1330.97
1347.45
1305.99
1275.07
1268.21
1351.27
1321.23
1335.78
1283.08
1281.81
1246.63
1284.96
1216.41
1205.31
1190.51
1228.1
1263.37
1312.11
1332.28
1281.75
1294.56
1268.55
1342.71
1349.08
1382.76
1332.94
1293.29
1282.64
1222.41
1232.71
1204.84
1253.87
1279
1328.48
1297.75
1307.27
1281.31
1296.11
1373.47
1372.93
1363.8
1328.11
1317.87
1260.8
1190
1197.57
1231.49
1289.95
1331.45
1360.5
1303.42
1304.26
1263.85
1227.27
1268.77
1341.64
1367.7
1265.93
1003.43
720.581
249.708
237.719
199.209
169.497
165.702
175.461
188.014
170.839
126.497
123.551
102.937
104.715
96.1621
104.371
125.625
146.647
170.9
217.923
220.311
148.811
55.0818
38.7883
31.1501
29.0082
21.7646
30.2784
19.3292
22.982
29.3365
21.0055
20.9267
19.4474
22.5877
26.8338
28.5347
21.5936
34.4826
39.9802
35.5687
25.2975
23.6437
11.3873
5.12401
7.73362
6.05209
6.04337
5.1743
4.73407
4.29913
6.02432
5.66225
9.37745
12.5529
14.8392
13.7127
7.49183
4.74211
7.56035
15.8274
15.0103
21.2887
17.3734
11.9366
8.10992
6.46197
5.76442
3.15368
4.06805
3.81646
9.69444
12.4139
18.375
9.82988
10.8223
18.8513
17.9252
16.1652
22.4723
13.6866
14.4251
12.6624
12.9589
14.545
17.3306
16.0029
18.7034
7.54148
9.32062
12.7218
9.42433
7.14152
4.4343
5.09407
7.26333
10.3524
10.1951
7.40185
10.1105
16.5406
19.6331
23.2988
25.5384
21.5262
23.8019
20.6393
12.5753
13.7153
13.8583
18.8394
21.429
15.6721
15.9883
12.6396
7.89715
8.38278
4.27929
9.23944
19.5067
16.184
16.0781
13.2034
9.23544
15.3936
22.6367
20.3436
17.2463
16.4195
11.2498
6.62983
5.55858
7.66101
11.1466
14.6901
12.8718
12.6712
6.46021
8.88821
5.74716
4.62853
4.04521
4.4254
7.18769
13.5605
17.7279
25.7354
22.5419
11.3305
11.5008
20.4168
11.9511
7.47011
7.04865
8.3769
5.78112
9.60739
9.06824
9.39874
4.44582
7.64741
11.4671
14.4864
9.27274
8.98524
9.54258
12.7835
16.6389
8.29972
11.8033
18.4923
17.8701
12.2228
11.4076
7.72425
12.2657
14.0027
20.607
14.2775
47.855
56.8263
54.269
83.4914
122.902
91.0309
148.399
134.673
145.752
145.158
117.001
108.93
70.3004
76.266
107.567
129.31
173.481
180.948
267.102
331.39
390.392
465.368
493.581
502.097
544.099
548.122
556.934
595.153
567.375
547.395
571.461
572.855
604.08
601.891
575.486
595.306
584.475
589.437
605.828
577.821
573.762
583.581
576.193
604.434
630.816
608.522
608.132
589.474
603.705
601.25
562.842
562.373
587.219
592.352
607.998
648.62
638.694
622.436
624.363
598.408
558.149
522.822
535.487
541.248
551.043
563.981
567.461
559.019
567.943
590.282
583.525
606.54
597.951
654.36
651.119
627.241
622.332
618.872
594.308
620.681
588.639
576.604
569.924
596.078
594.192
580.77
564.708
545.058
568.365
561.334
549.311
559.035
571.67
596.982
608.304
608.722
640.946
615.334
600.918
588.843
621.158
624.147
639.59
607.696
584.126
573.981
535.046
539.359
515.415
396.533
281.279
125.638
122.766
124.786
110.257
80.84
76.8576
72.0566
65.207
49.6587
41.565
45.4935
35.6152
21.0326
38.6199
39.0153
40.3431
45.7052
74.4364
91.9837
69.4552
60.1915
47.7667
46.1219
48.4905
37.1635
33.8743
37.4044
41.5244
38.4796
22.1382
20.4378
27.9868
19.3417
16.2215
13.4572
8.13942
8.96943
8.95488
10.4505
9.53057
8.60756
10.486
15.7368
14.7703
15.8449
10.5716
7.93453
7.3052
7.54195
3.48043
2.42601
4.70893
7.94238
10.5652
7.16213
9.02591
11.0147
9.96615
12.0424
13.9703
11.118
12.7199
12.8129
15.1497
8.01048
4.85462
9.69215
11.7672
14.892
18.8804
17.2029
7.03092
6.71011
4.34025
6.38455
7.9818
7.79321
4.50302
8.72854
9.02179
14.9437
20.2892
24.1585
20.9419
9.01458
9.32984
9.81473
9.36339
11.4917
10.7993
9.50668
11.4747
7.83976
10.8128
14.615
8.97661
9.40853
10.7046
7.77655
18.9736
21.812
24.6776
13.227
9.52922
14.3566
18.0072
13.562
7.10132
2.70611
6.00062
7.14519
9.43856
12.8569
15.4742
22.934
26.0171
25.6112
7.90608
6.53388
6.91637
5.69351
6.3561
8.86512
13.868
22.5388
15.6427
15.1163
10.0543
6.04793
10.6817
19.1294
26.6881
32.7364
25.022
23.0883
8.65877
10.4732
10.0623
9.65848
11.8517
15.1084
10.7123
15.5081
9.97015
14.4577
11.0859
12.3388
24.2065
23.6374
23.651
15.2409
23.8852
20.5335
14.0525
12.9149
17.9694
7.62618
13.3932
16.8586
16.4291
18.9338
23.4696
16.2923
6.45849
9.1625
11.2954
8.9711
4.91821
12.0521
16.6942
17.7449
13.8587
9.27552
14.9798
16.6853
16.6181
11.6846
55.0066
38.2845
45.1296
62.449
49.2257
47.8704
84.3416
118.883
122.812
139.733
173.794
119.555
70.2227
49.3199
73.8854
134.026
197.941
252.119
305.724
356.842
413.357
452.926
508.925
539.979
542.378
563.168
562.332
532.183
545.459
504.42
525.781
540.396
569.583
578.477
625.162
616.477
613.938
613.606
630.583
609.962
593.916
596.706
587.027
577.14
558.025
559.784
562.192
605.525
634.561
639.856
614.501
588.915
584.223
567.095
582.943
558.609
579.702
594.808
576.934
573.003
586.958
542.664
532.975
548.667
569.627
592.524
619.723
597.512
612.006
586.947
609.765
614.675
603.916
594.203
603.453
571.918
580.751
567.327
524.901
540.491
562.595
573.427
557.992
570.233
587.972
590.531
579.772
599.989
633.365
640.246
612.024
597.734
573.642
581.915
604.748
618.266
596.402
601.669
573.654
522.764
530.134
555.633
570.423
568.233
584.03
556.401
595.435
613.902
600.576
482.465
336.325
120.858
111.65
99.6513
90.4648
80.8284
80.9525
64.7537
67.9814
57.724
44.4418
41.1179
42.4527
56.3987
56.7692
58.8929
56.5219
68.9417
103.418
106.277
69.4553
38.5252
40.3656
34.2052
37.597
29.3002
30.3584
25.1662
29.5799
36.1487
25.8094
17.4041
18.5588
16.9204
28.9652
14.3814
15.7987
13.0215
12.4013
14.2356
12.0493
14.5151
13.5434
16.322
16.8394
12.0747
7.15926
5.65535
7.7564
10.4367
12.8992
19.9284
17.1204
25.9566
18.6051
17.0915
18.3848
14.3336
16.3622
11.719
15.7004
23.3697
24.2465
24.3923
7.81983
10.2687
10.4214
12.1482
11.2765
17.3212
20.4081
21.2448
16.6853
12.4923
13.9926
9.48111
7.81977
5.48356
6.04676
13.2518
14.4804
16.6685
20.8884
14.5919
12.3264
13.6261
10.4217
10.3933
7.8843
5.7176
5.11804
9.63846
8.32302
9.70664
15.1935
11.4559
13.6325
14.6381
10.0661
15.0614
18.5754
23.1083
19.6192
7.91673
10.9766
12.7231
9.51857
3.87286
4.32978
12.3536
12.1712
13.8594
20.0237
19.7419
12.7987
20.5093
13.0516
12.8454
11.4944
11.693
8.65962
12.4519
7.30369
8.14423
9.09803
16.0081
9.94817
11.4084
9.90779
12.0836
15.7077
19.6543
19.072
19.3716
10.0235
13.3859
18.5361
11.5688
13.8363
16.0093
19.9166
17.632
16.9136
22.8981
16.3522
8.79647
8.43054
13.2866
12.9893
9.81907
9.95699
12.9884
9.23341
10.8906
13.0624
14.9102
9.18489
12.9706
20.2307
17.2825
25.5349
23.482
13.157
10.9587
22.315
17.9812
7.74858
10.6266
19.4581
20.2471
17.0654
12.9986
13.3138
13.0682
10.3415
10.5035
10.4088
17.1141
66.3668
41.543
58.1448
71.5693
39.3541
84.5079
138.494
176.488
191.875
159.239
149.623
102.029
40.7985
49.5898
98.3522
167.513
197.553
245.55
268.796
341.533
383.67
427.56
477.177
530.678
548.552
549.83
572.841
548.801
539.073
499.192
527.494
528.298
562.238
572.938
542.68
572.541
577.724
608.875
614.425
602.011
605.419
601.9
620.437
595.783
588.977
604.006
616.859
582.714
576.54
563.965
578.315
602.243
583.587
581.53
596.611
609.771
646.109
633.117
609.176
585.912
606.78
625.933
614.404
614.096
611.657
575.189
550.65
531.642
553.967
579.247
624.579
602.137
616.663
624.344
610.661
599.051
577.708
575.042
536.54
545.039
564.574
578.179
586.53
590.897
562.872
570.213
552.427
589.612
631.422
653.326
644.34
635.551
611.619
600.848
583.823
565.636
546.688
573.302
567.312
570.891
561.002
553.151
569.693
567.688
597.495
567.261
598.539
617.152
536.097
425.864
294.462
102.934
107.769
103.388
104.711
99.8681
95.126
91.135
73.1308
56.543
54.0763
41.4284
46.8167
43.2274
33.5237
43.6178
45.0929
51.1703
70.2895
81.7402
46.2432
28.3102
41.353
48.4183
44.5226
35.5353
31.9099
32.6552
44.3255
33.553
17.4302
8.61218
14.5987
15.4399
19.7552
15.6338
6.12226
1.72471
3.84939
9.11662
14.8173
16.4935
18.4339
9.59973
8.10534
9.08739
11.1741
6.30528
8.92037
14.27
15.0797
7.30116
13.2876
10.7629
17.3382
26.0325
5.80476
8.64947
