61.5147
65.1754
62.7325
61.4118
60.3595
59.0556
59.6097
60.6052
63.2927
63.4945
60.0807
60.6576
59.9062
58.4483
59.9812
60.4138
59.5769
60.4088
59.2612
59.3756
58.6894
64.5304
65.9027
63.1998
63.3129
64.9263
62.8503
64.4642
65.1832
66.4946
66.3436
65.2903
65.345
65.4579
64.6318
65.804
65.9968
61.4497
59.836
59.2561
58.6409
63.5311
62.2897
60.7888
64.6967
57.9615
57.6518
59.279
60.8882
64.0373
63.4957
71.6239
68.4149
68.2034
69.984
72.4937
71.6616
65.0469
67.2153
63.4174
64.4093
66.0258
65.4014
65.3156
64.6299
66.1385
65.4222
57.7201
56.2146
53.8529
54.7015
62.0917
58.8117
61.2599
63.4606
54.2049
56.9918
58.6885
56.5294
63.2457
63.0257
61.5509
62.8182
68.7169
70.7279
69.3488
66.7208
58.3337
60.3827
60.372
57.7598
62.627
65.843
65.2068
66.4284
61.4529
55.4875
55.6932
57.3021
62.7645
62.8466
62.1542
63.1488
62.2761
56.6267
58.2751
60.5646
61.1107
66.2119
64.1265
63.3067
65.9961
64.0574
64.952
64.5315
60.7005
63.4092
65.5515
67.1715
68.3275
64.9359
64.4945
64.9182
62.293
64.8224
65.1201
61.8038
64.1732
67.9485
67.0099
65.7644
65.248
66.1107
66.4011
58.48
58.8797
62.1834
63.0133
62.0996
60.0798
61.8667
62.268
60.3478
58.1346
59.7915
59.8169
60.7772
59.8188
57.8803
57.6837
65.9878
67.4148
62.7248
61.4349
66.6572
66.7605
64.0416
63.244
63.1474
62.1578
61.2437
62.4686
62.1417
62.4361
62.7351
62.2058
59.4398
59.4399
61.9599
58.3926
57.6655
63.7871
63.3796
60.1817
59.2704
61.7658
59.1117
60.5228
61.1129
59.2895
67.2701
66.2724
59.0711
58.3481
67.2624
67.5773
63.6506
67.5137
60.8191
56.5696
56.3752
61.1395
61.897
61.9391
67.4367
65.0505
57.6088
58.1799
59.399
58.0032
59.6434
63.0394
62.9648
62.811
62.684
59.2345
56.0891
61.7695
63.4079
61.7337
61.1827
60.5793
59.3057
58.6618
61.8932
64.0593
62.6415
62.5084
63.7136
61.1624
62.8903
62.7038
62.618
64.8039
62.7917
63.6873
64.5007
63.9568
61.9142
62.6534
64.3674
61.986
63.7085
67.5601
64.4913
59.374
60.9106
65.9182
69.9091
63.336
64.0447
76.9531
73.3421
64.2841
64.608
65.8492
66.2846
65.9566
68.3821
68.5244
69.9577
64.849
58.5483
60.9942
57.4296
62.9501
63.5527
60.6581
62.7465
62.0807
61.1046
66.1997
62.1048
62.4497
60.5278
59.6303
60.4148
68.0566
70.3573
62.0787
61.4788
73.3026
72.8424
62.7039
60.1778
64.9469
63.571
64.3273
64.6156
61.7861
61.6863
56.9179
56.7925
63.0833
60.9332
59.0307
61.4964
63.2003
63.391
60.5528
62.519
63.4074
66.6779
66.6298
65.2666
65.2309
62.6238
66.091
66.2109
61.8727
64.1579
61.7006
59.3071
64.5483
62.7248
62.5877
60.251
60.2875
59.0176
61.88
62.7838
60.7929
60.9688
63.781
62.7112
61.8809
62.9798
60.9983
60.2606
59.8385
62.1818
63.2622
64.9141
66.2968
63.8173
63.1304
58.7547
58.7594
60.05
61.3627
61.3781
61.2115
60.5725
61.5246
58.4695
57.3638
59.8366
60.4725
60.9374
57.9171
59.2885
61.0496
62.6438
60.3514
58.0028
63.6836
61.0608
59.79
60.5126
61.2024
63.5588
62.3643
62.2821
56.8118
54.6224
63.4219
63.6877
59.9842
61.2197
61.8095
65.1254
63.8276
60.2355
58.0069
60.0267
61.5571
61.3055
62.5536
61.9023
58.3375
59.9781
65.3979
66.8802
57.8764
58.0162
62.2074
60.5464
65.7081
64.4531
63.0239
64.6967
69.8161
69.2624
65.2066
65.2814
63.0948
63.6748
64.3391
62.5183
65.3052
68.3508
67.0215
62.6218
58.276
61.4082
63.4284
61.647
65.6307
65.5562
62.2797
62.0221
65.7181
62.4359
57.578
59.2606
63.8876
64.0175
64.2099
65.7198
61.3001
61.1667
63.2952
61.9788
63.7635
64.7039
63.5014
62.7712
67.2882
68.107
67.705
67.431
62.6957
62.526
57.95
60.6564
62.2271
61.5095
66.3157
67.4481
63.1951
60.8309
59.2209
56.9136
61.2492
61.5118
59.7046
60.2529
63.5023
63.5164
62.9941
61.3093
61.3008
60.8549
64.6562
66.0057
63.987
63.7753
62.2848
64.348
61.5385
58.9737
60.0013
61.7009
63.5786
65.3727
63.8548
61.0842
59.9848
62.4715
62.9711
63.395
62.0962
60.0046
64.7039
62.965
59.3655
58.8348
61.502
62.2799
64.9533
65.0453
59.4006
57.9411
63.7208
65.0028
65.2885
63.5169
61.4694
60.0091
61.5482
61.2584
60.3992
63.0112
65.3859
64.0733
63.389
66.5103
61.9755
59.652
66.2086
67.3216
66.3319
63.5997
65.8312
61.2338
69.5274
69.4369
62.6734
63.5581
66.6723
62.6628
60.9733
62.3514
62.7954
65.0719
62.0913
63.6592
58.0425
59.1501
61.8234
61.8727
61.7996
61.6237
61.1706
62.0613
64.9951
63.2221
61.6188
63.0283
68.9444
67.998
63.4733
56.7978
62.673
65.8641
70.7412
66.3395
57.7725
67.0589
60.8986
60.2579
62.6408
61.8611
61.4264
60.1768
63.6728
63.5258
63.7835
63.7474
61.4899
65.0462
62.6929
59.9313
60.4614
58.4996
63.8781
64.0626
62.8581
60.2323
57.2969
60.8134
60.6546
56.1976
56.4873
63.7138
62.0888
60.7033
63.7097
60.2294
58.4454
56.662
63.3794
62.845
59.2987
61.3422
63.8672
63.3615
64.3766
62.0307
61.1866
63.1147
61.4768
61.4716
60.3705
59.5946
63.1301
62.0611
56.0011
57.785
59.6794
60.0493
61.3975
62.2367
60.169
59.7068
58.3392
60.8904
61.4929
60.0995
61.7884
59.7713
59.8165
60.9515
59.8786
60.3638
62.0799
62.335
63.7595
63.8584
64.437
62.1143
61.3466
65.9987
66.7736
64.5343
64.8425
63.3121
64.1163
65.0989
63.2073
64.0478
69.0852
68.7035
64.8891
60.5193
66.4954
63.8664
65.354
73.3281
68.087
62.886
62.5562
70.4184
69.0359
66.1645
70.7888
67.8415
67.3029
70.6897
67.9821
67.5154
67.781
72.174
70.307
69.178
72.1951
70.9568
68.5056
64.6089
61.7141
61.1203
66.3354
68.0222
64.0429
60.7063
65.5915
57.8327
57.7889
66.71
61.9302
57.5265
57.7116
65.6085
64.455
60.3404
65.1996
59.2067
58.5996
60.2611
59.8531
63.7986
64.6696
66.3231
64.4153
62.2186
67.5902
64.9877
61.4052
59.8969
62.4409
59.1531
58.5775
62.132
59.1243
57.7458
57.7649
55.3035
56.5662
55.3013
56.9626
59.8066
59.871
62.6279
59.7534
58.9885
62.1313
62.5724
63.4508
63.2475
62.9041
63.5358
63.2058
63.6373
63.5015
60.6489
60.9209
62.4946
62.9078
63.8996
61.3728
60.4099
63.78
62.0023
58.2023
58.009
62.3168
64.5913
62.0398
61.266
64.9231
58.9521
57.4974
61.6024
60.4779
62.1388
60.459
65.3357
63.1661
60.7732
59.0933
58.49
59.3658
61.9146
59.7684
59.0869
60.3039
60.4547
64.337
62.2132
60.0012
59.2337
63.7794
63.7036
61.4314
61.2943
63.4793
62.265
59.0599
62.4009
61.1827
58.5893
56.9153
63.7778
61.873
61.0084
59.3536
61.7679
59.6824
60.0787
61.5068
59.0116
61.3088
62.124
63.6038
62.7559
61.3466
61.9013
61.5114
60.8054
61.6698
59.999
63.82
64.6932
60.7939
61.4682
61.0133
61.0877
62.0243
63.4567
63.1568
62.523
61.0514
62.5917
64.7659
61.4609
60.0721
60.9131
62.8029
64.8231
63.2515
64.6786
62.716
61.838
62.7771
60.3658
64.6213
63.6212
64.9792
69.0609
64.3575
62.1882
60.0713
61.2073
62.3254
66.2108
69.1079
64.8859
63.2393
66.6084
63.2181
62.359
62.0181
65.5147
66.5919
63.184
65.0387
67.626
63.1789
64.3992
67.1916
63.7345
63.3006
60.3887
62.7995
61.6915
61.8771
63.7075
64.7616
63.8144
61.3249
59.4829
60.4649
60.6235
64.9164
64.5219
62.3644
64.3369
65.0999
64.1707
64.3985
63.691
58.7307
60.1615
62.171
60.3457
63.3451
65.3986
60.5411
62.0394
64.0862
64.378
60.1982
59.0292
60.7933
60.2525
61.7474
63.3824
57.0129
56.6748
60.2074
58.923
62.1843
61.8785
59.9635
60.1226
68.1612
69.0359
66.9522
66.2458
65.4213
65.6672
59.9106
59.4851
63.8848
63.1298
69.2873
68.5433
61.304
63.4708
60.4772
60.5302
59.7186
59.3691
60.1157
62.395
64.0896
62.4826
60.5733
64.4034
63.8894
62.8226
60.4684
61.4505
63.5342
63.0771
63.0807
61.4741
65.257
66.0842
65.1621
65.4621
61.5542
62.0775
60.2836
59.8841
63.1017
63.3283
63.0102
62.8272
63.5634
61.0186
55.9292
59.0531
60.5158
58.6795
62.1246
65.098
64.8622
63.9996
63.3712
60.3519
59.598
60.4954
61.7463
60.9229
61.1729
64.2527
64.8035
60.9874
60.2395
60.2715
61.0033
60.9945
60.6117
63.5915
61.8698
64.0533
61.6477
59.5809
63.6517
59.1088
56.2303
57.1909
59.7867
61.3966
61.2698
63.3028
60.5342
60.3092
59.8475
57.9392
58.0676
60.3539
59.9739
59.6245
61.576
64.0345
61.5976
58.044
61.5856
60.1924
63.4073
63.2134
60.4487
61.8976
58.5325
62.92
63.3231
60.633
63.6744
62.144
60.9793
60.0897
59.3715
62.7509
61.5885
62.2796
65.2195
59.964
62.8118
62.7102
62.1417
64.0581
62.8802
62.6619
63.0445
63.436
63.9887
63.9698
63.9345
63.7654
65.2427
67.2548
65.6238
59.5982
62.4364
63.3829
63.0732
60.4268
64.7064
64.6216
64.888
61.597
61.1036
61.7134
62.7242
65.052
64.4174
66.6528
66.8266
63.0018
59.137
64.077
69.6469
67.6147
61.2879
57.0232
62.6261
64.8676
62.2174
60.2507
58.6972
60.5864
61.0358
56.9668
59.8443
57.0937
62.0798
64.6144
61.2232
61.3322
55.9465
56.3878
57.8598
60.5017
63.4032
59.4399
59.541
69.4028
65.5796
58.9648
58.9669
65.8452
71.1468
64.3621
59.7532
57.5245
64.1279
70.21
60.8765
58.9179
56.9562
61.982
65.3049
56.916
57.7507
58.0834
61.7115
66.0177
59.6906
62.0708
61.5936
57.2048
58.0499
63.4351
71.0606
64.5974
60.0513
73.9229
63.4776
67.3074
66.0187
62.1423
65.6722
59.9112
61.39
64.9553
63.2938
69.1241
65.9016
61.7923
65.6671
60.8032
61.5606
64.0474
62.3451
65.4608
65.7172
63.923
61.9158
62.1172
65.9913
63.4956
58.6878
66.3184
63.4857
63.7674
62.8135
65.3143
62.2308
61.7075
64.9046
62.9131
64.0955
63.512
64.2448
64.9308
62.5324
60.5121
61.6892
57.3009
62.6786
61.4159
61.0204
64.7542
61.198
63.2327
63.0126
60.1997
59.7604
64.1396
65.452
58.1262
57.2577
64.6596
61.2821
65.4889
66.7998
57.4609
59.0007
58.763
57.5096
59.4488
60.595
63.6154
61.1502
56.305
62.5844
59.8997
61.9619
63.3718
62.5418
66.6032
66.0516
63.0676
59.8465
60.7352
61.914
65.1178
66.4262
65.2941
64.0307
60.6222
66.0138
64.2983
60.6148
63.94
64.0173
60.8945
59.9708
60.0554
60.1614
63.1752
64.5093
65.0788
58.858
59.0415
64.9146
64.848
61.7368
63.9478
70.027
68.914
67.1555
65.3826
62.9592
65.5084
63.716
62.1767
60.6589
66.078
66.1721
65.5031
66.3235
62.0801
58.2936
58.3986
64.4473
62.3559
57.2143
66.7038
72.2157
65.2283
62.2051
67.7657
65.7025
67.707
63.7527
59.4562
64.2087
64.1645
68.4937
65.1035
59.1524
67.4679
68.1903
61.3135
59.0277
61.3297
61.7306
70.0595
66.475
61.6943
58.8342
68.0721
64.2961
55.3264
63.2102
67.2002
63.6938
63.0569
71.3102
63.3773
65.2356
66.5745
64.2686
65.9948
62.063
63.8603
67.5365
62.9599
64.3753
61.1352
57.0377
64.9008
61.7223
60.3663
60.3131
62.2262
64.1185
66.789
65.3893
63.0522
57.9893
63.4945
61.1324
60.3373
62.4214
67.0699
68.3248
57.903
57.4278
58.5127
60.5784
56.4472
54.8379
66.0402
62.9693
68.4405
71.075
62.0289
60.9792
57.4691
57.5238
60.2578
58.3171
66.0534
64.4628
63.0751
65.8787
58.5764
60.1553
61.8532
61.9519
61.8859
60.1812
61.9632
61.8202
64.1653
65.5853
61.6862
61.6624
63.9373
63.4667
62.1405
62.1581
63.0657
62.3888
63.8036
64.2638
64.2084
63.1233
62.2736
58.696
59.4398
63.1876
64.6478
63.8578
62.3338
64.4828
65.0874
67.6779
65.3387
60.3441
64.5117
61.2354
61.8194
61.7014
59.4317
62.3865
65.6374
64.9903
61.2237
57.6997
63.4068
61.9831
59.8004
66.1964
60.4872
57.8235
60.4621
64.6617
61.8423
59.1987
66.6891
63.0145
63.8795
61.513
60.799
62.7343
66.1104
64.6224
62.0382
59.0028
62.7308
59.1403
59.7877
65.3277
61.4211
61.9826
63.1099
59.7307
60.8985
59.5944
61.5977
63.5319
61.7371
64.6908
64.1857
61.4275
63.4783
63.3184
61.5984
60.5682
63.1657
62.8573
59.6411
60.3427
62.7464
61.096
61.8055
63.714
60.9089
58.651
59.3706
61.0198
65.2079
65.9204
66.5568
62.5446
62.5764
63.2851
59.7228
57.8139
66.3746
69.0304
61.6778
58.5486
66.9197
63.5731
65.9267
65.868
57.5253
60.3441
63.415
65.6025
61.5044
59.0972
69.4089
67.2203
64.7462
69.3658
60.5524
57.9623
59.2147
62.7002
70.5177
64.9611
65.7091
63.2504
66.7121
65.7799
59.8884
63.1833
63.1404
67.4681
60.8901
58.0012
68.92
65.9641
64.6191
68.443
60.8229
61.2708
63.3082
63.5077
57.5972
60.4618
70.3561
64.0808
63.7727
68.679
57.1622
59.7167
63.8587
62.1947
62.9084
57.7262
62.9289
63.9686
68.1671
69.7967
59.6344
62.2966
57.1494
59.6971
60.4922
61.2334
63.2079
62.0972
63.9425
64.9755
59.6192
66.5372
62.9136
58.8604
58.8351
66.0744
69.0613
65.6825
69.2214
65.4654
62.4284
63.1169
62.891
64.7893
66.4654
68.327
68.3847
63.7018
67.3422
64.5231
59.2987
64.7039
63.2507
59.7485
60.9616
65.5079
65.1438
62.9751
62.9464
60.2549
60.2068
60.8572
62.213
59.4428
63.9154
73.0741
73.2968
64.2196
60.8708
61.8129
64.0743
66.1574
63.7727
62.1757
67.4005
67.3953
61.9145
59.2233
61.3653
64.2152
60.4846
58.8205
59.7077
59.3027
62.0922
63.299
63.866
65.0782
60.3506
62.3972
66.2722
65.5004
63.0348
61.5477
61.7234
64.0473
60.3253
57.7792
62.9515
64.0574
65.466
63.2333
64.1356
58.8123
59.3475
60.5007
58.1194
61.0323
61.8626
61.9869
62.7836
60.8716
58.24
58.3742
58.9135
61.7595
62.3658
62.4375
61.0361
60.9394
61.9722
61.7043
61.1784
60.8039
65.7619
66.3014
61.6604
58.4004
61.8987
58.2333
61.5099
65.1533
63.3305
59.2857
56.2976
58.7818
59.2269
61.1653
62.7899
61.4253
59.5513
60.1769
58.4668
61.3462
62.6913
63.2624
63.2655
63.46
64.2693
59.4056
59.4558
64.7093
64.5764
65.4331
65.2368
62.9761
63.0017
60.3907
60.3008
63.339
63.1146
63.5978
63.4342
62.7736
63.0104
60.8258
61.6381
62.333
62.1318
61.5717
61.6074
66.7486
66.4579
65.5008
65.4088
63.1249
64.5977
62.5703
59.8992
60.4259
64.5719
66.7692
62.2378
59.2676
62.4093
61.534
62.409
59.3005
60.1782
60.8338
65.0693
63.5329
60.2517
67.2268
64.2191
61.8298
61.2363
68.7041
65.1829
59.8856
71.7408
73.4725
60.8077
59.1574
70.2893
65.0047
68.2716
67.9364
59.5182
58.8317
58.9712
62.577
61.7115
57.4642
68.045
68.4856
62.6187
60.9829
59.2705
55.4113
63.9505
64.1381
63.0821
64.4784
63.1779
64.4326
61.6521
63.9815
63.6554
63.0201
69.6211
73.8954
66.5494
61.2824
64.7076
63.2497
67.4801
66.2031
58.7247
64.4592
60.6259
63.2958
62.3952
58.9657
62.7165
62.9225
60.4439
61.4623
55.7947
58.3273
63.112
62.3522
61.8205
63.3969
68.3916
62.008
60.716
65.2334
61.6607
62.9806
62.499
62.9507
63.1814
62.3028
64.0711
62.2075
60.5143
65.4443
64.278
58.0629
59.6707
65.8706
66.2644
65.2433
65.5978
64.876
63.8931
62.7342
62.376
61.9925
62.0155
63.6661
62.9573
63.5726
63.6138
56.9754
56.445
63.9687
63.3927
60.9518
61.0586
61.1554
60.9856
62.789
62.9483
61.2606
60.7458
62.5509
61.4978
60.7237
62.0069
63.4416
62.9314
63.1657
64.4721
61.3953
61.1102
64.3273
63.8917
61.3562
60.4984
61.3258
60.7085
64.3212
64.8819
61.1087
59.6266
61.0574
62.5046
63.1907
61.9241
60.6746
61.9402
59.5368
61.2902
61.2925
59.9538
61.2145
59.7973
61.533
63.2565
60.8916
59.875
62.8286
63.2217
63.2745
58.8023
60.038
61.1161
63.2341
63.6774
63.6195
61.4693
62.7142
62.7656
61.4102
61.3469
60.4002
61.9963
61.2608
61.2535
60.7864
62.477
63.6274
62.519
57.0279
59.5897
59.3488
62.4137
62.5742
62.2712
62.3713
61.4726
61.566
61.8109
61.0257
57.2654
58.8106
63.5204
63.6385
61.8205
61.9107
62.3252
62.3239
62.8427
62.0432
61.8015
61.9925
62.245
61.4007
60.4477
60.8093
61.9165
61.8613
60.9367
60.1706
61.831
61.9087
60.7375
60.5177
61.8227
60.9277
63.93
64.0353
62.3454
61.64
62.1025
63.2126
62.9366
62.3746
63.2944
64.4208
61.9274
63.6022
65.3816
65.3994
63.7181
63.175
61.8488
61.2665
60.3686
62.6258
63.7685
62.9795
64.8821
65.0225
62.4348
62.2654
65.1209
64.4781
63.1139
61.6256
64.8614
68.3523
66.7609
64.5168
60.351
64.7044
61.6752
59.9241
67.3309
65.5441
61.7735
60.4946
64.6155
64.1082
67.2397
66.305
61.5325
65.2195
66.0851
63.8827
65.6755
67.7322
69.9631
73.9433
70.5523
65.4855
60.1013
54.426
58.5719
59.3316
57.5186
66.116
68.1319
58.5954
59.9898
59.9627
54.3579
56.2393
65.4857
62.5476
57.2162
57.8906
63.2556
62.7338
68.2078
69.485
57.7644
59.7653
63.4865
56.216
61.5819
66.2017
68.7797
75.4592
70.8259
60.5333
54.3629
52.0735
57.3135
59.7967
60.0634
63.7635
64.8614
63.3691
63.6671
59.221
60.101
70.084
74.9898
74.6048
75.1022
86.5031
86.3422
83.1132
85.2972
98.5097
92.2088
86.0792
90.6054
85.6207
90.3588
82.2774
82.0727
72.2813
67.9911
70.9817
67.2423
59.9781
60.2122
58.3929
57.246
54.4729
49.5076
39.859
37.6152
48.8163
50.6871
48.9777
53.979
63.2958
59.9698
77.2872
76.2965
71.6027
76.1284
85.8797
75.7676
67.7818
75.7358
81.5905
78.9057
67.88
62.3419
44.2344
39.474
39.5918
37.3023
35.0148
39.4164
40.3977
37.6207
34.9977
35.8462
35.4573
38.9727
53.1816
57.2662
56.1511
57.2854
65.3255
64.7049
63.9002
63.3066
58.6132
58.8999
57.5572
61.8877
63.2041
59.2158
63.0916
66.7821
64.2354
65.5074
61.7489
58.0332
59.9914
61.1798
62.2179
59.1267
60.9226
65.557
64.0299
60.4958
61.5256
60.6795
59.8402
58.3683
59.5387
57.6609
59.8393
64.2349
62.399
61.3429
59.438
62.5348
62.648
64.8137
65.9522
58.5248
58.4995
63.3673
64.0206
65.0166
63.3297
61.677
63.0702
60.7744
59.684
58.1243
56.2499
63.9829
63.0989
63.8776
63.7963
61.3656
62.0778
61.6801
60.5423
61.9875
62.7682
61.8628
63.3707
63.8276
63.7298
63.473
63.3646
65.2957
62.8325
57.3091
56.0981
61.8804
62.2884
63.4567
62.7583
59.5276
59.439
59.9964
59.3348
64.4806
65.3345
63.0822
64.1089
63.9382
65.2139
64.1272
62.879
65.3345
68.1057
68.3078
63.5667
61.8085
66.4355
63.5046
60.4974
63.67
65.3722
65.152
64.4283
66.0471
61.3922
62.7044
63.5544
61.3863
61.1617
64.9773
65.4809
66.4853
65.4936
68.1674
64.8789
59.7659
62.7934
57.3674
59.4583
61.6514
60.8686
61.9582
69.7959
65.8856
60.5844
64.8288
61.5578
57.4888
56.7682
67.4254
62.0573
67.6432
74.5161
72.7616
60.4914
55.6103
64.8567
62.8522
55.0747
62.9666
73.1324
64.3559
71.5663
73.0245
62.3998
63.3007
62.7248
58.0651
64.2133
67.9425
70.5484
69.5533
70.1858
72.8626
67.4708
64.5797
68.5003
60.7355
63.6909
69.8422
64.8517
67.1985
72.2534
71.0723
62.2859
57.6902
63.7416
62.9032
56.2533
57.8764
60.987
61.2968
68.4135
61.7889
53.6067
56.6824
58.779
65.8447
65.4541
67.7559
63.8776
76.6392
78.6262
78.0378
70.228
68.6609
68.1384
62.6673
60.2927
73.6344
75.9723
79.6007
79.8061
83.9017
81.393
69.3962
69.5985
79.3222
75.9036
83.3855
84.5875
78.9674
82.7135
78.2583
71.5439
66.5473
63.3525
71.3995
70.36
60.807
58.8666
58.6795
55.4381
55.412
51.6272
43.8122
44.4137
48.7286
49.4735
51.7072
55.3054
59.813
56.9537
82.7518
84.3035
76.1504
72.7793
79.6933
75.0614
87.8292
86.2162
74.4098
74.3293
61.8544
56.0555
43.3962
32.1933
49.6176
49.8807
45.4273
44.6749
38.2051
39.1966
41.1653
37.6649
47.7439
55.8911
61.128
64.462
68.9222
65.4961
69.4241
69.3512
64.0789
63.3315
58.8089
62.9145
69.4526
65.6261
64.1475
63.5665
64.211
61.1846
57.1394
63.9354
58.0223
58.1555
60.5849
57.2353
58.6883
56.0402
