0.931737
0.968628
1.0196
0.749116
0.969013
0.800891
0.932429
0.918479
0.899279
1.06389
0.903919
1.07032
0.899152
0.98306
0.958979
0.935088
0.870467
0.813193
0.799075
0.794512
0.76384
0.829621
0.796156
0.99157
0.981723
1.01681
1.08976
0.991601
0.969637
0.944943
0.918918
0.790645
0.896841
0.627273
0.763025
0.871175
1.03195
0.960152
0.997643
0.868467
0.953697
0.935043
0.960152
0.834957
0.747419
0.845719
0.83911
0.991729
0.960817
0.94957
0.965046
0.99173
0.954991
0.959891
0.873136
0.856383
0.784413
0.778173
0.883956
0.82211
0.955793
0.834443
0.875622
0.91178
0.959445
0.958188
0.931847
0.878978
0.882903
0.928025
0.971291
0.879691
0.920856
0.78176
0.775001
0.895077
1.04206
0.88368
0.819471
0.810271
0.806195
0.995808
0.976022
0.93912
0.874682
0.894267
0.919472
0.946333
0.944455
1.02897
0.890164
0.936076
0.908243
0.843735
0.852891
0.934143
0.872661
0.891357
0.957168
0.986415
0.914953
0.946157
0.894132
0.91458
0.880802
0.888436
0.836068
0.864002
0.871567
0.849145
0.89746
0.869336
0.953602
0.85022
0.90519
0.906538
0.88239
0.919441
0.858883
0.817653
0.93185
0.809151
0.880804
0.837918
0.857687
0.909061
0.884726
0.91584
0.878215
1.00125
0.909353
0.919573
0.96319
0.862749
0.863216
0.959591
0.889348
0.854988
0.940806
1.27536
0.910552
0.548889
1.01668
0.736219
1.06895
1.47059
1.01511
1.35074
0.942538
1.33269
0.924747
1.33678
1.00836
0.820494
1.03908
0.96621
1.06977
1.02459
1.13293
1.07345
1.05059
1.49092
0.975083
0.945214
0.996506
1.14968
1.07584
1.01963
1.0712
0.821684
1.08398
0.76782
1.03958
1.19632
0.973924
0.976661
0.951255
0.815358
0.955743
1.05626
1.04676
0.42413
1.11331
0.738292
1.0147
1.35525
0.956381
1.24639
1.01918
1.22958
1.00192
1.15035
1.06203
0.819881
1.02838
0.962196
1.03112
1.05335
1.00698
1.13995
1.02934
1.4103
1.02787
0.906611
1.10305
1.05301
1.06285
0.965878
0.931451
0.932659
0.878618
0.97536
0.830386
1.23285
0.925511
0.998781
0.933301
0.808044
0.892601
0.862978
0.857865
0.801994
0.734927
0.841062
0.769362
0.974185
1.00249
0.961604
1.10184
0.94407
0.995306
0.860692
0.931824
0.834092
0.820055
0.861382
0.808107
0.849113
0.875359
0.913587
1.13141
1.008
1.03927
0.930074
0.919352
0.865587
0.893273
0.836654
0.765799
0.848555
0.842108
0.917056
0.846633
0.933806
0.992449
0.941393
0.908719
0.830409
0.848396
0.905306
0.946515
0.873101
0.75908
0.745396
0.766225
0.904517
0.893257
0.911329
0.938185
1.00878
0.920462
0.929207
0.859699
0.872208
0.955234
0.974963
0.893699
0.914771
0.777039
0.828109
0.992512
1.02374
1.03657
0.957807
0.888527
0.838806
0.964127
0.994785
1.05702
0.896686
0.935692
0.772285
0.888614
0.958976
0.948221
0.959751
0.976641
0.822535
0.885389
0.857381
1.00443
0.844562
0.888875
0.853177
0.857908
0.923253
0.765745
0.754519
0.75606
0.952275
0.840654
0.96859
0.822688
0.777252
0.834474
0.892206
0.882325
0.927221
0.86392
0.801081
0.843011
0.967359
0.962945
0.937373
1.01513
0.775332
0.993885
0.889416
1.00706
0.877974
0.929673
0.810606
0.907298
1.02672
1.03089
1.00664
1.05857
0.950582
0.872757
0.925692
0.972522
0.877002
0.813836
0.802603
0.799716
0.965446
0.846112
0.856573
0.889763
0.97333
0.945773
0.999837
0.846621
0.801217
0.757118
0.810746
0.817838
0.811545
0.890392
0.832773
0.922613
0.846712
1.09419
0.984899
1.05913
0.915351
0.880153
0.868847
0.850864
0.85052
0.883889
0.870842
1.01684
0.917911
1.05928
0.938798
0.94377
0.887707
0.834852
0.90187
0.916285
0.979113
0.81538
0.896263
0.876291
0.949105
0.918069
0.915729
0.851061
0.813945
0.765283
0.780882
0.819218
0.796578
0.804905
0.924851
0.92569
0.898349
0.995636
0.978426
0.923438
0.889305
0.943546
0.942112
0.862108
0.932971
0.895647
0.881146
1.02197
0.920812
0.997247
0.913398
0.842928
0.954143
0.939468
0.923304
0.845169
0.82483
0.86137
0.815439
0.958476
0.9084
0.881992
0.832923
0.867955
0.878791
0.863601
0.923427
0.826999
0.792594
1.09809
0.848701
0.419037
0.960032
0.637413
1.04136
1.52292
1.02212
1.39219
0.966141
1.39078
1.02551
1.38647
1.02812
0.887512
0.962665
0.963626
1.00017
1.09141
1.18018
1.15345
1.06319
1.40216
1.01439
1.00771
1.12042
1.20157
1.04668
0.9174
0.982461
0.784513
1.1295
0.781456
1.09419
1.13607
0.989649
0.915603
0.962172
0.824726
0.978565
1.08619
0.970494
0.432867
1.00398
0.650641
0.976052
1.29822
0.95174
1.20261
0.936161
1.23258
1.05443
1.19723
1.0245
0.889403
1.06656
0.931209
1.04215
0.993294
1.01838
1.15063
1.05894
1.34098
0.985815
0.887171
1.12856
1.06851
1.16652
0.932498
0.968525
0.883119
0.854454
0.942232
0.875992
1.20543
0.881058
0.995699
0.875399
0.796715
0.900569
0.900403
0.834022
0.928731
0.868571
0.925087
0.941798
0.938903
0.830928
0.894544
0.873865
0.90027
0.833781
0.839648
0.879011
0.94862
0.991094
0.940608
0.945604
0.966023
0.909587
0.910618
0.910854
0.757627
0.906343
0.825411
0.953213
0.886291
0.972974
0.909676
0.832691
0.976662
0.845226
0.917058
0.86869
0.863992
0.844511
0.905136
0.848058
0.902635
0.945906
0.956024
0.834354
0.911712
0.847372
0.863507
0.812142
1.04496
0.886486
0.912422
0.911212
0.780281
0.769486
0.883006
1.0088
1.03111
0.955475
0.878945
0.851533
0.881441
0.988764
0.914028
0.880399
0.796283
0.799427
0.950136
1.00742
0.948155
0.965934
0.87782
0.873402
0.976783
0.917408
0.981223
0.817633
0.91634
0.870833
0.888303
0.969338
0.798121
0.940032
0.858826
0.944789
0.915812
0.887373
0.775597
0.713649
0.815794
0.940795
0.904161
0.938225
0.941719
0.846571
0.884775
1.07939
0.905299
0.902826
0.782821
0.799354
0.769666
0.922499
0.93765
0.951586
0.95727
0.862556
0.958727
0.955307
1.07583
0.927095
0.935378
0.859936
0.93954
0.934035
0.972479
0.969087
0.890967
0.953725
0.939216
0.938763
0.913891
0.810343
0.847618
0.913178
0.929784
0.931541
0.912545
0.858898
0.806037
1.01051
0.847049
0.935828
0.831836
0.878378
0.799487
0.908981
0.797321
0.80674
0.890231
0.880357
0.91831
0.893516
0.91904
0.824744
0.885799
0.842665
0.949281
0.878378
1.01242
0.901234
0.923809
0.914217
0.965547
0.931093
0.987097
0.923385
0.933954
0.912935
0.843588
0.946169
0.880566
0.947086
0.826977
1.00184
0.860828
0.974448
0.946474
0.901783
0.924856
0.976062
0.889411
0.827121
0.730797
0.696391
0.714144
0.834658
0.916994
0.918545
0.942373
0.906555
0.86704
0.938214
0.99191
0.900987
0.786628
0.798189
0.895366
0.908656
0.993995
0.877188
1.01589
0.914368
1.00969
0.981737
0.888229
0.836009
0.810066
0.941316
0.870833
1.0175
0.956855
0.968876
0.822052
0.960098
0.838563
0.975928
0.83997
0.835737
0.759021
0.977233
1.22605
0.90241
0.471511
0.971655
0.575692
1.00746
1.46451
1.03402
1.3826
0.930451
1.37517
0.95308
1.41919
1.04244
0.91522
1.00531
1.01605
1.06083
1.08188
1.01834
1.1343
1.03786
1.47119
1.12004
1.03577
1.08216
1.21052
1.13015
0.998283
1.06862
0.82045
0.985761
0.712496
1.03272
1.15168
1.09385
1.04063
1.03143
0.807725
0.974929
1.06138
0.992801
0.465254
1.0463
0.617046
0.951628
1.27312
1.00451
1.24174
1.04866
1.24088
1.02943
1.19455
0.972085
0.897031
0.984
0.954637
1.02339
1.05612
1.01952
1.05289
0.990271
1.34585
1.0923
0.953738
1.10129
1.05355
1.12644
1.00237
1.04254
0.951486
0.866507
0.904354
0.808156
1.18777
0.901916
1.02055
0.929982
0.801247
0.91759
0.886991
0.917821
0.916657
0.911108
0.833667
0.965132
0.893475
0.894914
0.882414
0.875372
0.823089
0.814749
0.750025
0.889261
0.870369
0.926059
0.910279
0.945038
1.06787
0.945866
0.997998
0.864079
0.937693
0.896147
0.902044
0.908009
0.777838
0.912952
0.845977
0.964957
0.99674
1.05547
0.978202
0.858531
0.89945
0.887169
0.909881
0.800327
0.735001
0.805298
0.770353
0.989774
0.924353
0.974359
0.897445
1.01125
0.947204
0.820997
0.805909
0.794606
0.841069
0.804867
0.810236
0.865044
0.971218
0.887753
0.884923
0.937933
0.953922
0.929907
0.93454
0.884299
0.967879
0.904404
0.973084
0.963998
0.846865
1.00427
0.913238
0.902512
0.956889
0.914673
1.04219
0.942394
0.897951
0.93356
0.906089
0.886297
0.775839
0.830065
0.794987
0.852882
0.833313
0.888004
0.935204
1.01188
0.950934
0.841183
0.795235
0.828212
0.940198
0.886575
0.876992
0.840989
0.812162
0.793319
0.792577
0.795497
0.906045
0.833498
0.927583
0.992803
0.987494
1.08928
0.982342
0.938968
0.906482
1.01252
0.933198
0.850282
0.874202
0.817825
0.941172
0.949312
0.96046
0.867935
0.931951
0.938521
0.869238
0.962748
0.857779
0.857683
0.81309
0.850016
0.876732
0.918822
1.0138
0.915426
0.918335
0.885148
0.909873
0.82335
0.869295
0.860726
0.880985
0.855254
0.839181
0.809389
0.783097
0.87269
0.925851
0.999618
1.0648
0.96532
0.9599
0.9629
0.951844
0.992973
0.901019
0.90042
0.816588
0.867722
0.801685
0.905673
0.757225
0.901873
0.854181
0.959725
0.97442
0.916868
0.934339
0.92825
0.986443
0.86963
0.821707
0.665027
0.833626
0.914341
0.991565
0.974805
0.937871
0.86946
0.847282
0.858016
0.898215
0.839716
0.859677
0.810376
0.822278
0.695215
1.0032
0.893335
0.988114
1.05761
0.920207
0.956745
0.945592
0.960266
0.848849
0.936425
0.765192
0.770375
0.858655
0.852412
0.868451
0.939222
1.02221
1.01403
0.962679
0.917079
0.879468
0.831559
1.05198
0.851525
0.918561
0.716186
1.20263
0.894679
0.433854
1.06207
0.641181
1.08188
1.45076
0.968151
1.35983
0.88879
1.40274
0.97772
1.35242
0.965488
0.83473
1.06554
1.00106
1.22398
1.03587
1.16554
1.05242
1.12476
1.47539
1.02686
0.938339
0.974802
1.17302
1.10318
1.01567
1.12464
0.928162
1.18715
0.771214
1.05195
1.10527
1.00141
0.982942
0.959686
0.865881
0.967117
1.16815
0.948371
0.435542
0.969361
0.700079
0.95952
1.30829
0.988818
1.2045
1.00883
1.25205
1.04198
1.27363
1.02738
0.827128
1.01238
0.905904
1.107
1.0533
1.04823
1.06814
1.02887
1.35798
1.08969
0.944861
1.16247
1.07282
1.0965
0.960364
1.01119
0.972398
0.903043
0.979075
0.799008
1.21122
0.868186
1.02476
0.880346
0.807324
0.872726
0.8491
0.858766
0.824108
0.82704
0.808428
0.975751
0.906604
0.994155
1.06628
0.974787
0.865868
0.950301
0.843822
0.873383
0.835594
0.771004
0.817096
0.934702
0.929407
0.94284
0.902333
1.00912
0.929374
0.992286
0.923913
0.926113
0.911124
0.951362
0.889724
0.841866
0.844274
0.910199
0.920858
0.891533
0.956678
0.818466
0.905015
0.755176
0.911976
0.839347
0.896108
0.93604
0.957936
0.908888
0.973017
0.964865
0.870097
0.842969
0.901793
0.837528
0.82641
0.774515
0.8521
0.866541
0.979854
0.995743
0.972071
0.989637
0.918334
0.878376
0.86222
0.898692
0.961002
0.899614
0.912215
0.870491
0.850627
0.960794
1.00035
0.927918
0.931063
0.853481
0.882054
0.785635
0.841975
0.896263
0.838083
0.889905
0.935129
0.909053
1.01162
0.965373
0.906008
0.730788
0.8789
0.793233
0.854928
0.775543
0.749274
0.844553
0.818516
0.912558
0.924238
0.970034
0.970022
1.0172
0.976914
0.934992
1.02281
0.915276
0.947603
0.997038
0.900753
0.990774
0.920748
0.97348
0.971186
0.968123
1.0257
0.918177
0.926786
0.902284
0.820205
0.802175
0.881232
0.800995
1.02409
0.875536
0.895129
0.830918
0.850778
0.929791
0.829963
0.822496
0.761415
0.786774
0.801124
0.842904
0.901201
0.849603
0.875581
0.833114
0.840077
0.957806
0.998206
1.10205
0.956433
0.858852
0.972326
0.980827
1.04292
0.957374
1.01926
0.918639
0.896025
0.979929
0.931561
0.941693
0.851982
0.883195
0.946423
0.877817
0.972823
0.825651
0.831801
0.744323
0.940614
0.871742
0.893166
0.747959
0.883239
0.904497
0.919506
0.927711
0.860267
0.798691
0.730102
0.849903
0.887266
0.956893
0.809243
0.878318
0.865998
0.941689
0.93766
1.00851
0.923016
0.843353
0.924355
1.06135
0.973191
0.848667
0.921901
0.91693
0.847274
0.906543
0.819143
0.829119
0.846413
0.816963
0.885554
0.842358
0.992087
0.894369
1.01952
0.955985
1.00293
0.890848
0.867112
0.813765
0.792574
0.948355
0.856718
0.886617
0.81452
0.930338
0.851115
0.931859
0.986664
1.27308
0.936665
0.444406
1.00379
0.657482
1.03899
1.48877
1.00186
1.32238
0.98212
1.4217
0.994403
1.3427
0.979082
0.899964
1.05645
0.985194
1.0442
1.03404
1.11472
1.05349
1.06612
1.40634
1.06161
0.958152
1.06858
1.23875
1.12739
1.04931
1.01132
0.861326
1.04901
0.800689
1.10759
1.13055
0.937834
1.03134
0.986779
0.842589
0.947213
1.13666
0.985662
0.442223
1.05119
0.626016
0.972921
1.2782
0.964829
1.15775
0.984925
1.22953
1.01596
1.22059
1.07053
0.803726
1.04426
0.885399
0.976083
1.02383
1.05684
1.09483
1.08079
1.33928
1.1197
0.996662
1.14238
1.12077
1.14301
0.988534
1.00864
0.927605
0.851856
0.961068
0.845271
1.1773
0.876286
0.994333
0.933178
0.79449
0.841618
0.94958
0.853662
0.888452
0.880176
0.81759
0.822938
0.835716
0.889308
0.861215
0.93511
0.808367
0.909346
0.863203
1.0288
0.913873
0.987694
0.809642
0.887004
0.853288
0.982272
0.903437
0.978633
0.92759
0.956468
0.922096
0.927397
0.922449
0.964583
0.892027
0.894047
0.905326
0.869419
0.936847
0.86116
0.845732
0.866786
0.974338
0.921832
0.844617
0.873257
0.857122
0.888356
0.841307
0.959685
0.908639
0.930058
0.810885
0.906453
0.896042
0.846757
0.906771
0.891155
0.888801
0.931657
0.872714
1.0008
0.891142
0.950944
0.865595
0.789075
0.741976
0.78586
0.88184
0.948012
0.879113
0.925286
1.04026
1.02507
0.927065
1.04194
0.940479
0.876828
0.911581
0.84188
0.776596
0.829323
0.839348
0.889669
0.883724
1.05695
0.979441
1.11238
0.852923
0.946028
0.830364
0.875601
0.853375
0.841189
0.874574
0.845203
0.817064
0.946633
0.921588
0.973354
0.908041
0.915266
0.985397
0.959556
0.918517
0.832952
0.865179
0.743095
0.930268
0.927014
0.954751
0.981833
0.970379
0.932426
0.901392
0.944132
0.936214
0.842346
0.860229
0.83909
0.874138
0.913118
0.899815
0.897086
0.874888
0.915626
0.952789
0.913399
0.914037
0.822276
0.835719
0.827814
0.911355
0.926801
0.84406
0.82708
0.765994
0.926553
0.916904
0.979126
0.903159
0.875622
0.82877
0.923664
0.943881
0.951182
1.02782
0.877886
0.868361
0.958092
0.82969
0.909816
0.896277
0.938081
0.881254
0.961455
0.936191
0.913785
0.876855
0.841363
0.856778
0.921653
0.897448
0.897284
0.83559
0.881297
0.803169
0.847314
0.932537
0.87151
0.841403
0.814826
0.817177
0.95254
1.01196
0.986446
0.871598
0.90178
0.883896
0.806006
0.974082
0.967021
0.992836
0.966656
0.936879
0.938774
0.893476
0.989286
0.883844
0.8469
0.91156
0.785831
0.964775
0.927725
0.856466
1.01751
0.869981
0.964358
0.855074
0.8691
0.796177
0.776025
0.911548
0.871785
1.0279
0.978668
0.931632
0.889148
0.912464
1.01838
0.896633
0.920428
0.7548
0.751633
0.954349
1.23465
0.957026
0.467417
1.03736
0.603812
1.00821
1.54902
0.99175
1.46474
0.992442
1.37112
0.968055
1.34672
0.981379
0.861436
0.971273
0.994165
1.00894
1.08171
1.02808
1.11899
1.04283
1.45047
1.09271
0.996153
1.07875
1.13565
1.08503
0.971661
1.0626
0.916611
1.05877
0.744445
1.04249
1.15043
1.01419
1.01775
0.978857
0.786144
0.999616
1.08063
0.964195
0.427177
1.04033
0.656597
0.954597
1.39073
0.958334
1.25305
1.01443
1.26596
1.00632
1.27231
0.974526
0.805914
0.978265
0.947863
0.986214
1.04805
1.02463
1.06949
1.03638
1.35964
1.07744
0.956687
1.13425
1.08268
1.12974
0.994662
1.05958
0.847961
0.91403
0.856636
0.860029
1.23093
0.892126
0.961909
0.90697
0.827793
0.926185
0.973858
0.855844
0.791989
0.950047
0.870732
0.823839
0.95489
0.886222
0.928863
0.834818
0.945265
0.815057
0.933363
0.831174
0.922998
0.835346
0.857158
0.872197
0.858472
0.956771
0.965373
0.965424
0.977634
0.943158
0.860133
0.966248
0.884946
0.892818
0.858527
0.915573
0.837956
1.00122
0.88914
0.971907
1.07121
0.906692
0.960743
1.02407
0.944705
0.866565
1.0086
0.876806
0.901549
0.992496
0.88033
0.822421
0.926234
0.812069
0.857393
0.852998
0.910957
0.854886
0.838888
0.935449
0.913205
0.949946
0.970018
0.887675
0.826949
0.858915
0.946601
0.924158
0.937764
0.870025
0.880671
0.949385
0.929631
0.991055
0.890854
0.888806
0.893983
0.908276
0.865084
0.894949
0.951335
0.908671
0.963311
1.06047
0.908595
0.90244
0.957389
0.877761
0.977768
0.840382
0.951967
0.769295
0.890371
0.911862
0.836414
0.932079
0.881869
0.938974
0.822834
0.870537
0.853522
0.85527
0.914138
0.947775
0.954595
0.846635
1.04178
0.893621
0.926008
0.877197
0.915104
0.84056
0.869289
0.925451
0.801606
0.870375
0.791026
0.883131
0.761405
0.959058
0.954639
1.0317
0.999668
0.935575
0.938959
0.824053
0.908498
0.804025
0.818996
0.90535
0.820672
0.976692
0.936688
1.00987
1.08108
0.899155
0.977016
1.00842
0.940703
0.794873
0.927503
0.791793
0.84339
0.929686
0.917012
0.956637
0.957351
0.93778
0.881553
0.931537
0.974852
0.893929
0.855733
0.868739
0.811958
0.801569
0.835334
0.800104
0.808596
0.87871
0.970903
0.884938
0.987237
0.899418
0.893431
0.847817
0.963218
0.828485
0.986876
0.86748
0.97587
0.928414
0.917391
0.896678
0.955194
0.936805
0.864674
0.999577
0.884092
0.85524
0.940178
0.896679
0.879509
0.853281
0.841741
0.874691
0.877501
0.88359
0.932034
1.01355
0.916762
1.01647
0.891739
0.826765
0.929681
0.841493
0.882509
0.814249
0.750363
0.792444
0.836467
0.825749
0.879961
0.924285
0.986049
0.896812
1.0136
0.866215
0.922567
0.874507
0.935612
0.92274
0.811927
1.22708
0.836785
0.443991
0.944016
0.686318
1.05673
1.49272
1.08639
1.40221
0.973089
1.33005
0.97641
1.37136
1.03272
0.932073
1.07314
1.03021
1.10313
1.0639
1.11831
1.0274
1.00017
1.40085
1.04786
0.949549
1.05982
1.16255
1.13922
0.974898
1.03314
0.753317
1.13232
0.803576
1.15583
1.15124
0.95635
0.946081
0.953055
0.893074
0.969505
1.10294
0.955896
0.474798
0.9801
0.721418
1.02247
1.3053
1.01948
1.21475
1.0086
1.19008
1.05238
1.19304
1.06328
0.903624
1.06918
0.963523
0.977732
1.03645
0.996611
1.05
0.957484
1.24349
1.0418
0.909892
1.13971
1.08857
1.16342
1.01147
0.980084
0.88838
0.810485
0.964541
0.78896
1.19706
0.848383
0.919541
0.879278
0.815786
0.869958
0.830147
0.957021
0.849232
0.914019
0.846687
0.901477
0.925674
0.894403
0.974234
0.923562
0.946386
0.860363
0.993781
0.929793
0.859905
0.962591
0.842577
0.888587
0.911362
0.936544
0.971276
0.910466
0.938992
0.82016
0.807642
0.834727
0.795309
0.868197
0.814413
0.940613
0.869881
1.00196
0.851859
0.869342
0.873342
0.936909
0.853284
0.891073
0.85226
0.812012
0.787163
0.903834
0.898971
0.893984
0.987378
0.930011
0.928531
0.945415
0.857823
0.881211
0.836184
0.764474
0.938052
0.880581
0.99219
0.847726
1.05637
0.903805
0.956302
0.887561
0.883533
0.796555
0.863155
0.928324
0.835574
0.922884
0.86035
0.931471
0.922396
0.948287
0.92829
0.976286
0.891791
0.936014
0.83938
1.04765
0.889925
0.965509
0.985638
0.928248
0.923644
0.864909
0.957211
0.914952
0.957877
0.816722
0.850085
0.809457
0.908683
0.780872
0.864599
0.898733
0.972752
1.00768
0.991932
0.856667
0.832568
0.963708
0.939823
0.916087
0.932702
0.84695
0.886486
0.968178
0.995418
0.94397
0.903862
0.917013
0.881117
0.967654
0.917881
0.892581
0.814564
0.859355
0.832966
0.896182
1.01285
0.94382
0.932038
0.923751
0.923163
0.804004
0.897143
0.839904
0.867726
0.82152
0.826105
0.903505
0.913994
0.894455
0.826471
0.861745
1.0203
1.00875
1.04035
0.96548
0.792885
0.904007
0.892623
1.00547
0.884847
0.880813
0.848377
0.928827
0.983053
0.953068
0.904862
0.886014
0.806934
0.847465
0.906555
1.00998
0.937055
0.897065
0.908913
0.844311
0.980517
0.876589
0.991303
0.801165
0.931702
0.821939
0.849866
0.89921
0.83307
0.858989
0.847507
0.910409
0.973563
0.922689
0.88165
0.843625
0.875227
0.956377
0.943134
0.945487
0.836157
0.850093
0.904169
0.995747
0.999414
0.943889
0.859329
0.872275
0.903273
0.82655
0.934514
0.940801
0.870695
0.787535
0.788829
0.837558
0.977266
0.940473
1.01458
0.933068
0.907773
0.850759
0.897875
0.867512
0.789369
0.772296
0.851775
0.846275
1.15965
0.839228
0.359487
0.96878
0.66595
1.09751
1.47684
1.10692
1.38035
1.03358
1.43838
0.997819
1.3469
0.968513
0.865077
1.01981
0.995308
1.06241
1.037
1.14632
1.08331
1.10632
1.45861
1.08526
1.01696
0.985803
1.16087
0.958929
0.987424
1.02771
0.898202
1.13457
0.754365
1.0517
1.10675
1.00315
0.916748
0.96355
0.806618
0.954942
1.01816
0.930371
0.433855
1.05005
0.711238
0.998847
1.3173
0.987375
1.22572
0.993419
1.22591
1.00489
1.257
0.995525
0.877358
1.06284
0.949622
1.05299
1.08943
1.07055
1.07964
0.960814
1.31691
0.984188
0.888014
1.08339
1.05349
1.10739
0.962554
1.03513
0.889984
0.946436
0.96498
0.849607
1.20932
0.839741
0.928822
0.859328
0.847296
0.906482
0.817287
0.888406
0.858039
0.941163
0.844251
1.00198
0.903628
0.845288
0.968861
0.851723
0.874262
0.949233
0.854728
1.04742
0.832394
0.956939
0.830037
0.931089
0.882499
0.910428
0.84035
0.81574
0.848287
0.859936
0.917077
0.882519
0.868647
0.88868
0.789307
0.877577
0.771981
0.855013
0.877598
0.958059
0.999774
1.00691
0.993165
0.942489
0.886894
0.908671
0.829083
0.847723
0.908425
0.765639
0.832808
0.952713
0.959679
0.961326
1.02813
0.993918
0.988466
0.922047
1.04694
0.868015
0.917501
0.815788
0.854908
0.811371
0.861584
0.862502
0.871055
0.973599
0.90739
0.945905
0.99775
0.924476
0.928996
0.915516
0.786406
0.828079
0.779067
0.968142
0.821223
0.825654
0.886672
0.928559
1.00063
1.07745
0.954501
0.984589
0.829234
0.91461
0.855304
1.0088
0.82605
0.901131
0.98408
0.933769
1.04961
0.889693
0.916326
0.877017
0.945694
1.04331
0.952144
0.960119
0.830867
0.938957
0.910431
0.820825
0.869514
0.787872
0.862115
0.8129
0.920082
0.931657
0.968547
1.05332
0.919876
0.90351
0.792686
0.95637
0.865514
0.922267
0.824032
0.83455
0.880146
0.877891
0.965426
1.05609
1.06294
0.981516
0.927968
0.880872
0.868426
0.783242
0.940191
0.87887
0.991991
0.905067
0.973999
0.927015
0.96341
1.01233
0.939062
0.797108
0.737829
0.755263
0.801786
0.777763
0.873292
0.929286
0.969015
0.958485
0.858501
0.887445
0.833574
0.953768
0.96684
0.923957
0.869812
0.832246
0.925559
1.04687
0.979525
0.994822
0.85955
0.879509
0.828098
0.893906
0.921157
0.959275
0.986351
0.926967
0.855821
0.837069
0.840117
1.00675
1.00834
1.02479
0.874963
0.899372
0.794171
0.818608
0.887683
0.770478
0.828109
0.825259
0.809079
0.828278
0.898885
1.05681
1.00657
1.05761
0.998784
0.816221
0.875187
0.821609
0.951495
0.888062
0.905076
0.805187
0.809486
1.00826
0.996169
0.983567
1.01097
0.917485
0.933902
0.787557
0.888997
0.725773
0.938971
0.919891
0.880818
0.897135
0.74359
0.851448
0.861954
1.23006
0.898221
0.443
0.996738
0.665043
1.02595
1.50623
1.02193
1.38111
0.908528
1.36203
0.898648
1.32645
0.997253
0.914414
1.0685
1.01247
1.10787
1.08567
1.13613
1.13046
1.01895
1.40582
0.9577
0.96988
1.06208
1.12931
1.10083
0.977283
1.1092
0.858145
1.06644
0.742078
0.961995
1.17122
0.97898
1.00169
0.959786
0.768811
0.912958
1.12052
0.994576
0.538118
1.10698
0.768916
0.979706
1.31441
0.973221
1.13944
0.968427
1.18172
0.980205
1.21126
1.03109
0.913698
1.09366
1.00408
1.04754
1.00242
0.998279
1.0199
0.991662
1.2314
1.04435
0.861299
1.14464
1.03983
1.08215
0.977171
1.01667
0.92593
0.872281
0.897147
0.782628
1.20171
0.887151
1.02261
0.92677
0.834316
0.897757
0.942586
0.94899
0.915864
0.91847
0.91956
0.873947
0.9855
0.882621
1.02123
0.895964
0.995601
0.897756
0.948567
0.911422
0.852136
0.89562
0.853822
0.866847
0.88435
0.891888
0.848473
0.840468
0.962224
0.887451
0.84893
0.87038
0.76258
0.817018
0.791606
0.862908
0.91398
0.994684
0.903223
0.815819
0.917685
0.93837
0.919665
0.883399
0.804504
0.791781
0.828731
0.849316
0.86569
0.779994
1.05311
0.958967
1.07402
1.06803
1.01655
1.00031
0.916126
0.853981
0.810136
0.848456
0.822261
0.724668
0.833545
0.801344
1.00682
0.976898
0.986696
0.945996
0.873175
0.924275
0.881277
0.849714
0.880671
0.704171
0.821451
0.765537
0.908012
1.0616
0.962978
0.935587
0.816944
0.923995
0.855876
0.833108
0.908401
0.788175
0.934694
0.838451
0.898866
0.867888
0.912758
0.9962
0.945022
1.04425
0.993055
0.969137
0.988542
0.816885
0.85509
0.929807
1.06166
0.850566
0.7874
0.738835
0.800397
0.954157
0.988044
0.900519
0.899131
0.904584
0.879469
0.99173
1.00087
0.931221
0.752797
0.74967
0.768357
0.816843
0.955673
0.87245
0.775752
0.85362
0.854797
0.958395
0.979439
0.940863
0.888354
0.849553
0.844945
0.803944
0.919653
0.876271
0.883962
0.894342
0.95588
0.989721
1.03496
0.899619
0.921951
0.922693
0.945461
0.780605
0.645998
0.579706
0.616696
0.954142
1.05771
1.24812
1.03565
1.16747
1.00201
1.02987
1.4111
0.971919
0.384815
0.984603
0.572905
1.08353
1.63147
1.11571
1.49478
0.996119
1.51214
1.02319
1.48139
1.02717
0.953473
1.07232
0.995954
1.0938
1.04748
1.1388
1.17905
1.07168
1.58551
1.06769
1.03929
1.05688
1.22591
1.1111
1.01144
1.0933
0.765005
1.09231
0.714118
1.09796
1.32053
1.1145
1.12342
1.04281
0.877426
1.04665
1.19503
1.05909
0.377664
1.03883
0.63002
1.03816
1.42661
1.08715
1.31445
1.07548
1.31067
1.07628
1.23599
1.00967
0.87746
1.09036
0.984475
1.11544
1.04891
1.03525
1.09842
1.03859
1.37701
1.04988
0.909422
1.10895
1.09129
1.2646
1.02322
0.760362
0.985677
0.722113
1.02585
1.17621
1.25462
1.18061
0.987546
1.20317
0.816385
1.20649
1.06097
0.911903
0.990186
0.960359
1.00902
1.02182
1.08022
1.05015
1.04067
1.42477
1.03999
1.01256
1.02463
1.18632
1.07078
0.967475
1.0939
0.807154
1.1522
0.726741
1.02795
1.19664
1.00004
0.96999
0.991297
0.838454
1.03515
1.12939
1.02038
0.374364
1.04821
0.655605
1.01383
1.32073
1.00023
1.22643
1.04794
1.28573
1.00916
1.199
0.976067
0.842076
1.02074
0.938329
1.06783
1.00902
1.06511
1.07301
1.07025
1.34929
1.13042
0.913027
1.14478
1.09069
1.10745
0.994005
1.02242
0.897196
0.851797
0.852807
0.803117
1.18878
0.893415
0.926517
0.937657
0.803146
0.941681
1.01135
0.892339
0.8852
1.01396
0.965683
0.953827
0.974834
0.811678
0.886406
0.848737
0.940578
0.913451
0.878399
0.98489
0.878505
0.974306
0.905129
1.05279
0.906373
1.03456
0.939004
0.939509
0.934102
0.923637
0.841009
0.846313
0.892715
0.809324
0.859233
0.86692
0.844121
0.888145
0.873305
0.798758
0.907063
0.820726
0.816084
0.850578
0.842059
0.930533
0.904215
0.957835
0.895369
0.862715
0.916538
0.842261
1.00731
0.997408
0.931318
0.921823
0.886592
0.988726
0.926919
1.11142
0.882842
0.846586
0.757862
0.903264
0.846735
0.976971
1.04703
1.01386
0.964442
1.08125
0.94496
0.940717
0.88431
0.791289
0.799857
0.832116
0.795982
0.769535
0.869834
0.833617
0.992534
1.05072
1.02723
0.968053
0.848315
0.798505
0.915623
0.879911
0.917395
0.847913
0.729809
0.473516
0.800538
0.825323
0.98653
1.23498
1.04995
1.18807
0.994214
1.14988
0.977543
0.983079
0.889693
0.790544
0.908984
0.966318
1.08523
1.11018
1.04701
1.14702
1.03024
1.20452
0.982345
0.791168
0.919191
1.00241
1.0452
0.904893
0.8654
0.867112
0.931945
0.971236
1.01326
0.997606
0.858625
0.700412
0.86435
0.799815
0.932671
0.861258
0.821203
0.586843
0.708581
0.807119
0.778936
1.05107
0.915848
1.04722
0.98861
1.05602
0.999862
0.975322
1.00896
0.855928
0.997494
0.984294
0.980263
0.875227
0.87276
0.948873
0.953046
1.07599
1.03919
0.833473
0.926638
1.06372
1.09822
1.01487
0.92144
0.788367
0.732444
0.814664
0.769081
0.90359
0.790696
0.809261
0.776633
0.872537
0.877423
0.851056
0.779052
0.789745
0.806619
0.871555
0.872049
0.865531
0.769548
0.912023
0.966953
1.00546
1.01975
0.923788
0.943831
0.822243
0.886277
0.92833
0.935832
0.856287
0.810811
0.869057
0.903254
1.00847
0.933336
1.00162
0.842335
0.920845
0.958732
0.874596
0.784652
0.832411
0.805069
0.820418
0.852647
0.875986
0.844035
0.882556
0.830919
0.930684
0.866362
1.00734
1.20926
0.936494
0.451922
1.02714
0.668066
1.09117
1.51017
0.985649
1.36549
0.913152
1.48896
1.05032
1.46064
1.03436
0.875307
1.05477
1.02412
1.13404
0.996727
1.0695
1.0541
1.04539
1.43853
1.07734
0.93446
1.08047
1.17915
1.15095
0.987628
1.08105
0.893365
