0.522067
0.544886
0.564616
0.574792
0.562168
0.656617
0.874003
0.738567
0.737194
0.67765
0.629608
0.583967
0.512436
0.45335
0.483544
0.527377
0.591848
0.69928
0.705927
0.603259
0.592329
0.535625
0.464785
0.52055
0.554275
0.529364
0.565486
0.609317
0.627795
0.655463
0.671943
0.743976
0.794742
0.722182
0.675376
0.58906
0.595431
0.583021
0.583332
0.585372
0.613482
0.623681
0.663853
0.640063
0.633139
0.567395
0.53178
0.495621
0.52525
0.566154
0.580103
0.632631
0.675127
0.627247
0.695117
0.714076
0.757661
0.591998
0.610353
0.606641
0.591173
0.57718
0.590947
0.594044
0.642022
0.660121
0.679398
0.612406
0.586353
0.528211
0.492298
0.48955
0.494495
0.546967
0.577423
0.580462
0.635169
0.651311
0.691279
0.7597
0.715084
0.655117
0.595552
0.575914
0.565914
0.555316
0.551959
0.574212
0.630528
0.662985
0.709097
0.64883
0.63213
0.554031
0.507841
0.475279
0.517209
0.557208
0.571394
0.606994
0.643676
0.666874
0.681182
0.757441
0.763767
0.618436
0.605762
0.590262
0.572352
0.564343
0.571136
0.580876
0.636566
0.62938
0.631103
0.665352
0.649532
0.604633
0.557815
0.542421
0.526464
0.564273
0.556419
0.574173
0.603815
0.692575
0.730337
0.764628
0.823783
0.637899
0.617612
0.551189
0.529788
0.539439
0.580605
0.585454
0.642659
0.665436
0.667446
0.655087
0.601414
0.544423
0.518642
0.525312
0.511869
0.571619
0.614184
0.666998
0.692765
0.757501
0.814367
0.662521
0.641444
0.564014
0.53894
0.518067
0.543601
0.560702
0.625053
0.66038
0.662239
0.664376
0.630822
0.552889
0.527748
0.505372
0.484964
0.547242
0.57845
0.582599
0.646528
0.670334
0.71037
0.796759
0.72437
0.680903
0.616696
0.607562
0.566005
0.559641
0.564905
0.594351
0.618994
0.637517
0.656078
0.617468
0.625145
0.578085
0.536202
0.511238
0.525421
0.534313
0.564667
0.569322
0.6153
0.702886
0.724368
0.783641
0.791027
0.69115
0.60783
0.562316
0.5038
0.533969
0.559426
0.578566
0.612576
0.666061
0.658609
0.638916
0.62945
0.566169
0.534949
0.507555
0.504176
0.544431
0.584504
0.571959
0.636619
0.665449
0.716556
0.815594
0.809091
0.703709
0.606722
0.570437
0.529858
0.543603
0.544716
0.557874
0.616972
0.641365
0.684827
0.656274
0.627344
0.575816
0.523578
0.487705
0.517659
0.546755
0.572968
0.584709
0.635657
0.664799
0.68747
0.782222
0.74723
0.749607
0.616824
0.583117
0.560173
0.591791
0.554113
0.557249
0.601678
0.631728
0.646326
0.620642
0.575981
0.57513
0.55451
0.524264
0.585583
0.583516
0.630652
0.73448
0.759372
0.681613
0.595411
0.621207
0.549146
0.56411
0.578497
0.571073
0.592939
0.644646
0.656487
0.677162
0.603693
0.571373
0.534572
0.506092
0.582078
0.655976
0.806655
0.729306
0.695016
0.628074
0.643009
0.579792
0.54697
0.520651
0.539548
0.595566
0.631849
0.642067
0.787469
0.668773
0.554485
0.498173
0.493756
0.53111
0.559747
0.552649
0.589407
0.638549
0.71662
0.836474
0.804705
0.728364
0.535523
0.584002
0.511497
0.541268
0.551527
0.557455
0.586283
0.628785
0.651318
0.646051
0.668897
0.589627
0.544464
0.490234
0.533982
0.545689
0.570653
0.564321
0.621545
0.690868
0.757586
0.846727
0.828765
0.721776
0.613199
0.563368
0.513818
0.521579
0.534766
0.537396
0.59725
0.64292
0.664467
0.640633
0.615811
0.58515
0.52428
0.525054
0.508165
0.539654
0.577364
0.600911
0.625906
0.731778
0.766383
0.786844
0.78533
0.729339
0.575062
0.592833
0.526952
0.534767
0.564428
0.557698
0.617557
0.637803
0.632491
0.638639
0.590215
0.536838
0.506011
0.54476
0.581183
0.577943
0.617734
0.67387
0.766894
0.784497
0.724692
0.620441
0.614303
0.550316
0.537459
0.527344
0.559196
0.615807
0.658834
0.658465
0.634171
0.64151
0.577227
0.521101
0.498384
0.519365
0.559401
0.64327
0.594548
0.668994
0.673408
0.763814
0.886342
0.699318
0.690008
0.615713
0.564147
0.494355
0.543759
0.544669
0.603534
0.661219
0.66475
0.675826
0.639232
0.582269
0.545928
0.509136
0.487491
0.559837
0.590781
0.583018
0.64212
0.71418
0.729574
0.808532
0.812
0.747875
0.714945
0.600507
0.58375
0.522103
0.562584
0.585162
0.620813
0.666786
0.681828
0.667217
0.620267
0.590339
0.567496
0.545374
0.507889
0.551875
0.5602
0.598191
0.59055
0.627676
0.601525
0.730883
0.770413
0.738777
0.666493
0.631857
0.56672
0.510607
0.532871
0.530437
0.560291
0.593308
0.610992
0.718724
0.669449
0.602684
0.556113
0.511303
0.521865
0.559249
0.606925
0.606419
0.69391
0.759454
0.83387
0.701141
0.646009
0.575534
0.557807
0.500016
0.523574
0.571259
0.6009
0.635706
0.66072
0.687839
0.620774
0.551365
0.499289
0.525082
0.597082
0.631543
0.683225
0.763295
0.658029
0.711267
0.626389
0.607142
0.564564
0.559195
0.541413
0.583734
0.599894
0.633382
0.682013
0.629882
0.54617
0.545044
0.533261
0.51887
0.571076
0.594145
0.641305
0.782212
0.850363
0.709624
0.671063
0.645323
0.516846
0.511471
0.521106
0.528592
0.615862
0.689666
0.681622
0.666671
0.684518
0.604696
0.534506
0.474208
0.483444
0.569433
0.618679
0.563926
0.683465
0.687514
0.770544
0.788505
0.77675
0.597211
0.611046
0.561513
0.497692
0.522973
0.553767
0.616296
0.646766
0.699691
0.666743
0.653761
0.581109
0.592215
0.503298
0.492464
0.528528
0.585607
0.600097
0.61283
0.677081
0.725158
0.770317
0.755897
0.689332
0.580808
0.587246
0.52248
0.519372
0.742898
0.57336
0.635791
0.629079
0.637575
0.642569
0.575703
0.555544
0.521777
0.564857
0.571246
0.622824
0.644064
0.611226
0.598897
0.707833
0.667601
0.749528
0.71775
0.620248
0.536812
0.530709
0.506432
0.532656
0.564922
0.622781
0.642779
0.711772
0.672478
0.615243
0.579886
0.521827
0.523401
0.546849
0.573524
0.606783
0.641518
0.714787
0.752669
0.770972
0.652418
0.58994
0.557184
0.519691
0.531129
0.537273
0.579778
0.617916
0.643165
0.67674
0.658907
0.603026
0.558161
0.52679
0.535062
0.563437
0.587488
0.621695
0.636788
0.693592
0.708779
0.757877
0.826863
0.629011
0.610947
0.567631
0.558146
0.546386
0.529421
0.548188
0.60863
0.652714
0.639797
0.659634
0.635663
0.548856
0.5162
0.534088
0.515071
0.56543
0.600417
0.598658
0.627456
0.655936
0.707685
0.707536
0.681272
0.645875
0.604005
0.558086
0.549034
0.571972
0.56716
0.598373
0.619328
0.641125
0.62918
0.620109
0.596827
0.567978
0.537598
0.554363
0.565525
0.604583
0.601607
0.674617
0.67713
0.696073
0.810208
0.68658
0.634658
0.594039
0.566075
0.540061
0.552247
0.559214
0.625473
0.647952
0.655822
0.644967
0.626347
0.570365
0.560585
0.52667
0.509362
0.555052
0.593048
0.598811
0.622587
0.684223
0.731578
0.774258
0.701245
0.69569
0.624259
0.578236
0.527619
0.563249
0.558942
0.605735
0.614606
0.689
0.651377
0.630252
0.568036
0.5379
0.522788
0.546158
0.585922
0.64114
0.688749
0.670355
0.718412
0.717608
0.612785
0.652151
0.587776
0.536493
0.560024
0.590027
0.58809
0.651019
0.633862
0.626769
0.639017
0.587841
0.546566
0.510734
0.512406
0.502104
0.590164
0.639235
0.639236
0.812471
0.793213
0.850904
0.734029
0.599142
0.552098
0.490295
0.493927
0.511105
0.554484
0.597525
0.648633
0.691608
0.71386
0.647952
0.570806
0.469568
0.486638
0.514485
0.553369
0.608162
0.644485
0.759903
0.780732
1.04902
0.868805
0.685501
0.560124
0.547582
0.464729
0.465936
0.461801
0.537782
0.681111
0.721801
0.770217
0.721773
0.616876
0.488241
0.46748
0.442924
0.523052
0.603559
0.653382
0.698296
0.773223
0.815951
0.740123
0.695959
0.591858
0.55491
0.550623
0.5542
0.570707
0.577921
0.631966
0.65234
0.627691
0.612141
0.583312
0.570139
0.516233
0.520362
0.564251
0.58479
0.606947
0.650262
0.675961
0.696349
0.687577
0.665895
0.618482
0.59193
0.569051
0.550122
0.564205
0.580111
0.611612
0.63943
0.635355
0.600058
0.603445
0.573739
0.563366
0.561778
0.564719
0.587208
0.611779
0.639306
0.654309
0.723054
0.717541
0.719054
0.687939
0.64167
0.622934
0.582916
0.532817
0.593338
0.591361
0.629745
0.630287
0.627786
0.6083
0.563187
0.580152
0.548656
0.551138
0.544818
0.545197
0.583867
0.600853
0.625006
0.677551
0.713188
0.743618
0.693046
0.652813
0.643548
0.592341
0.562231
0.544953
0.558939
0.609267
0.623846
0.625087
0.604843
0.584359
0.608706
0.58062
0.540597
0.531613
0.551524
0.575901
0.591421
0.591283
0.662073
0.686585
0.692001
0.691575
0.695222
0.65302
0.559533
0.564028
0.561106
0.601511
0.640747
0.680875
0.697102
0.650371
0.609605
0.572635
0.548852
0.531499
0.536538
0.564944
0.594764
0.622553
0.695233
0.726073
0.685447
0.664276
0.600277
0.595503
0.591602
0.598714
1.22161
0.610213
0.584202
0.561604
0.597176
0.512563
0.460001
0.440438
0.575301
0.679735
0.686024
0.790762
0.719333
0.549827
0.445227
0.51382
0.450195
0.69089
0.815823
0.668845
0.65078
0.587259
0.560886
0.529881
0.534126
0.551008
0.606032
0.647996
0.663646
0.656524
0.610182
0.566506
0.543632
0.546354
0.53471
0.56784
0.574729
0.591423
0.596513
0.608302
0.701487
0.770543
0.733308
0.732081
0.627845
0.606828
0.544227
0.532764
0.530724
0.544342
0.587745
0.646826
0.683484
0.63462
0.609563
0.57145
0.516644
0.506126
0.544981
0.548644
0.57823
0.630768
0.657608
0.702751
0.651191
0.660673
0.66582
0.619833
0.597523
0.61326
0.579455
0.595101
0.603661
0.608324
0.661151
0.647484
0.607766
0.589238
0.580315
0.561893
0.562999
0.569694
0.568705
0.613946
0.664363
0.754691
0.728613
0.682512
0.68932
0.691374
0.628415
0.591108
0.569791
0.559643
0.619109
0.617592
0.636955
0.608229
0.626974
0.594834
0.588035
0.555105
0.549993
0.560672
0.541006
0.537988
0.609931
0.631989
0.716406
0.753925
0.855062
0.731472
0.714654
0.619629
0.585561
0.606163
0.558648
0.544474
0.542946
0.609892
0.638891
0.659305
0.609025
0.594806
0.543234
0.535856
0.529752
0.566913
0.558845
0.578781
0.614305
0.684617
0.675013
0.655138
0.659164
0.675738
0.566187
0.609995
0.638207
0.610437
0.629272
0.634592
0.661598
0.635227
0.581615
0.552026
0.541185
0.547004
0.54544
0.60147
0.599266
0.579791
0.627154
0.618141
0.659933
0.604079
0.690982
0.654308
0.637418
0.606759
0.620194
0.555424
0.589891
0.597127
0.635143
0.620829
0.618324
0.600779
0.600879
0.605699
0.564602
0.579178
0.563266
0.537463
0.613925
0.613799
0.646706
0.731823
0.687376
0.734182
0.712795
0.634348
0.643313
0.598976
0.555547
0.499143
0.541106
0.597052
0.641167
0.63321
0.617035
0.611475
0.566559
0.496891
0.592934
0.571001
0.541758
0.604884
0.59622
0.573459
0.602486
0.579827
0.594543
0.573442
0.615256
0.59982
0.647753
0.651235
0.654863
0.684546
0.668563
0.709845
0.688492
0.735478
0.671262
0.651564
0.54897
0.593329
0.598084
0.585576
0.629971
0.62113
0.64678
0.605238
0.568201
0.551313
0.548839
0.525541
0.568156
0.563309
0.588543
0.598067
0.645074
0.649668
0.639713
0.722322
0.607685
0.774655
0.659018
0.65855
0.588517
0.567103
0.619316
0.593575
0.585315
0.601961
0.635356
0.639218
0.621973
0.597853
0.563902
0.539723
0.56355
0.536384
0.593216
0.654054
0.709597
0.702044
0.68887
0.670099
0.675956
0.613303
0.595968
0.566751
0.542096
0.599783
0.603472
0.61759
0.603719
0.631229
0.548261
0.567789
0.543594
0.559562
0.559853
0.558175
0.547305
0.607568
0.639572
0.683747
0.803739
0.715178
0.636501
0.594386
0.55853
0.531634
0.545236
0.521306
0.548141
0.627955
0.657855
0.67559
0.615868
0.572105
0.575485
0.544128
0.587273
0.685484
0.76158
0.680929
0.705405
0.622905
0.632832
0.57521
0.609181
0.551402
0.556224
0.791186
0.708851
0.714928
0.567638
0.6289
0.669028
0.546596
0.547016
0.542979
0.564559
0.586437
0.603525
0.646802
0.660952
0.701589
0.781652
0.747315
0.789298
0.732761
0.631378
0.50205
0.458312
0.510035
0.535133
0.5656
0.571239
0.691168
0.693718
0.639452
0.543414
0.563946
0.545979
0.497179
0.47536
0.507511
0.564092
0.636401
0.68374
0.767342
0.771801
0.857761
0.755712
0.639261
0.632061
0.538937
0.525765
0.485423
0.485167
0.55442
0.643223
0.656958
0.651785
0.655878
0.577767
0.534027
0.493464
0.479447
0.549889
0.596976
0.604197
0.674631
0.80153
0.790282
0.872071
0.746946
0.560159
0.560123
0.504223
0.491915
0.494615
0.521821
0.593558
0.702865
0.69369
0.678575
0.603084
0.511456
0.49073
0.499233
0.574282
0.669104
0.762866
0.786749
0.689782
0.671245
0.639001
0.60631
0.656643
0.579765
0.570551
0.589135
