1.99507e+06
6.27479e+06
1.10404e+07
1.66059e+07
1.44714e+07
1.08884e+07
1.65962e+07
2.72291e+07
3.05695e+07
2.78813e+07
2.57124e+07
1.41664e+07
1.66006e+07
1.98412e+07
1.96907e+07
2.11502e+07
2.48897e+07
2.64676e+07
2.57252e+07
1.19853e+07
6.02549e+06
7.33991e+06
8.16658e+06
4.85963e+06
6.87271e+06
1.44078e+07
1.50861e+07
1.85274e+07
2.33664e+07
8.4613e+06
7.96327e+06
1.14069e+07
1.22145e+07
9.61349e+06
1.51049e+07
2.02774e+07
1.55329e+07
1.30415e+07
9.30267e+06
1.34044e+07
1.83054e+07
1.66327e+07
1.62387e+07
9.9042e+06
1.0544e+07
1.33675e+07
1.39635e+07
1.55798e+07
1.33039e+07
1.60477e+07
1.62879e+07
2.66944e+07
2.7033e+07
1.86256e+07
1.37957e+07
1.01486e+07
1.62806e+07
2.24983e+07
1.6092e+07
1.16222e+07
6.58485e+06
1.20796e+07
1.77713e+07
1.60196e+07
1.64047e+07
1.08256e+07
1.28666e+07
1.66326e+07
1.60468e+07
1.60099e+07
1.33196e+07
1.07905e+07
6.79124e+06
6.6785e+06
6.10137e+06
1.03053e+07
1.3076e+07
9.31007e+06
6.84512e+06
4.79188e+06
9.07723e+06
1.30944e+07
1.24559e+07
1.2364e+07
8.97702e+06
8.79483e+06
1.06156e+07
1.20102e+07
1.20469e+07
8.94639e+06
8.85546e+06
7.96515e+06
1.28484e+07
1.60285e+07
1.20137e+07
8.41113e+06
4.70255e+06
7.38002e+06
1.24859e+07
1.39709e+07
1.49507e+07
1.07485e+07
9.84403e+06
1.0943e+07
1.44104e+07
1.56442e+07
1.16889e+07
9.83481e+06
7.00584e+06
9.83622e+06
1.54492e+07
1.43061e+07
1.19633e+07
7.85369e+06
8.41505e+06
1.0087e+07
1.37744e+07
1.55776e+07
1.07704e+07
8.05223e+06
6.4023e+06
1.12492e+07
1.5212e+07
1.40789e+07
1.34916e+07
9.6537e+06
1.01477e+07
1.32916e+07
1.44941e+07
1.34451e+07
9.00544e+06
7.98568e+06
6.99338e+06
1.25226e+07
1.6416e+07
1.27836e+07
9.3858e+06
5.41866e+06
7.98468e+06
1.29369e+07
1.46385e+07
1.57036e+07
1.14386e+07
1.00775e+07
1.07265e+07
1.45268e+07
1.5796e+07
1.19552e+07
1.01774e+07
7.37759e+06
1.01119e+07
1.6074e+07
1.486e+07
1.24103e+07
8.21071e+06
8.93875e+06
1.09879e+07
1.47888e+07
1.65246e+07
1.16362e+07
9.00333e+06
8.01774e+06
1.32738e+07
1.68174e+07
1.47773e+07
1.3179e+07
8.95283e+06
9.45907e+06
1.30916e+07
1.39464e+07
1.33753e+07
9.31247e+06
7.88519e+06
6.5576e+06
1.12592e+07
1.57188e+07
1.27252e+07
9.53947e+06
5.8059e+06
7.92842e+06
1.29114e+07
1.526e+07
1.66712e+07
1.20863e+07
1.00586e+07
9.24515e+06
1.37687e+07
1.59491e+07
1.3017e+07
1.14043e+07
8.13759e+06
1.03224e+07
1.54354e+07
1.50001e+07
1.24042e+07
7.95664e+06
8.21583e+06
9.91707e+06
1.39287e+07
1.60245e+07
1.13294e+07
8.35797e+06
6.46646e+06
1.22791e+07
1.68528e+07
1.56876e+07
1.45777e+07
1.04733e+07
1.10007e+07
1.57236e+07
1.62663e+07
1.43533e+07
9.47816e+06
9.01833e+06
9.81388e+06
1.49485e+07
1.73985e+07
1.24707e+07
8.82539e+06
1.01131e+07
1.40184e+07
1.96914e+07
2.37452e+07
6.49957e+06
9.8301e+06
9.41186e+06
1.4836e+07
2.35424e+07
2.53417e+07
2.24407e+07
1.36694e+07
1.34871e+07
1.28285e+07
1.74659e+07
2.06267e+07
1.42825e+07
1.54206e+07
1.45557e+07
2.19518e+07
2.9054e+07
2.14414e+07
1.76818e+07
1.31739e+07
1.82681e+07
2.5594e+07
2.60381e+07
2.37834e+07
1.36717e+07
9.97829e+06
8.80051e+06
1.27714e+07
1.6707e+07
1.26174e+07
1.2109e+07
7.05878e+06
1.23164e+07
1.92361e+07
1.76924e+07
1.75985e+07
1.16292e+07
1.42596e+07
1.9589e+07
2.10384e+07
2.25371e+07
1.7101e+07
1.57218e+07
2.10261e+07
1.74842e+07
2.01002e+07
2.18224e+07
6.89462e+06
1.07128e+07
1.06371e+07
1.37982e+07
2.17045e+07
2.22777e+07
1.90672e+07
1.1326e+07
1.2654e+07
1.92098e+07
2.0223e+07
2.21619e+07
2.3859e+07
1.56122e+07
2.07793e+07
1.7373e+07
1.48028e+07
7.52392e+06
1.10342e+07
1.99324e+07
1.98756e+07
2.12338e+07
2.3374e+07
8.72821e+06
9.59184e+06
1.05331e+07
1.22902e+07
1.39844e+07
1.87251e+07
2.11211e+07
1.34195e+07
1.14149e+07
8.16185e+06
1.19285e+07
1.70057e+07
1.51343e+07
1.46113e+07
1.04827e+07
1.54333e+07
2.16264e+07
2.59088e+07
2.36851e+07
1.72587e+07
1.87236e+07
2.23621e+07
2.77722e+07
2.78593e+07
1.86825e+07
1.38335e+07
1.01873e+07
1.63466e+07
2.2573e+07
1.61679e+07
1.16624e+07
6.60484e+06
1.21513e+07
1.77632e+07
1.60132e+07
1.63779e+07
1.08023e+07
1.28316e+07
1.65848e+07
1.51952e+07
1.4193e+07
1.01254e+07
6.9093e+06
8.04646e+06
1.02997e+07
1.35922e+07
1.55513e+07
1.09963e+07
8.76532e+06
7.883e+06
1.24692e+07
1.57811e+07
1.38987e+07
1.29421e+07
9.36655e+06
1.0168e+07
1.41143e+07
1.44659e+07
1.31535e+07
9.15447e+06
8.81564e+06
9.01469e+06
1.39763e+07
1.63218e+07
1.16594e+07
8.33807e+06
5.46424e+06
1.0344e+07
1.52088e+07
1.51323e+07
1.494e+07
1.06353e+07
1.03813e+07
1.26341e+07
1.47206e+07
1.43331e+07
1.01689e+07
8.75851e+06
7.21447e+06
1.23343e+07
1.67661e+07
1.38349e+07
1.03351e+07
6.40285e+06
8.47993e+06
1.24565e+07
1.48733e+07
1.59668e+07
1.10295e+07
9.22053e+06
9.3584e+06
1.38197e+07
1.64669e+07
1.37477e+07
1.22261e+07
8.86449e+06
1.04536e+07
1.51293e+07
1.52041e+07
1.35047e+07
9.25865e+06
9.00291e+06
9.70946e+06
1.45572e+07
1.69292e+07
1.21026e+07
8.52502e+06
5.63176e+06
1.02062e+07
1.50828e+07
1.50726e+07
1.48013e+07
1.01147e+07
9.33632e+06
1.08734e+07
1.31912e+07
1.40769e+07
1.10385e+07
9.83886e+06
7.2212e+06
9.71598e+06
1.48898e+07
1.34585e+07
1.08971e+07
6.9176e+06
7.91006e+06
1.01716e+07
1.41209e+07
1.65342e+07
1.19641e+07
9.16807e+06
6.86843e+06
1.18591e+07
1.49712e+07
1.32888e+07
1.26824e+07
9.30694e+06
1.01935e+07
1.34798e+07
1.39992e+07
1.24468e+07
8.40936e+06
8.38882e+06
8.6783e+06
1.34112e+07
1.59017e+07
1.13618e+07
8.13589e+06
5.907e+06
1.1374e+07
1.60465e+07
1.51966e+07
1.44886e+07
1.04973e+07
1.07668e+07
1.50107e+07
1.56076e+07
1.40954e+07
9.52686e+06
8.98578e+06
9.50297e+06
1.48399e+07
1.76268e+07
1.30904e+07
9.15136e+06
5.45716e+06
8.75402e+06
1.43156e+07
1.47942e+07
1.49723e+07
1.06204e+07
1.02231e+07
1.21861e+07
1.53513e+07
1.59463e+07
1.15311e+07
9.61814e+06
7.32858e+06
1.06383e+07
1.63177e+07
1.44999e+07
1.1444e+07
7.27201e+06
8.33745e+06
1.06869e+07
1.41867e+07
1.59826e+07
1.12355e+07
8.8743e+06
8.05729e+06
1.30044e+07
1.65122e+07
1.45734e+07
1.31725e+07
9.32376e+06
1.04749e+07
1.47403e+07
1.54964e+07
1.41065e+07
9.46172e+06
8.82189e+06
9.04145e+06
1.43146e+07
1.70194e+07
1.24454e+07
8.82421e+06
5.45878e+06
9.22593e+06
1.47068e+07
1.52258e+07
1.5341e+07
1.09472e+07
1.0425e+07
1.2183e+07
1.48757e+07
1.51015e+07
1.09228e+07
9.42321e+06
7.41159e+06
1.13935e+07
1.65809e+07
1.41769e+07
1.09241e+07
6.79357e+06
8.23983e+06
1.12327e+07
1.41028e+07
1.5835e+07
1.13528e+07
9.5038e+06
9.67345e+06
1.66956e+07
2.90267e+07
2.45275e+07
1.92457e+07
8.05779e+06
1.1752e+07
1.11717e+07
1.48549e+07
2.37927e+07
2.64685e+07
2.47185e+07
1.73318e+07
1.75331e+07
4.3995e+06
8.28619e+06
1.31851e+07
1.60319e+07
1.77242e+07
1.33416e+07
1.52638e+07
1.85173e+07
1.97785e+07
2.21873e+07
1.59286e+07
1.70263e+07
1.62444e+07
2.43556e+07
3.2938e+07
3.10968e+07
2.53692e+07
1.49747e+07
1.34076e+07
1.68994e+07
1.91161e+07
1.79338e+07
1.80085e+07
1.4444e+07
1.53677e+07
2.72364e+07
3.30083e+07
2.79689e+07
1.96227e+07
1.03095e+07
1.39602e+07
2.63749e+07
3.2685e+07
3.87214e+07
2.4879e+07
1.70414e+07
1.5494e+07
2.70878e+07
3.25952e+07
2.46831e+07
1.73387e+07
1.2987e+07
1.76819e+07
2.82245e+07
3.57658e+07
3.23031e+07
2.301e+07
2.10427e+07
3.16978e+07
2.75209e+07
2.37249e+07
1.61619e+07
1.21745e+07
1.69972e+07
2.3031e+07
1.875e+07
1.96194e+07
1.69179e+07
1.86728e+07
3.16089e+07
3.86781e+07
3.03857e+07
1.99268e+07
1.16879e+07
1.69593e+07
2.88787e+07
3.41384e+07
3.02318e+07
2.36844e+07
2.43115e+07
3.64008e+07
4.24905e+07
3.88869e+07
2.42544e+07
1.748e+07
1.68255e+07
2.96636e+07
3.6975e+07
3.05344e+07
2.51281e+07
1.74652e+07
2.29748e+07
3.26324e+07
2.90047e+07
2.39464e+07
1.75177e+07
1.96307e+07
2.57056e+07
2.86305e+07
2.53259e+07
1.67789e+07
1.28043e+07
9.82192e+06
1.60025e+07
2.25258e+07
1.81099e+07
1.69373e+07
1.48036e+07
1.94843e+07
2.85295e+07
2.73159e+07
2.31606e+07
1.50593e+07
1.6569e+07
2.13604e+07
2.18508e+07
1.97516e+07
1.30243e+07
1.52949e+07
1.70037e+07
2.27964e+07
2.75489e+07
1.78908e+07
1.40176e+07
1.0686e+07
1.76376e+07
2.6504e+07
2.50113e+07
2.1762e+07
1.18423e+07
1.03909e+07
1.20815e+07
1.4481e+07
1.70221e+07
1.08301e+07
1.07474e+07
6.97585e+06
1.27558e+07
1.77941e+07
1.44979e+07
1.44077e+07
9.59916e+06
1.21549e+07
1.61269e+07
1.34188e+07
1.1033e+07
1.0575e+07
1.12375e+07
1.0933e+07
1.68489e+07
1.94324e+07
1.40572e+07
9.99192e+06
6.89149e+06
1.18437e+07
1.79179e+07
1.7936e+07
1.689e+07
1.20315e+07
1.12182e+07
1.36562e+07
1.65717e+07
1.65648e+07
1.17551e+07
1.00122e+07
8.44133e+06
1.71465e+07
2.43625e+07
2.89745e+07
1.88493e+07
7.07594e+06
1.03933e+07
1.16133e+07
1.47997e+07
2.37619e+07
2.29839e+07
1.91701e+07
1.10381e+07
1.30386e+07
1.58174e+07
1.99314e+07
2.29333e+07
1.67627e+07
1.73056e+07
6.83041e+06
1.14858e+07
1.91134e+07
2.20829e+07
2.2707e+07
1.82707e+07
1.60538e+07
1.44251e+07
2.02431e+07
2.29615e+07
1.64968e+07
1.32241e+07
8.88948e+06
1.51095e+07
2.27566e+07
2.26606e+07
2.29858e+07
1.29691e+07
1.17672e+07
1.49418e+07
2.06017e+07
2.4782e+07
1.81517e+07
1.25678e+07
5.03519e+06
9.24548e+06
1.09831e+07
1.30604e+07
1.59474e+07
1.08292e+07
1.07489e+07
6.98255e+06
1.27594e+07
1.77933e+07
1.44929e+07
1.44003e+07
9.59405e+06
1.21497e+07
1.61284e+07
1.34236e+07
1.25826e+07
1.37225e+07
1.44514e+07
1.26198e+07
8.35488e+06
8.60278e+06
9.82471e+06
1.40797e+07
1.61636e+07
1.14158e+07
8.72821e+06
7.3366e+06
1.2706e+07
1.67073e+07
1.51671e+07
1.40101e+07
1.00886e+07
1.07337e+07
1.44872e+07
1.55419e+07
1.42566e+07
9.70158e+06
8.7622e+06
8.41733e+06
1.39654e+07
1.71248e+07
1.28667e+07
9.05223e+06
5.45636e+06
8.32014e+06
1.39569e+07
1.40061e+07
1.37303e+07
9.86962e+06
9.95185e+06
1.32372e+07
1.53982e+07
1.53583e+07
1.05489e+07
8.55671e+06
6.72017e+06
1.09525e+07
1.53258e+07
1.19653e+07
8.84911e+06
5.2868e+06
7.61475e+06
1.11732e+07
1.7809e+07
2.76974e+07
2.53224e+07
1.95177e+07
8.25852e+06
1.1895e+07
1.10907e+07
1.48439e+07
2.37555e+07
2.37376e+07
2.01405e+07
1.18523e+07
1.32581e+07
1.51e+07
1.79856e+07
1.97127e+07
1.29598e+07
1.4946e+07
1.59288e+07
2.36523e+07
3.32652e+07
3.18144e+07
2.68509e+07
2.55313e+07
1.66423e+07
3.00317e+07
2.40307e+07
1.70558e+07
1.241e+07
2.09411e+07
2.30011e+07
2.16456e+07
1.74093e+07
9.24105e+06
1.27783e+07
1.91638e+07
1.69389e+07
1.60294e+07
1.11108e+07
1.58576e+07
2.27043e+07
2.17862e+07
2.1861e+07
1.7579e+07
1.89942e+07
2.81117e+07
2.78976e+07
2.40224e+07
1.40051e+07
1.10475e+07
1.22063e+07
1.60426e+07
1.86239e+07
1.33161e+07
1.21505e+07
8.1778e+06
1.45525e+07
2.0056e+07
1.68767e+07
1.52757e+07
1.00805e+07
1.3224e+07
1.83296e+07
1.66836e+07
1.61864e+07
1.23271e+07
1.4173e+07
1.95299e+07
1.51639e+07
8.31913e+06
5.00934e+06
5.83633e+06
7.66545e+06
9.91634e+06
1.30987e+07
8.65699e+06
5.24127e+06
6.45973e+06
9.22283e+06
9.82848e+06
1.1547e+07
7.52681e+06
1.08326e+07
1.31235e+07
1.42159e+07
1.57732e+07
8.44607e+06
7.37973e+06
5.78302e+06
1.07636e+07
1.69068e+07
1.47546e+07
1.27756e+07
7.608e+06
6.37148e+06
9.0532e+06
9.77273e+06
1.16243e+07
7.59978e+06
8.87857e+06
6.57897e+06
9.2269e+06
1.2431e+07
9.80241e+06
9.8936e+06
9.17371e+06
1.09907e+07
1.04712e+07
1.42877e+07
1.45575e+07
1.59722e+07
1.51789e+07
1.12159e+07
8.905e+06
8.67373e+06
1.19102e+07
1.50851e+07
9.99073e+06
1.19098e+07
1.16317e+07
1.59637e+07
2.11816e+07
1.44699e+07
1.36497e+07
1.08583e+07
1.52273e+07
1.9498e+07
1.92703e+07
1.66773e+07
8.31337e+06
6.22597e+06
5.53542e+06
8.69548e+06
1.20645e+07
8.1543e+06
8.1153e+06
3.88198e+06
8.02903e+06
1.25326e+07
1.45493e+07
1.5217e+07
1.07274e+07
1.0217e+07
1.56525e+07
1.30003e+07
1.37599e+07
2.01285e+07
1.94541e+07
1.71037e+07
1.28224e+07
1.32291e+07
1.39375e+07
1.74281e+07
2.00487e+07
1.36616e+07
1.57599e+07
1.59525e+07
2.20857e+07
2.73928e+07
1.85896e+07
1.52822e+07
1.17752e+07
1.79649e+07
2.59253e+07
2.49768e+07
2.22111e+07
1.2209e+07
1.03434e+07
1.08295e+07
1.37639e+07
1.69128e+07
1.071e+07
1.04501e+07
6.05257e+06
1.19805e+07
1.74369e+07
1.46342e+07
1.50165e+07
1.00782e+07
1.34227e+07
1.81355e+07
1.68017e+07
1.6084e+07
1.12862e+07
9.14433e+06
7.59373e+06
1.05729e+07
1.10998e+07
8.1075e+06
1.2069e+07
9.11037e+06
1.478e+07
2.34341e+07
2.37801e+07
2.0746e+07
1.21973e+07
1.32276e+07
1.39344e+07
1.74245e+07
2.00313e+07
1.86245e+07
3.13112e+07
2.63245e+07
2.31789e+07
5.6194e+06
8.14325e+06
1.1135e+07
1.44199e+07
2.17365e+07
2.00152e+07
1.55255e+07
8.18734e+06
1.09354e+07
1.44445e+07
1.72236e+07
1.85561e+07
1.27151e+07
1.63349e+07
1.96621e+07
2.32272e+07
2.51821e+07
1.43962e+07
1.09823e+07
8.97966e+06
1.72344e+07
2.64566e+07
2.27808e+07
1.88842e+07
1.03288e+07
1.06253e+07
1.4961e+07
1.55858e+07
1.692e+07
1.09399e+07
1.18223e+07
1.00614e+07
1.49335e+07
1.82843e+07
1.34633e+07
1.27349e+07
8.58765e+06
1.13457e+07
1.64223e+07
1.2645e+07
1.13135e+07
1.55845e+07
1.75454e+07
1.7433e+07
1.46208e+07
1.50004e+07
1.00649e+07
1.26977e+07
1.52812e+07
1.09979e+07
8.68559e+06
6.83706e+06
1.23064e+07
1.72222e+07
1.48307e+07
1.12263e+07
6.75475e+06
8.62072e+06
1.41171e+07
1.59055e+07
1.64335e+07
1.14782e+07
1.01112e+07
1.11473e+07
1.49944e+07
1.63944e+07
1.23706e+07
1.02531e+07
7.42826e+06
1.05216e+07
1.67898e+07
1.54743e+07
1.2529e+07
7.88777e+06
8.39111e+06
1.04643e+07
1.43047e+07
1.62273e+07
1.14198e+07
8.6731e+06
7.2033e+06
1.24557e+07
1.64921e+07
1.49789e+07
1.38285e+07
9.91649e+06
1.39756e+07
2.08784e+07
2.41224e+07
2.05037e+07
1.07368e+07
9.77201e+06
1.07909e+07
1.37638e+07
2.07971e+07
1.95417e+07
1.56914e+07
8.69619e+06
1.18069e+07
1.51405e+07
1.70402e+07
1.79647e+07
1.15706e+07
1.40132e+07
1.52017e+07
2.47014e+07
3.46429e+07
3.15346e+07
2.16227e+07
1.44473e+07
1.79452e+07
2.66171e+07
2.63716e+07
2.31366e+07
1.44702e+07
1.54377e+07
2.60259e+07
2.41177e+07
2.40081e+07
2.21258e+07
1.46593e+07
1.26088e+07
1.51354e+07
1.69729e+07
9.6865e+06
8.7559e+06
1.4211e+07
1.6741e+07
2.28952e+07
2.48205e+07
8.17081e+06
1.06154e+07
9.65279e+06
1.09484e+07
1.43322e+07
1.66226e+07
1.64117e+07
1.24573e+07
1.40357e+07
1.77572e+07
2.66915e+07
1.39032e+07
1.75251e+07
1.53937e+07
1.19402e+07
8.33041e+06
6.76022e+06
9.66139e+06
1.85799e+07
2.13601e+07
2.32953e+07
2.59298e+07
1.37021e+07
1.95481e+07
1.65341e+07
1.21396e+07
8.5345e+06
9.82741e+06
1.46715e+07
1.71556e+07
1.63396e+07
1.44918e+07
1.6956e+07
1.05403e+06
1.74669e+06
2.74335e+06
2.99795e+06
4.75247e+06
6.11219e+06
6.36362e+06
6.73496e+06
6.33181e+06
3.43442e+06
5.13504e+06
7.40632e+06
5.33312e+06
8.15484e+06
7.33673e+06
1.14881e+07
1.84582e+07
1.72532e+07
1.90381e+07
2.3607e+07
6.22585e+06
9.1757e+06
9.66824e+06
9.89957e+06
1.22712e+07
1.22388e+07
1.24568e+07
1.2167e+07
1.16187e+07
1.37987e+07
1.56655e+07
9.0548e+06
1.20415e+07
9.4333e+06
8.1791e+06
1.39837e+07
1.81355e+07
1.8933e+07
2.33784e+07
2.08072e+07
2.38631e+07
1.40902e+07
1.17009e+07
9.54908e+06
7.42011e+06
6.77206e+06
4.96701e+06
6.92715e+06
6.23938e+06
5.08061e+06
1.01404e+07
1.0362e+07
1.69942e+07
2.51677e+07
1.42876e+07
1.82469e+07
1.63145e+07
1.35521e+07
1.26532e+07
1.40667e+07
1.19842e+07
8.80515e+06
1.0143e+07
7.68215e+06
8.71413e+06
8.96638e+06
7.82572e+06
7.59662e+06
4.88114e+06
5.72457e+06
9.57347e+06
9.35369e+06
1.15004e+07
9.42156e+06
9.75814e+06
7.89072e+06
1.08099e+07
1.45167e+07
1.17384e+07
1.30269e+07
1.12114e+07
1.47399e+07
1.76814e+07
1.1554e+07
1.07409e+07
6.97848e+06
1.27498e+07
1.77753e+07
1.44801e+07
1.43861e+07
9.57884e+06
1.21058e+07
1.60343e+07
1.32831e+07
1.17682e+07
1.17684e+07
1.14342e+07
9.9102e+06
9.89529e+06
1.44269e+07
1.67916e+07
1.33678e+07
1.09611e+07
7.15386e+06
8.75244e+06
1.35828e+07
1.27948e+07
1.06231e+07
6.90258e+06
8.10402e+06
1.00937e+07
1.35247e+07
1.51117e+07
1.04428e+07
7.58646e+06
5.30839e+06
8.59452e+06
1.20984e+07
1.20261e+07
1.25511e+07
9.03772e+06
9.53027e+06
1.18111e+07
1.23712e+07
1.09519e+07
6.93028e+06
6.79859e+06
6.54249e+06
1.18784e+07
1.56776e+07
1.16863e+07
8.01881e+06
4.20027e+06
7.2509e+06
1.23076e+07
1.36422e+07
1.44782e+07
1.00078e+07
8.86132e+06
1.03792e+07
1.38064e+07
1.59634e+07
1.31405e+07
1.08327e+07
7.67479e+06
1.08301e+07
1.72708e+07
1.60911e+07
1.34185e+07
8.92184e+06
9.4642e+06
1.22206e+07
1.66719e+07
1.79476e+07
1.25381e+07
9.12036e+06
7.36677e+06
1.2963e+07
1.68705e+07
1.55429e+07
1.4369e+07
1.01572e+07
1.11311e+07
1.47077e+07
1.61272e+07
1.43822e+07
9.23304e+06
8.20726e+06
7.75646e+06
1.39399e+07
1.81296e+07
1.37817e+07
9.38453e+06
5.40329e+06
8.62938e+06
1.46689e+07
1.61414e+07
1.64371e+07
1.14043e+07
1.01991e+07
1.14232e+07
1.52975e+07
1.67983e+07
1.28519e+07
1.07461e+07
7.51687e+06
1.03604e+07
1.67427e+07
1.6133e+07
1.3741e+07
9.24194e+06
9.41052e+06
1.14062e+07
1.66288e+07
1.85646e+07
1.32784e+07
9.68637e+06
7.50944e+06
1.40014e+07
1.84881e+07
1.7401e+07
1.60169e+07
1.15752e+07
1.20109e+07
1.57718e+07
1.74283e+07
1.5475e+07
1.02312e+07
9.01085e+06
8.64967e+06
1.49974e+07
1.89874e+07
1.45205e+07
9.76804e+06
5.74134e+06
9.30427e+06
1.58925e+07
1.67332e+07
1.673e+07
1.17392e+07
1.07714e+07
1.31215e+07
1.61779e+07
1.66685e+07
1.21157e+07
9.74947e+06
7.68687e+06
1.22215e+07
1.76031e+07
1.48598e+07
1.13055e+07
6.93715e+06
8.67009e+06
1.30669e+07
1.54844e+07
1.64193e+07
1.14457e+07
9.84553e+06
1.00635e+07
1.46511e+07
1.6957e+07
1.33691e+07
1.07819e+07
7.90511e+06
1.09571e+07
1.73996e+07
1.64004e+07
1.36367e+07
8.65939e+06
9.39507e+06
1.24559e+07
1.6276e+07
1.76661e+07
1.20827e+07
9.48126e+06
8.89755e+06
1.36147e+07
1.70605e+07
1.52109e+07
1.37975e+07
9.50968e+06
1.0655e+07
1.58096e+07
1.67191e+07
1.42974e+07
9.25828e+06
8.59933e+06
8.47901e+06
1.42905e+07
1.79042e+07
1.33924e+07
8.84592e+06
5.12662e+06
1.20698e+07
2.16525e+07
2.53828e+07
1.93179e+07
8.04073e+06
1.19306e+07
1.1145e+07
1.48397e+07
2.37547e+07
2.37652e+07
2.01592e+07
1.18774e+07
1.32667e+07
1.51023e+07
1.8001e+07
2.01745e+07
1.37786e+07
1.60245e+07
1.69927e+07
2.27683e+07
2.75182e+07
1.78654e+07
1.39901e+07
1.06673e+07
1.76161e+07
2.64802e+07
2.49856e+07
2.17332e+07
1.18308e+07
1.0373e+07
1.20738e+07
1.44709e+07
1.70054e+07
1.08174e+07
1.07389e+07
6.97448e+06
1.27474e+07
1.77745e+07
1.44811e+07
1.43873e+07
9.5801e+06
1.21089e+07
1.60312e+07
1.32755e+07
1.11138e+07
1.10385e+07
1.17172e+07
1.08422e+07
1.49027e+07
1.68652e+07
1.32192e+07
1.11911e+07
7.95276e+06
1.05202e+07
1.6576e+07
1.60433e+07
1.36778e+07
9.0754e+06
8.92628e+06
1.07801e+07
1.57982e+07
1.78792e+07
1.26014e+07
8.89003e+06
6.26234e+06
1.18195e+07
1.65255e+07
1.60888e+07
1.53629e+07
1.08727e+07
1.10308e+07
1.40063e+07
1.63195e+07
1.52161e+07
1.0512e+07
9.18349e+06
7.8407e+06
1.31227e+07
1.7496e+07
1.34701e+07
9.45548e+06
5.53262e+06
8.82437e+06
1.51417e+07
1.65069e+07
1.68602e+07
1.19625e+07
1.09185e+07
1.27347e+07
1.54809e+07
1.55382e+07
1.12969e+07
9.85374e+06
7.62719e+06
1.21193e+07
1.73101e+07
1.44643e+07
1.09521e+07
7.01322e+06
9.39737e+06
1.42132e+07
1.66139e+07
1.74237e+07
1.23037e+07
1.06612e+07
1.23058e+07
1.66449e+07
1.8183e+07
1.40078e+07
1.15443e+07
8.06182e+06
1.09091e+07
1.72957e+07
1.58581e+07
1.3096e+07
8.59693e+06
9.52245e+06
1.24115e+07
1.65146e+07
1.79311e+07
1.28043e+07
9.55773e+06
7.78468e+06
1.34675e+07
1.7296e+07
1.61484e+07
1.49583e+07
1.07465e+07
1.12509e+07
1.46083e+07
1.61532e+07
1.4738e+07
9.67732e+06
8.34876e+06
7.80532e+06
1.38072e+07
1.83514e+07
1.43529e+07
9.61959e+06
5.28184e+06
8.16832e+06
1.39671e+07
1.65887e+07
1.73771e+07
1.21501e+07
1.01815e+07
1.04092e+07
1.48764e+07
1.70193e+07
1.36526e+07
1.16791e+07
8.19133e+06
1.03544e+07
1.57931e+07
1.53618e+07
1.31627e+07
8.79822e+06
8.7524e+06
1.0118e+07
1.52061e+07
1.74986e+07
1.24884e+07
8.58565e+06
5.63788e+06
1.03413e+07
1.52847e+07
1.54592e+07
1.5342e+07
1.09162e+07
1.06015e+07
1.27763e+07
1.49822e+07
1.43853e+07
1.01595e+07
9.17539e+06
7.68415e+06
1.26511e+07
1.76628e+07
1.44519e+07
1.06096e+07
6.4198e+06
8.90604e+06
1.38329e+07
1.60186e+07
1.68559e+07
1.19188e+07
1.03262e+07
1.10492e+07
1.50962e+07
1.65069e+07
1.23001e+07
1.0343e+07
7.52621e+06
1.10803e+07
1.71747e+07
1.55522e+07
1.2626e+07
8.07617e+06
9.01946e+06
1.19044e+07
1.54012e+07
1.66598e+07
1.14645e+07
8.89978e+06
8.03068e+06
1.28465e+07
1.62254e+07
1.4314e+07
1.31548e+07
9.63972e+06
1.07958e+07
1.50462e+07
1.44789e+07
1.18569e+07
7.4419e+06
7.94483e+06
9.76841e+06
1.38476e+07
1.58667e+07
1.08214e+07
7.47904e+06
5.08658e+06
9.62512e+06
1.39154e+07
1.31397e+07
1.31951e+07
9.2781e+06
1.01093e+07
1.32521e+07
1.44928e+07
1.31629e+07
8.29882e+06
7.33471e+06
7.07782e+06
1.26561e+07
1.63235e+07
1.30528e+07
9.9655e+06
6.11862e+06
8.73034e+06
1.32691e+07
1.50113e+07
1.52263e+07
1.06644e+07
9.36477e+06
9.6913e+06
1.31657e+07
1.45664e+07
1.16829e+07
1.09449e+07
8.64565e+06
1.03254e+07
1.48803e+07
1.52348e+07
1.32756e+07
8.63598e+06
7.94429e+06
8.11285e+06
1.37834e+07
1.6889e+07
1.21603e+07
8.33991e+06
4.8991e+06
8.7268e+06
1.42201e+07
1.50403e+07
1.55191e+07
1.11707e+07
1.05891e+07
1.23549e+07
1.49629e+07
1.47236e+07
1.04918e+07
9.43812e+06
7.45948e+06
1.16358e+07
1.70286e+07
1.44322e+07
1.12163e+07
7.23671e+06
9.38629e+06
1.36685e+07
1.60479e+07
1.66176e+07
1.15067e+07
9.30208e+06
8.96072e+06
1.3421e+07
1.59599e+07
1.29953e+07
1.13778e+07
8.07687e+06
1.02576e+07
1.5364e+07
1.51975e+07
1.30366e+07
8.4612e+06
8.06697e+06
8.80722e+06
1.42912e+07
1.70512e+07
1.21199e+07
8.33667e+06
5.10161e+06
9.37775e+06
1.44955e+07
1.49262e+07
1.51505e+07
1.10113e+07
1.08191e+07
1.29522e+07
1.51062e+07
1.43256e+07
9.68338e+06
8.57591e+06
7.08129e+06
1.16499e+07
1.65528e+07
1.33082e+07
1.00682e+07
6.36259e+06
9.04314e+06
1.38499e+07
1.60337e+07
1.66384e+07
1.16314e+07
9.99251e+06
1.07771e+07
1.47953e+07
1.62697e+07
1.24033e+07
1.04923e+07
7.31508e+06
1.02968e+07
1.64535e+07
1.52202e+07
1.25154e+07
8.13225e+06
8.86408e+06
1.1308e+07
1.56474e+07
1.71955e+07
1.21883e+07
9.00611e+06
7.2047e+06
1.30673e+07
1.7886e+07
1.75234e+07
1.62484e+07
1.13007e+07
1.16176e+07
1.48899e+07
1.76229e+07
1.66755e+07
1.15871e+07
1.017e+07
8.86855e+06
1.53972e+07
1.99673e+07
1.59096e+07
1.1509e+07
7.22425e+06
1.00378e+07
1.61453e+07
1.839e+07
1.82415e+07
1.28179e+07
1.08199e+07
1.16375e+07
1.55196e+07
1.69015e+07
1.28344e+07
1.12687e+07
8.21811e+06
1.13743e+07
1.7605e+07
1.57739e+07
1.25958e+07
8.3273e+06
9.33829e+06
1.26563e+07
1.51044e+07
1.53806e+07
1.03785e+07
7.92967e+06
7.05918e+06
1.10598e+07
1.4328e+07
1.2609e+07
1.16869e+07
8.23053e+06
9.4206e+06
1.31323e+07
1.3358e+07
1.1858e+07
7.86649e+06
7.41216e+06
7.12369e+06
1.21469e+07
1.48918e+07
1.19623e+07
9.67529e+06
7.28778e+06
1.04225e+07
7.61813e+06
1.25567e+07
1.89605e+07
1.8267e+07
1.51598e+07
8.42983e+06
1.12737e+07
1.29876e+07
1.43465e+07
1.61098e+07
1.0902e+07
1.41352e+07
1.51705e+07
1.73918e+07
2.04132e+07
1.22767e+07
1.05954e+07
8.58761e+06
1.50101e+07
2.23955e+07
1.94572e+07
1.6204e+07
8.37537e+06
8.20992e+06
1.02624e+07
1.11452e+07
1.35779e+07
8.23425e+06
9.50079e+06
6.89834e+06
1.05086e+07
1.37981e+07
1.04741e+07
1.16632e+07
7.88602e+06
1.07684e+07
1.43393e+07
9.62993e+06
8.20591e+06
5.23531e+06
9.67959e+06
1.46836e+07
1.50938e+07
1.51314e+07
1.04934e+07
9.62327e+06
1.09487e+07
1.35023e+07
1.43587e+07
1.13898e+07
1.04871e+07
8.01613e+06
1.03572e+07
2.0079e+07
2.51984e+07
2.49303e+07
2.01033e+07
8.39156e+06
1.20697e+07
1.10292e+07
1.48382e+07
2.37381e+07
2.38109e+07
2.0241e+07
1.19398e+07
1.32779e+07
1.50095e+07
1.79742e+07
2.01893e+07
1.37927e+07
1.60051e+07
1.69026e+07
2.27354e+07
2.75618e+07
1.79787e+07
1.41234e+07
1.07757e+07
1.76548e+07
2.64503e+07
2.50237e+07
2.18114e+07
1.18959e+07
1.03725e+07
1.19672e+07
1.44293e+07
1.69948e+07
1.6069e+07
2.79411e+07
1.53874e+07
2.08674e+07
6.37653e+06
6.36567e+06
9.10417e+06
8.85133e+06
1.10463e+07
1.05501e+07
1.25994e+07
1.32579e+07
1.27365e+07
1.13383e+07
1.66722e+07
1.98852e+07
1.54284e+07
1.73645e+07
1.67058e+07
2.59773e+07
3.65033e+07
3.22338e+07
2.4886e+07
1.93194e+07
2.34239e+07
2.89904e+07
3.15237e+07
1.85982e+07
2.03117e+07
1.38069e+07
1.85709e+07
2.42859e+07
2.49095e+07
1.53802e+07
1.27192e+07
1.06904e+07
1.9532e+07
2.61624e+07
2.19343e+07
2.05176e+07
2.08549e+07
3.51043e+07
7.83764e+07
6.36627e+07
2.81837e+07
1.71987e+07
2.47668e+07
4.37382e+07
3.55407e+07
4.00989e+07
5.67087e+07
2.16869e+07
1.72422e+07
1.49031e+07
1.4052e+07
9.98773e+06
9.74577e+06
1.46784e+07
1.44611e+07
1.61389e+07
1.07352e+07
1.05853e+07
1.02816e+07
1.50057e+07
1.68774e+07
9.43756e+06
7.36197e+06
6.76477e+06
1.26874e+07
1.90807e+07
2.03498e+07
2.13669e+07
8.28575e+06
9.89514e+06
1.22255e+07
1.5565e+07
1.78089e+07
1.59784e+07
1.37523e+07
1.48156e+07
2.06997e+07
2.77822e+07
3.12757e+07
1.09587e+07
1.06923e+07
1.06843e+07
1.46962e+07
8.89677e+06
5.01567e+06
4.14613e+06
1.85551e+06
1.74316e+06
3.8106e+06
6.0082e+06
5.34028e+06
7.23577e+06
4.83825e+06
7.48058e+06
6.57116e+06
8.91006e+06
3.67592e+06
5.57535e+06
6.02946e+06
6.16287e+06
8.89463e+06
6.35001e+06
6.29222e+06
8.50155e+06
1.40288e+07
2.05533e+07
2.44215e+07
2.14641e+06
3.18827e+06
4.37155e+06
6.42377e+06
7.92574e+06
6.70225e+06
6.67779e+06
1.00455e+07
1.94144e+07
2.47171e+07
3.03357e+07
1.45338e+06
1.76322e+06
3.21846e+06
3.99134e+06
4.65339e+06
4.60365e+06
3.97757e+06
4.724e+06
4.43668e+06
6.28533e+06
5.47336e+06
5.2148e+06
7.82305e+06
6.0937e+06
9.04583e+06
7.98475e+06
1.00125e+07
4.17105e+06
5.81844e+06
6.08933e+06
6.47685e+06
9.56033e+06
6.78575e+06
6.54046e+06
3.26518e+06
3.95324e+06
6.39265e+06
7.54151e+06
8.50465e+06
1.07388e+07
1.08494e+07
6.82687e+06
1.2584e+07
1.77176e+07
1.45422e+07
1.45442e+07
9.6982e+06
1.21822e+07
1.59135e+07
1.31979e+07
1.19149e+07
1.29567e+07
1.50822e+07
1.48626e+07
1.45925e+07
1.26218e+07
8.13698e+06
8.36269e+06
9.5442e+06
1.44029e+07
1.65262e+07
1.12677e+07
7.69019e+06
4.92379e+06
9.85372e+06
1.4749e+07
1.46417e+07
1.42933e+07
1.01295e+07
1.06737e+07
1.37544e+07
1.55483e+07
1.42171e+07
9.26413e+06
8.17003e+06
7.39573e+06
1.31776e+07
1.71062e+07
1.30809e+07
9.56729e+06
5.77874e+06
8.50552e+06
1.23712e+07
1.32736e+07
1.25526e+07
8.0971e+06
1.20547e+07
9.09748e+06
1.47729e+07
2.34344e+07
2.37762e+07
2.0743e+07
1.21968e+07
1.3231e+07
1.39445e+07
1.74295e+07
2.00493e+07
1.36622e+07
1.57609e+07
1.5954e+07
2.20872e+07
2.7394e+07
1.85902e+07
1.52828e+07
1.17758e+07
1.79662e+07
2.59264e+07
2.49772e+07
2.2211e+07
1.22087e+07
1.03438e+07
1.08306e+07
1.37652e+07
1.69141e+07
1.07111e+07
1.04503e+07
6.05223e+06
1.19816e+07
1.74385e+07
1.46352e+07
1.50174e+07
1.00792e+07
1.35742e+07
1.84817e+07
1.73383e+07
1.69221e+07
1.18495e+07
1.03108e+07
1.07703e+07
1.45971e+07
1.54275e+07
1.08066e+07
8.65834e+06
6.63308e+06
1.00271e+07
1.58248e+07
1.40016e+07
1.11145e+07
6.90218e+06
8.08178e+06
1.07896e+07
1.4206e+07
1.56144e+07
1.0472e+07
7.86699e+06
6.51319e+06
1.06817e+07
1.41412e+07
1.25592e+07
1.17871e+07
8.33362e+06
9.97401e+06
1.41343e+07
1.48403e+07
1.2976e+07
8.08103e+06
7.47021e+06
7.54664e+06
1.28688e+07
1.58746e+07
1.12662e+07
8.04157e+06
4.61769e+06
8.19568e+06
1.38176e+07
1.44996e+07
1.46053e+07
1.03222e+07
9.76147e+06
1.11357e+07
1.3157e+07
1.2684e+07
8.60288e+06
8.0119e+06
6.47951e+06
1.0548e+07
1.54586e+07
1.30645e+07
1.02123e+07
6.29027e+06
8.0984e+06
1.11567e+07
1.37569e+07
1.48811e+07
1.00257e+07
8.35243e+06
8.48459e+06
1.17426e+07
1.36381e+07
1.06508e+07
9.80747e+06
7.03985e+06
9.55707e+06
1.46681e+07
1.37189e+07
1.14694e+07
7.31911e+06
8.02028e+06
9.54486e+06
1.36696e+07
1.53401e+07
1.04403e+07
7.91638e+06
6.19892e+06
1.19433e+07
1.68554e+07
1.6417e+07
1.5145e+07
1.04369e+07
1.11801e+07
1.4784e+07
1.5357e+07
1.26116e+07
6.29966e+06
3.93227e+06
6.62046e+06
8.75468e+06
8.92009e+06
6.20746e+06
1.04986e+07
1.37889e+07
1.21457e+07
9.53285e+06
4.90081e+06
8.99496e+06
1.13932e+07
1.04788e+07
1.15553e+07
7.62027e+06
1.20257e+07
1.36182e+07
1.17674e+07
1.30104e+07
6.36711e+06
7.13314e+06
7.05856e+06
1.1897e+07
2.42257e+07
3.01263e+07
3.08283e+07
2.64217e+07
8.45362e+06
1.14285e+07
1.24859e+07
1.47852e+07
2.29642e+07
2.30398e+07
1.97515e+07
1.16986e+07
1.26308e+07
1.43293e+07
1.72644e+07
1.95503e+07
1.39678e+07
1.64043e+07
1.71045e+07
2.32522e+07
2.67783e+07
1.67574e+07
1.30261e+07
9.93952e+06
1.73288e+07
2.65025e+07
2.44269e+07
2.09428e+07
1.11541e+07
1.03292e+07
1.26561e+07
1.44663e+07
1.67345e+07
1.0622e+07
1.08546e+07
7.58239e+06
1.29709e+07
1.75877e+07
1.38909e+07
1.38091e+07
9.2863e+06
1.15724e+07
1.60427e+07
1.31797e+07
1.18328e+07
1.46957e+07
1.04029e+07
7.59697e+06
5.76937e+06
1.00259e+07
1.38175e+07
1.25522e+07
1.21454e+07
8.73645e+06
1.00021e+07
1.36623e+07
1.45435e+07
1.30516e+07
8.38519e+06
7.67522e+06
7.09549e+06
1.27584e+07
1.63506e+07
1.20031e+07
8.77957e+06
5.25238e+06
8.52171e+06
1.44525e+07
1.50728e+07
1.48622e+07
1.02416e+07
9.61149e+06
1.09683e+07
1.32617e+07
1.31083e+07
9.0352e+06
8.12725e+06
6.38262e+06
1.05503e+07
1.56221e+07
1.34183e+07
1.03489e+07
6.27377e+06
8.0345e+06
1.11467e+07
1.43226e+07
1.54706e+07
1.05128e+07
8.33007e+06
7.33598e+06
1.24876e+07
1.61062e+07
1.43465e+07
1.29833e+07
9.16403e+06
1.08872e+07
1.54904e+07
1.63881e+07
1.45131e+07
9.53205e+06
9.22687e+06
9.65468e+06
1.5754e+07
1.88892e+07
1.37057e+07
9.70705e+06
6.01407e+06
9.61692e+06
1.62466e+07
1.74499e+07
1.6607e+07
1.1731e+07
1.04583e+07
1.20026e+07
1.50186e+07
1.52964e+07
1.09054e+07
9.67412e+06
7.76643e+06
1.65568e+07
2.65104e+07
3.16495e+07
2.44718e+07
7.89995e+06
1.15905e+07
1.15262e+07
1.485e+07
2.37612e+07
2.37198e+07
2.01243e+07
1.18329e+07
1.32526e+07
1.51112e+07
1.79857e+07
2.01528e+07
1.37544e+07
1.60313e+07
1.70146e+07
2.27567e+07
2.7463e+07
1.78002e+07
1.3956e+07
1.06449e+07
1.76118e+07
2.64775e+07
2.4948e+07
2.16904e+07
1.17869e+07
1.03765e+07
1.20924e+07
1.44542e+07
1.69867e+07
1.08027e+07
1.07449e+07
7.00218e+06
1.27484e+07
1.77565e+07
1.44403e+07
1.43641e+07
9.57856e+06
1.20837e+07
1.60609e+07
1.33303e+07
1.15564e+07
1.2315e+07
1.3399e+07
1.32057e+07
1.55905e+07
1.58328e+07
1.07947e+07
9.24058e+06
9.18064e+06
1.36547e+07
1.59381e+07
1.30781e+07
1.17411e+07
8.74338e+06
1.07543e+07
1.56875e+07
1.57523e+07
1.36357e+07
8.90905e+06
8.93184e+06
1.01149e+07
1.53487e+07
1.76169e+07
1.23012e+07
8.51449e+06
5.66301e+06
1.09722e+07
1.55947e+07
1.49855e+07
1.44706e+07
1.02427e+07
1.08714e+07
1.40538e+07
1.54536e+07
1.40259e+07
8.91025e+06
7.76246e+06
7.03662e+06
1.28719e+07
1.69542e+07
1.3402e+07
9.86918e+06
5.99982e+06
8.5942e+06
1.34903e+07
1.54026e+07
1.57115e+07
1.0914e+07
9.72035e+06
1.06754e+07
1.38399e+07
1.44671e+07
1.03212e+07
8.84137e+06
6.58512e+06
9.8249e+06
1.51995e+07
1.34807e+07
1.07662e+07
6.68511e+06
7.90018e+06
1.03549e+07
1.39499e+07
1.5409e+07
1.05195e+07
8.09388e+06
6.80109e+06
1.23713e+07
1.6217e+07
1.48746e+07
1.35926e+07
9.3713e+06
1.07732e+07
1.4988e+07
1.59085e+07
1.42235e+07
9.38303e+06
9.32448e+06
1.00467e+07
1.5813e+07
1.86929e+07
1.34603e+07
1.48052e+07
1.52098e+07
2.10862e+07
2.45191e+07
8.27635e+06
1.1951e+07
1.1165e+07
1.48314e+07
2.37026e+07
2.37913e+07
2.0284e+07
1.19527e+07
1.3267e+07
1.48924e+07
1.7908e+07
1.97414e+07
1.29703e+07
1.48831e+07
1.54773e+07
2.31878e+07
2.78692e+07
1.77927e+07
1.35604e+07
1.03508e+07
1.76352e+07
2.74415e+07
2.5417e+07
2.18297e+07
1.18899e+07
1.06631e+07
1.29185e+07
1.49306e+07
1.72258e+07
1.09932e+07
1.13126e+07
1.48918e+07
2.08295e+07
2.78035e+07
3.27984e+07
1.17097e+07
7.41032e+06
7.5263e+06
1.15772e+07
1.51121e+07
2.22605e+07
2.09979e+07
2.13683e+07
2.76717e+07
3.17215e+07
3.73589e+07
7.01861e+06
3.05402e+06
2.10798e+06
2.26218e+06
1.89307e+06
2.88603e+06
4.03781e+06
2.65435e+06
4.32584e+06
5.31599e+06
4.51632e+06
5.54958e+06
6.16141e+06
6.77548e+06
1.55502e+07
1.82e+07
2.3151e+07
2.77144e+07
6.31177e+06
7.16589e+06
3.63081e+06
3.84176e+06
5.37494e+06
8.34345e+06
9.07562e+06
1.32517e+07
2.47431e+07
2.86886e+07
2.39375e+07
3.56219e+06
5.85141e+06
5.93158e+06
7.4902e+06
1.16572e+07
9.72043e+06
1.05032e+07
1.39746e+07
2.02218e+07
2.63739e+07
3.32278e+07
7.79607e+06
9.8372e+06
6.22189e+06
2.85741e+06
5.4317e+06
5.71987e+06
8.25989e+06
4.87454e+06
5.65561e+06
3.68472e+06
3.69924e+06
5.71111e+06
4.45804e+06
8.31634e+06
9.04778e+06
1.21618e+07
1.48432e+07
8.01257e+06
5.9058e+06
6.87551e+06
6.7038e+06
9.32117e+06
1.28346e+07
2.92156e+07
2.78239e+07
2.50394e+07
4.92449e+06
9.23727e+06
1.32977e+07
1.74837e+07
2.03025e+07
1.47201e+07
1.08284e+07
8.12017e+06
1.32572e+07
1.76528e+07
1.29659e+07
1.00145e+07
3.85193e+06
8.83571e+06
1.647e+07
2.20176e+07
2.68834e+07
1.80755e+07
1.42839e+07
1.09126e+07
1.76975e+07
2.63827e+07
2.5028e+07
2.18753e+07
1.19484e+07
1.03678e+07
1.1814e+07
1.4349e+07
1.70088e+07
1.08123e+07
1.06794e+07
6.72512e+06
1.16156e+07
1.74371e+07
1.74408e+07
1.5728e+07
8.87785e+06
1.13938e+07
1.67458e+07
1.62538e+07
1.74712e+07
2.06691e+07
1.59274e+07
1.32271e+07
1.39354e+07
1.74229e+07
2.00485e+07
1.36606e+07
1.57573e+07
1.59468e+07
2.20764e+07
2.73848e+07
1.85873e+07
1.52874e+07
1.17808e+07
1.79674e+07
2.59204e+07
2.49718e+07
2.22055e+07
1.22023e+07
1.03388e+07
1.08211e+07
1.37579e+07
1.69119e+07
1.07093e+07
1.0448e+07
6.04759e+06
1.19718e+07
1.74294e+07
1.46309e+07
1.50191e+07
1.00818e+07
1.31349e+07
1.7222e+07
1.54027e+07
1.39539e+07
9.24603e+06
8.0079e+06
6.78597e+06
1.15704e+07
1.61205e+07
1.33515e+07
1.03678e+07
6.34788e+06
8.38876e+06
1.19009e+07
1.44132e+07
1.49239e+07
9.85596e+06
8.25536e+06
8.42938e+06
1.21004e+07
1.43197e+07
1.17316e+07
1.07159e+07
7.7469e+06
1.00954e+07
1.48264e+07
1.46904e+07
1.26001e+07
7.82984e+06
8.09145e+06
9.2526e+06
1.41113e+07
1.66845e+07
1.19697e+07
8.45284e+06
5.02157e+06
8.68112e+06
1.43691e+07
1.47347e+07
1.42336e+07
9.56009e+06
8.95894e+06
1.0419e+07
1.33262e+07
1.45011e+07
1.12153e+07
9.76987e+06
7.52977e+06
9.8476e+06
1.4586e+07
1.38733e+07
1.19143e+07
7.66272e+06
8.02849e+06
9.46677e+06
1.37532e+07
1.59549e+07
1.10999e+07
7.92305e+06
4.96237e+06
9.41552e+06
1.33966e+07
1.30231e+07
1.30906e+07
9.62641e+06
9.75036e+06
1.16034e+07
1.30182e+07
1.19157e+07
7.52912e+06
7.06951e+06
6.72783e+06
1.10977e+07
1.38935e+07
9.95535e+06
7.07089e+06
4.08335e+06
7.28551e+06
1.23122e+07
1.32874e+07
1.35463e+07
1.49404e+07
2.23569e+07
2.81617e+07
2.47978e+07
7.08694e+06
1.01683e+07
1.24033e+07
1.48185e+07
2.3753e+07
2.31109e+07
1.93856e+07
1.11935e+07
1.30725e+07
1.55969e+07
1.79568e+07
1.98586e+07
1.34837e+07
1.6118e+07
1.75574e+07
2.27378e+07
2.67734e+07
1.67218e+07
1.29779e+07
9.8982e+06
1.73169e+07
2.65212e+07
2.44208e+07
2.09042e+07
1.75781e+07
2.58912e+07
2.52856e+07
2.6719e+07
6.40587e+06
2.84654e+06
3.00742e+06
5.43391e+06
8.05714e+06
6.57617e+06
6.62555e+06
4.36757e+06
3.98503e+06
6.85169e+06
7.53576e+06
1.08353e+07
1.34066e+07
1.59105e+07
1.66349e+07
2.27357e+07
2.67802e+07
1.67361e+07
1.29936e+07
9.91066e+06
1.73218e+07
2.65191e+07
2.44268e+07
2.0931e+07
1.11422e+07
1.03343e+07
1.2692e+07
1.4485e+07
1.67376e+07
1.06251e+07
1.08633e+07
7.60813e+06
1.29913e+07
1.75979e+07
1.3886e+07
1.3794e+07
9.27647e+06
1.15857e+07
1.60838e+07
1.32183e+07
1.2153e+07
1.64116e+07
1.32687e+07
1.06545e+07
7.81723e+06
5.79534e+06
1.05045e+07
1.43575e+07
1.34695e+07
1.32615e+07
8.89407e+06
9.2599e+06
1.16475e+07
1.11227e+07
1.32975e+07
1.03045e+07
1.41497e+07
2.32572e+07
3.0634e+07
4.82511e+07
4.51783e+07
2.39347e+07
7.75194e+06
1.20913e+07
1.11745e+07
1.48444e+07
2.37217e+07
2.38717e+07
2.03685e+07
1.20263e+07
1.32922e+07
1.48614e+07
1.79282e+07
2.02098e+07
1.38081e+07
1.59795e+07
1.67671e+07
2.26702e+07
3.40763e+07
3.51078e+07
3.31463e+07
3.10459e+07
1.50797e+07
2.89816e+07
2.02137e+07
1.3559e+07
1.11583e+07
1.86132e+07
1.9628e+07
1.94284e+07
3.67475e+07
1.8807e+07
2.44305e+07
6.96538e+06
5.66695e+06
7.60973e+06
7.51586e+06
8.20513e+06
5.12072e+06
7.88029e+06
1.02611e+07
7.74761e+06
6.68375e+06
5.85413e+06
5.61976e+06
7.71358e+06
5.82629e+06
8.74242e+06
7.54446e+06
9.57466e+06
3.84724e+06
5.72697e+06
6.22035e+06
6.31584e+06
9.57211e+06
6.86085e+06
6.82414e+06
3.79579e+06
4.36715e+06
6.59623e+06
7.4705e+06
8.33346e+06
1.06635e+07
1.08319e+07
6.92467e+06
1.29812e+07
1.75941e+07
1.38901e+07
1.37874e+07
1.57247e+07
2.02604e+07
2.69941e+07
3.32211e+07
1.2616e+07
1.42151e+07
1.20362e+07
1.55613e+07
2.26397e+07
2.29436e+07
1.99167e+07
1.16562e+07
1.22538e+07
1.241e+07
1.60491e+07
1.89548e+07
1.28807e+07
1.49341e+07
1.48556e+07
2.07096e+07
2.6163e+07
1.79692e+07
1.52385e+07
1.18782e+07
1.75455e+07
2.43777e+07
2.38567e+07
2.12282e+07
1.14698e+07
9.39161e+06
9.25929e+06
1.2357e+07
1.58322e+07
1.02062e+07
9.99819e+06
5.50649e+06
1.09389e+07
1.63943e+07
1.39309e+07
1.45885e+07
9.94662e+06
1.16363e+07
1.41025e+07
1.56794e+07
1.78337e+07
2.34731e+07
3.01755e+07
9.8585e+06
1.2871e+07
1.11785e+07
1.48317e+07
2.37045e+07
2.38412e+07
2.03354e+07
1.2002e+07
1.32824e+07
1.48679e+07
1.79172e+07
2.01909e+07
1.37941e+07
1.59755e+07
1.67711e+07
2.26662e+07
2.75815e+07
1.8103e+07
1.4301e+07
1.09241e+07
1.77046e+07
2.63911e+07
2.50478e+07
2.18966e+07
1.19656e+07
1.03546e+07
1.82669e+07
2.20773e+07
2.65442e+07
3.05157e+07
1.29227e+07
1.15276e+07
8.04389e+06
6.35211e+06
5.82614e+06
9.25895e+06
1.23243e+07
1.06354e+07
1.42817e+07
1.30312e+07
1.81199e+07
2.03711e+07
1.40943e+07
1.61241e+07
1.75786e+07
2.27507e+07
2.67722e+07
1.67041e+07
1.29532e+07
9.87722e+06
1.73115e+07
2.65318e+07
2.44186e+07
2.09099e+07
1.11231e+07
1.03353e+07
1.27269e+07
1.44985e+07
1.67353e+07
1.06246e+07
1.08718e+07
7.63735e+06
1.30109e+07
1.76026e+07
1.38731e+07
1.37722e+07
9.26234e+06
1.15875e+07
1.61134e+07
1.32469e+07
1.13926e+07
1.43004e+07
1.08454e+07
9.24195e+06
1.108e+07
1.33754e+07
1.31314e+07
8.82547e+06
7.5614e+06
6.20946e+06
1.04944e+07
1.50674e+07
1.26411e+07
9.89059e+06
5.98144e+06
7.80723e+06
1.06832e+07
1.92108e+07
3.30109e+07
2.88572e+07
2.46685e+07
8.40586e+06
1.20672e+07
1.11535e+07
1.48269e+07
2.36967e+07
2.38372e+07
2.03182e+07
1.84985e+07
2.52579e+07
2.52397e+07
2.66469e+07
7.68176e+06
2.32574e+06
3.11619e+06
4.60579e+06
4.96691e+06
4.45602e+06
3.95565e+06
4.78671e+06
4.01136e+06
6.49623e+06
5.22601e+06
5.45933e+06
1.4997e+07
2.01515e+07
2.70529e+07
2.64943e+07
9.45503e+06
5.80888e+06
4.32916e+06
6.04836e+06
9.27438e+06
6.26407e+06
5.73431e+06
9.4045e+06
2.60222e+07
1.81228e+07
2.40426e+07
7.30636e+06
4.20338e+06
4.55153e+06
4.63416e+06
3.98855e+06
6.44672e+06
9.32783e+06
6.46649e+06
6.66933e+06
3.87547e+06
5.17365e+06
5.70595e+06
3.90176e+06
7.03151e+06
1.04085e+07
8.99301e+06
1.01571e+07
4.15071e+06
5.89445e+06
6.45711e+06
6.62205e+06
1.01028e+07
7.27416e+06
7.12337e+06
3.95491e+06
4.61908e+06
6.78076e+06
7.38064e+06
8.59908e+06
1.0869e+07
1.33241e+07
1.19572e+07
2.06122e+07
2.85996e+07
1.63705e+07
1.77812e+07
1.50405e+07
1.77378e+07
2.7674e+07
2.56618e+07
1.92374e+07
1.72098e+07
2.40997e+07
2.5335e+07
2.66643e+07
7.87003e+06
2.54384e+06
3.21165e+06
4.40568e+06
4.43432e+06
4.30209e+06
3.90633e+06
9.79544e+06
2.05785e+07
2.82159e+07
2.94881e+07
8.33746e+06
9.75614e+06
5.80632e+06
3.39519e+06
5.8874e+06
5.96308e+06
8.6965e+06
1.15441e+07
2.83385e+07
2.79683e+07
3.81954e+07
2.29864e+06
3.39851e+06
2.74849e+06
2.66917e+06
4.34169e+06
5.27591e+06
4.93745e+06
5.57028e+06
5.96334e+06
3.0188e+06
4.08646e+06
5.96542e+06
4.3626e+06
8.24868e+06
7.89614e+06
1.16329e+07
1.49452e+07
8.42246e+06
6.13206e+06
6.52687e+06
6.71136e+06
9.61105e+06
6.89013e+06
6.85036e+06
3.80184e+06
4.37587e+06
6.60461e+06
7.45997e+06
8.349e+06
1.06898e+07
1.08842e+07
6.97687e+06
1.30382e+07
1.76628e+07
1.39362e+07
1.3821e+07
9.29641e+06
1.17026e+07
1.62989e+07
1.35078e+07
1.24662e+07
1.68781e+07
1.48937e+07
1.36793e+07
1.14197e+07
6.82461e+06
7.61447e+06
9.53685e+06
1.32147e+07
1.50891e+07
1.02436e+07
7.05892e+06
4.00754e+06
7.50714e+06
1.17044e+07
1.14525e+07
1.11734e+07
8.03899e+06
7.53353e+06
8.3922e+06
1.0872e+07
1.19674e+07
8.40155e+06
7.71188e+06
6.09738e+06
8.9769e+06
1.39588e+07
1.28329e+07
1.14956e+07
6.87257e+06
7.27334e+06
8.76787e+06
1.22804e+07
1.40013e+07
9.58509e+06
7.19322e+06
5.27764e+06
9.54744e+06
1.20248e+07
1.04262e+07
9.96223e+06
7.21221e+06
9.70069e+06
1.35623e+07
1.33614e+07
1.18012e+07
7.6402e+06
7.68905e+06
8.18238e+06
1.23137e+07
1.48031e+07
1.11892e+07
8.50671e+06
5.4244e+06
8.95831e+06
1.35573e+07
1.28971e+07
1.21825e+07
8.45305e+06
9.35457e+06
1.23094e+07
1.40968e+07
1.33475e+07
8.19541e+06
