4.63579
9.45348
17.0441
31.0307
24.1292
35.4673
34.2985
36.3405
33.5717
20.2641
30.199
31.8012
45.7675
39.5225
41.6441
57.7572
67.0664
63.6401
73.4929
66.9852
60.6699
63.1762
86.2489
127.563
73.0095
68.7372
59.3342
84.7959
75.0599
76.1862
37.6681
22.4284
2.97649
10.1491
19.0967
31.7223
41.8807
20.7913
22.0892
26.3476
43.4836
59.7133
47.559
43.8859
22.8549
23.6056
50.5138
39.3084
50.8403
66.346
67.3696
52.7882
51.5955
67.4141
42.0511
43.5876
72.0516
159.059
220.244
241.484
396.369
182.782
135.021
90.941
114.473
147.674
122.444
114.819
107.367
109.442
131.745
112.382
81.9592
49.0205
73.3239
61.0054
77.6551
29.234
52.4274
74.1404
77.3934
105.088
106.248
89.7737
66.2676
39.9942
44.9356
57.0314
106.897
108.024
123.455
140.476
141.154
141.231
153.17
144.077
101.541
88.9414
175.172
273.825
326.768
332.795
253.996
143.292
187.082
91.1547
103.353
33.2767
40.9778
37.1265
49.0333
64.8072
77.8246
117.178
69.0027
102.03
155.976
82.1061
38.3242
57.6248
54.7253
62.6821
105.127
74.2618
59.653
90.7565
79.8069
55.2841
26.8616
51.0715
27.2116
29.1585
42.4779
54.9087
68.1804
97.3655
91.1118
52.7581
57.1326
63.249
71.803
113.102
94.4151
111.123
148.377
106.218
33.5295
23.0003
29.0903
36.7417
64.3446
43.2978
59.5804
42.3479
56.0717
86.2325
97.9157
73.4162
54.0553
59.1071
80.01
54.9121
46.0738
47.765
39.9243
11.4381
27.6788
38.3278
44.6968
43.6072
17.5938
22.1758
22.6334
23.6206
35.1784
31.3881
50.6073
59.534
82.3761
20.7084
38.2199
56.2345
78.6842
67.1097
53.6436
24.9076
32.4247
31.3429
39.643
54.8178
32.5916
45.2514
57.6781
57.8533
52.5441
30.996
30.6761
20.8213
25.7633
24.7573
42.2696
62.5183
77.8193
85.249
66.3382
39.424
30.4721
20.6031
11.436
17.7227
17.4728
27.672
27.9953
31.9372
37.896
48.9724
35.0696
14.7363
31.8269
40.4113
56.8477
58.3471
42.0858
35.8348
40.7769
40.2639
50.7032
50.4598
56.3297
63.839
88.0405
106.952
89.3083
59.038
38.4711
23.6081
32.7746
34.9426
50.8444
81.4737
105.262
68.1678
74.8454
37.9372
33.932
50.4162
35.9069
17.8918
32.0909
50.4868
82.1538
92.236
50.5218
23.782
26.0377
13.4722
20.7439
13.6345
24.9553
25.7338
32.9634
39.9483
27.699
43.7662
44.3421
71.3673
116.957
94.9593
81.8153
40.1917
57.0538
58.8335
67.9102
82.3767
74.1341
81.5779
53.9027
32.9575
101.165
51.8339
59.341
35.7553
38.505
32.7743
40.2631
66.4822
50.1537
63.5008
18.4641
17.1039
29.7579
31.0628
55.7586
103.722
70.8611
54.8101
19.8759
41.3294
45.1419
51.1607
41.0959
40.6056
37.4066
26.0534
40.4376
67.0446
41.931
69.2204
67.9986
63.0262
112.957
61.8348
60.6935
52.4031
81.4158
90.3019
95.1835
114.983
35.8725
44.6936
51.5873
61.4397
36.7519
32.1504
34.937
19.6797
22.3331
48.5915
57.043
74.4484
21.418
28.0909
45.1757
40.2006
35.928
43.0626
50.6244
49.477
44.6162
36.8793
21.2747
27.0914
54.1638
59.1882
50.365
16.7674
27.2734
51.7231
56.8805
86.3054
61.103
25.1325
24.9182
39.4682
36.2537
43.6797
38.5282
29.7734
39.2506
54.5382
64.4343
69.0011
67.743
85.0731
110.342
182.547
283.8
342.269
284.904
158.697
124.285
136.549
196.378
213.741
205.19
64.2257
85.5953
120.198
163.968
244.98
194.473
155.425
86.2182
100.753
107.648
159.072
122.656
99.198
85.4604
43.3097
28.8812
38.6831
30.9597
19.822
34.2713
44.3291
65.8634
41.6124
56.5756
71.1908
94.4997
162.124
167.801
168.674
132.49
133.162
190.783
311.371
324.991
350.306
271.325
97.5666
69.8713
105.243
86.1232
142.468
139.875
110.583
80.0871
125.248
157.523
148.828
177.336
58.6369
30.4731
33.9307
46.6013
31.1145
40.4709
69.1164
62.5265
73.6543
70.2642
82.1131
85.0281
92.7186
67.1522
79.7415
46.584
46.008
51.3005
22.2733
32.5721
52.8268
69.123
90.4979
92.3106
69.8582
30.1371
24.8967
36.0299
70.6324
97.5471
106.668
126.267
144.053
158.446
136.55
112.435
123.275
121.501
64.2911
29.5742
29.9557
46.101
70.4329
59.0894
57.2583
83.8225
49.4492
55.0926
48.1572
45.401
46.8062
13.276
15.1345
14.7658
14.2362
23.1216
26.2249
17.3416
27.4386
33.6566
62.4152
77.0469
81.2128
92.2337
143.88
176.929
204.032
208.054
196.991
168.908
280.807
411.943
512.328
500.438
335.806
142.574
67.2215
100.198
147.069
147.837
110.034
93.2411
138.357
232.336
279.909
282.907
352.749
223.719
90.0415
84.9676
74.1706
69.9341
72.8066
96.9223
99.821
55.637
39.6216
49.8258
61.9885
64.1684
56.0084
112.554
243.67
290.114
225.691
92.7477
72.2634
140.183
186.154
240.675
215.464
180.456
284.262
422.018
434.923
320.904
210.878
140.576
138.097
181.869
188.199
152.157
91.2359
73.7726
109.965
178.11
265.79
283.504
229.763
173.104
88.4831
69.212
101.77
101.601
98.5129
79.0059
51.04
44.9517
57.125
95.909
120.394
101.462
118.559
131.341
154.159
191.082
184.554
118.4
65.1976
64.4747
37.6087
50.7365
72.3873
104.379
139.309
122.901
75.4296
59.4322
88.5341
64.6829
58.5494
23.5288
48.1193
68.3395
90.3817
79.8163
58.0724
42.1027
57.1577
81.0476
50.6749
50.2406
60.7999
36.6442
50.0934
64.0815
56.7417
33.3545
41.4375
38.4184
52.1334
56.4501
49.7895
15.1171
15.9811
22.2774
14.9611
21.7346
41.1838
56.6894
40.3688
35.7247
16.8986
16.6185
30.7842
54.392
56.9906
46.4998
28.2723
36.7029
44.4746
48.7871
64.3145
51.8903
51.9437
73.287
65.553
64.6489
55.7393
42.1265
43.3916
74.579
83.0557
70.223
44.2446
14.9779
22.0149
20.5347
18.6957
14.7468
14.7955
20.474
19.3553
26.9811
38.1031
39.8239
79.7666
77.3237
73.45
56.9102
46.7234
28.3273
33.5559
54.0935
92.8103
153.392
275.082
366.571
461.66
520.26
566.777
512.667
540.019
508.499
602.701
661.734
631.933
622.084
898.53
803.923
449.717
278.28
279.013
246.236
271.645
364.041
324.129
331.066
398.611
439.337
585.276
357.074
211.218
29.6489
12.6949
31.9609
58.7041
86.195
117.261
87.5909
95.4972
83.0273
132.243
233.211
352.395
587.35
517.361
571.542
630.183
776.893
726.659
673.163
535.237
538.177
685.064
768.188
706.175
644.952
634.651
599.276
531.276
365.541
303.138
336.614
291.765
286.681
270.422
254.73
325.702
376.316
452.966
465.941
438.904
369.554
203.552
57.1302
79.9964
124.016
144.334
105.566
56.0346
92.9691
160.884
238.895
362.971
498.651
530.995
473.839
432.948
339.781
320.804
235.532
107.503
133.213
112.024
93.3037
82.0994
91.5404
133.262
189.665
226.163
247.712
331.327
263.276
191.854
132.973
81.6956
69.8385
62.1049
38.7217
28.3587
44.1282
70.9312
146.152
161.365
153.805
110.808
121.795
132.081
127.13
98.0126
96.0274
92.5286
100.689
134.958
118.15
79.3549
119.402
142.457
236.808
189.018
130.347
126.02
101.712
158.586
218.178
261.783
195.034
171.232
114.098
53.0599
74.1577
72.0647
93.13
135.501
129.386
120.662
107.745
77.7764
102.979
110.024
99.5914
99.3486
133.88
165.546
158.922
172.165
184.401
90.2692
68.8634
40.7524
32.7706
8.03089
14.6132
31.5543
57.0264
94.797
107.631
109.773
80.0406
107.701
105.455
83.5784
70.6969
114.288
152.856
177.925
186.934
194.552
156.933
143.815
109.8
50.0359
53.7925
63.4878
18.8942
18.5482
24.3834
46.7108
64.0832
66.4164
72.5861
44.2962
41.846
22.0476
28.1269
26.2548
