1.73957
1.77955
1.74002
1.72958
1.7392
1.75759
1.7571
1.76857
1.73359
1.70612
1.71736
1.71661
1.71566
1.75992
1.76657
1.71419
1.71168
1.71935
1.78031
1.72983
1.71138
1.78284
1.74909
1.78672
1.81858
1.71604
1.75998
1.6981
1.68507
1.68867
1.61156
1.74044
1.67063
1.76646
1.84564
1.73355
1.84067
1.76671
1.72274
1.64989
1.61618
1.74659
1.75689
1.74881
1.82063
1.7776
1.78511
1.73881
1.70152
1.70879
1.59526
1.61212
1.66662
1.73531
1.71921
1.83069
1.8304
1.74284
1.80458
1.6955
1.74051
1.84276
1.79453
1.79136
1.75046
1.69024
1.71663
1.63715
1.65071
1.66548
1.62523
1.84624
1.83471
1.75974
1.77206
1.74153
1.74262
1.6825
1.76717
1.75242
1.72547
1.80188
1.73959
1.84702
1.85359
1.73435
1.70754
1.63973
1.69591
1.63137
1.67326
1.7484
1.72915
1.7333
1.79426
1.7886
1.81723
1.84337
1.70997
1.69419
1.74298
1.69786
1.70857
1.7706
1.79635
1.731
1.76424
1.79751
1.79564
1.80363
1.73531
1.66427
1.68454
1.64035
1.65384
1.70379
1.70054
1.76255
1.76701
1.70296
1.73725
1.63943
1.6329
1.69196
1.6744
1.79091
1.80076
1.83199
1.85132
1.80881
1.72681
1.64652
1.68271
1.73927
1.72303
1.79923
1.70679
1.76792
1.73064
1.70037
1.73042
1.50538
1.66702
1.65493
1.81938
1.85296
1.7608
1.7304
1.75367
1.7236
1.72173
1.70983
1.66066
1.73269
1.7729
1.86465
1.83317
1.76176
1.73262
1.71886
1.74302
1.66324
1.66462
1.71682
1.72519
1.74414
1.75313
1.73283
1.74461
1.67936
1.66643
1.71858
1.69846
1.72994
1.7561
1.80334
1.80659
1.72033
1.68122
1.73226
1.74747
1.78774
1.80338
1.77248
1.78604
1.6578
1.68703
1.72202
1.7088
1.65846
1.69204
1.75617
1.79527
1.78459
1.71759
1.71534
1.7231
1.64891
1.73678
1.75693
1.79788
1.79931
1.72188
1.78957
1.71046
1.70404
1.6756
1.71964
1.79989
1.70664
1.67455
1.79409
1.73437
1.69276
1.74811
1.7132
1.79911
1.81745
1.781
1.81089
1.76278
1.78333
1.75176
1.63136
1.6557
1.5706
1.64068
1.8387
1.91243
1.82314
1.72292
1.69541
1.71275
1.69558
1.71081
1.71998
1.71124
1.81415
1.80563
1.8266
1.8529
1.78639
1.80936
1.78974
1.75887
1.666
1.63152
1.73163
1.70312
1.71932
1.75304
1.71487
1.74068
1.70712
1.68888
1.68075
1.65165
1.66426
1.68928
1.76716
1.76529
1.72947
1.70709
1.77452
1.83649
1.78986
1.75428
1.68834
1.7065
1.66829
1.71462
1.68081
1.67674
1.69599
1.7617
1.77811
1.79234
1.75976
1.66117
1.60984
1.6512
1.67373
1.66083
1.80031
1.78334
1.8613
1.87318
1.76801
1.77891
1.7954
1.79534
1.70104
1.69012
1.7084
1.7102
1.72054
1.72254
1.76718
1.73583
1.74645
1.78009
1.69269
1.68609
1.72401
1.65849
1.77925
1.79516
1.7301
1.73432
1.7387
1.75758
1.73884
1.83206
1.81405
1.79286
1.68326
1.69865
1.70925
1.68435
1.79101
1.72389
1.74114
1.83706
1.69676
1.75097
1.75951
1.67425
1.6433
1.63522
1.74882
1.73282
1.73594
1.74757
1.75549
1.81119
1.71919
1.77879
1.79412
1.75446
1.71923
1.70471
1.72162
1.71256
1.7127
1.71174
1.79676
1.80765
1.73596
1.77463
1.87301
1.85853
1.69478
1.67152
1.66731
1.70324
1.67509
1.69805
1.771
1.75312
1.73069
1.78202
1.68317
1.65137
1.68737
1.64572
1.77096
1.71982
1.7781
1.78759
1.81397
1.87315
1.73744
1.75663
1.83622
1.74393
1.67324
1.68315
1.68096
1.72207
1.73829
1.71611
1.69653
1.72022
1.69238
1.79891
1.71677
1.69856
1.69821
1.6704
1.80315
1.7587
1.7364
1.67632
1.73855
1.83221
1.73776
1.75146
1.8242
1.794
1.72129
1.7492
1.7585
1.78746
1.82603
1.81432
1.75211
1.77492
1.67885
1.67776
1.73812
1.69032
1.6066
1.55001
1.72107
1.81887
1.7654
1.71336
1.8331
1.84093
1.7407
1.76276
1.68937
1.75481
1.65879
1.73634
1.76763
1.75997
1.81121
1.6473
1.71143
1.67943
1.67066
1.64716
1.72799
1.78009
1.73643
1.68535
1.78502
1.78272
1.72567
1.7367
1.67493
1.73625
1.7122
1.75238
1.78583
1.70682
1.67719
1.72888
1.68329
1.73818
1.79327
1.75368
1.78821
1.74689
1.76243
1.77923
1.76433
1.76283
1.66204
1.66165
1.68415
1.74038
1.77663
1.77972
1.74166
1.71196
1.70913
1.72518
1.74817
1.6747
1.77855
1.75839
1.73259
1.76857
1.73281
1.75821
1.6799
1.6453
1.6895
1.72829
1.827
1.73048
1.75789
1.80008
1.67495
1.69204
1.67152
1.63541
1.59371
1.7348
1.80491
1.91574
1.89627
1.74857
1.73181
1.74025
1.69404
1.71188
1.71497
1.7015
1.75893
1.76626
1.77769
1.77011
1.75216
1.72564
1.67479
1.69492
1.64605
1.65376
1.77246
1.72988
1.7965
1.81086
1.74919
1.80274
1.80019
1.75286
1.69859
1.73879
1.70972
1.76436
1.78418
1.7861
1.74786
1.75097
1.69517
1.68428
1.63512
1.57631
1.60159
1.68
1.76584
1.74769
1.89004
1.92274
1.81148
1.77579
1.68835
1.69125
1.70548
1.68292
1.7641
1.74579
1.70818
1.6771
1.66347
1.69236
1.58964
1.64222
1.70259
1.76141
1.81433
1.7385
1.83455
1.82809
1.77453
1.75738
1.7508
1.7646
1.65957
1.70752
1.74347
1.78862
1.81356
1.78437
1.70834
1.67937
1.67444
1.69709
1.72319
1.72488
1.79446
1.73168
1.78047
1.80129
1.77723
1.77541
1.66498
1.67303
1.7174
1.7519
1.82189
1.81568
1.79488
1.79302
1.66465
1.74519
1.7522
1.66345
1.71459
1.67304
1.79111
1.79771
1.73465
1.78306
1.68166
1.73717
1.68638
1.71964
1.81993
1.69467
1.70433
1.80305
1.75945
1.73593
1.71682
1.62845
1.66149
1.75167
1.8231
1.89504
1.82292
1.77877
1.71687
1.65145
1.63962
1.66038
1.70266
1.72097
1.74389
1.69216
1.69949
1.6856
1.71103
1.68159
1.74603
1.83246
1.79176
1.87253
1.81891
1.78877
1.68702
1.71885
1.69932
1.67934
1.74994
1.67459
1.74782
1.75795
1.70549
1.80303
1.76423
1.73845
1.69202
1.60908
1.6687
1.71397
1.84407
1.92117
1.76131
1.79593
1.71646
1.65335
1.72864
1.59113
1.69528
1.84744
1.81966
1.84686
1.76161
1.66457
1.61616
1.64052
1.75478
1.77499
1.85363
1.81652
1.86028
1.7804
1.6385
1.65171
1.67404
1.75214
1.73404
1.76756
1.78824
1.76216
1.66909
1.64886
1.67359
1.5777
1.67923
1.78135
1.8722
1.87854
1.86513
1.76306
1.77391
1.6425
1.59572
1.60806
1.5593
1.84837
1.76827
1.985
1.888
1.65344
1.53409
1.53492
1.70952
1.67463
1.77491
1.81985
1.87024
1.87574
1.78395
1.77471
1.7625
1.67259
1.55939
1.58195
1.57009
1.64604
1.71789
1.79576
1.87998
1.83408
1.68593
1.70186
1.79331
1.74591
1.77335
1.76619
1.75756
1.73461
1.69898
1.71306
1.69086
1.74583
1.71567
1.76624
1.8086
1.77096
1.75307
1.73692
1.72732
1.73727
1.73345
1.7258
1.77278
1.73668
1.76385
1.79457
1.79069
1.78403
1.70551
1.67041
1.68574
1.67402
1.69998
1.71985
1.74186
1.77733
1.73278
1.83476
1.73947
1.63694
1.69201
1.6241
1.75187
1.78987
1.71702
1.80327
1.71801
1.76779
1.7636
1.73511
1.82141
1.65461
1.68523
1.7768
1.71852
1.73023
1.77446
1.71256
1.69735
1.73804
1.74719
1.77582
1.78757
1.76823
1.60875
1.66329
1.63032
1.70152
1.75616
1.72123
1.79786
1.78117
1.80292
1.76788
1.718
1.68923
1.75005
1.76936
1.80266
1.79872
1.7606
1.76368
1.672
1.69974
1.63044
1.65958
1.72278
1.70177
1.75628
1.74028
1.73987
1.80946
1.76728
1.74612
1.79406
1.71443
1.80953
1.90134
1.82214
1.90254
1.85509
1.77497
1.66873
1.48108
1.60992
1.5224
1.51766
1.7768
1.72405
1.84855
1.88107
1.76536
1.74974
1.70213
1.76896
1.80591
1.81035
1.80787
1.7911
1.69534
1.80292
1.78785
1.63267
1.66298
1.51911
1.53219
1.58903
1.64023
1.82497
1.7399
1.74643
1.82128
1.70053
1.76115
1.84506
1.80111
1.70983
1.76637
1.73638
1.77392
1.71968
1.65154
1.72489
1.74587
1.80722
1.818
1.74861
1.75807
1.74458
1.6534
1.71346
1.71213
1.7758
1.77563
1.82031
1.77561
1.62831
1.66194
1.76646
1.74507
1.70862
1.73423
1.78636
1.77283
1.76939
1.68177
1.65981
1.84119
1.75445
1.89117
1.88352
1.7778
1.75927
1.7292
1.84383
1.85555
1.74008
1.72714
1.74473
1.67088
1.60228
1.6002
1.58673
1.61227
1.59937
1.63069
1.79006
1.79736
1.84208
1.78141
1.7916
1.88965
1.71271
1.80246
1.90332
1.84208
1.78218
1.75533
1.69112
1.65759
1.67514
1.68498
1.60196
1.60476
1.57055
1.64504
1.77883
1.75113
1.79901
1.74629
1.68427
1.69454
1.65552
1.68919
1.81315
1.83941
1.82344
1.87148
1.77464
1.70125
1.62545
1.62551
1.68619
1.62261
1.70942
1.69348
1.72566
1.81788
1.68298
1.76348
1.80045
1.73002
1.70103
1.67424
1.79365
1.7717
1.77013
1.79017
1.73252
1.78369
1.69696
1.75197
1.75621
1.70493
1.70578
1.69867
1.78938
1.78983
1.72596
1.72463
1.82718
1.84245
1.73114
1.75141
1.78695
1.76647
1.79674
1.73395
1.70391
1.72484
1.69911
1.69137
1.67335
1.62801
1.67703
1.66125
1.78972
1.79464
1.71457
1.77664
1.72006
1.91012
1.71412
1.60268
1.65468
1.66576
1.79641
1.969
1.79476
1.90187
1.67884
1.58517
1.654
1.47202
1.7223
1.54528
1.76643
1.9593
1.75709
1.67946
1.75435
1.65366
1.68428
1.81219
1.72854
1.794
1.82647
1.75813
1.68219
1.66413
1.62694
1.68562
1.83702
1.8592
1.82023
1.79743
1.76835
1.70017
1.71725
1.67499
1.66772
1.77047
1.75912
1.81651
1.79368
1.73198
1.75019
1.70843
1.75475
1.79996
1.72246
1.71275
1.7255
1.71376
1.76863
1.82633
1.72602
1.75783
1.65521
1.66168
1.69594
1.63888
1.74438
1.63616
1.73361
1.83737
1.72054
1.74802
1.79295
1.77287
1.64734
1.66537
1.65081
1.67381
1.85183
1.83875
1.81752
1.81952
1.59367
1.59942
1.60547
1.6033
1.67945
1.6805
1.89156
1.90303
1.79745
1.79289
1.66074
1.65168
1.7351
1.75306
1.77715
1.77514
1.75548
1.72763
1.75674
1.7632
1.68625
1.69945
1.71005
1.6851
1.76027
1.80786
1.77083
1.7512
1.71868
1.72595
1.6216
1.66134
1.83133
1.86237
1.78464
1.80877
1.68628
1.6865
1.76176
1.64543
1.77641
1.79543
1.8204
1.80399
1.78505
1.81257
1.55095
1.59507
1.72206
1.76607
1.77712
1.70851
1.78472
1.77355
1.6945
1.69946
1.62917
1.63345
1.64445
1.64648
1.8072
1.84312
1.8406
1.82128
1.78577
1.75419
1.62416
1.67886
1.74934
1.74383
1.79165
1.78336
1.78702
1.78187
1.76031
1.75286
1.67823
1.71677
1.6288
1.67991
1.77252
1.68014
1.77675
1.73735
1.7838
1.75907
1.77244
1.80015
1.63583
1.71557
1.68596
1.75691
1.83416
1.77241
1.72137
1.76176
1.68789
1.71355
1.74058
1.68574
1.8801
1.88488
1.99005
2.03734
1.74677
1.73525
1.68129
1.68257
1.63625
1.6732
1.71955
1.7541
1.7078
1.72284
1.69747
1.65727
1.77686
1.68926
1.85213
1.88085
1.79625
1.82323
1.9207
1.95561
1.59374
1.56366
1.57164
1.59302
1.75856
1.74997
1.7909
1.83584
1.59936
1.70389
1.68347
1.68788
1.76081
1.66587
1.89812
1.8221
1.71962
1.6225
1.60838
1.69117
1.61545
1.58731
1.61308
1.60906
1.64753
1.74809
1.79434
1.85106
1.78835
1.69374
1.68699
1.71773
1.73557
1.74766
1.74315
1.73843
1.73959
1.66494
1.71874
1.72073
1.75618
1.77284
1.74172
1.73911
1.73805
1.71504
1.81447
1.74462
1.69176
1.81271
1.72852
1.85425
1.80317
1.67102
1.73431
1.65077
1.79836
1.84921
1.68067
1.80525
1.68244
1.68569
1.79461
1.71636
1.74274
1.68036
1.71644
1.6882
1.68003
1.70293
1.82352
1.83024
1.72091
1.78984
1.66574
1.69846
1.74284
1.65291
1.68366
1.77141
1.76349
1.83862
1.72592
1.66464
1.65337
1.60504
1.70591
1.77316
1.7556
1.72598
1.79265
1.72353
1.75303
1.72844
1.71691
1.75307
1.6456
1.77463
1.62331
1.7067
1.85591
1.77078
1.71441
1.73266
1.67879
1.68464
1.77235
1.7434
1.78875
1.79203
1.69684
1.72369
1.77964
1.79239
1.7769
1.75317
1.81617
1.79198
1.7666
1.76631
1.68439
1.73105
1.61426
1.65977
1.73645
1.7155
1.73451
1.70852
1.78747
1.82679
1.71971
1.69436
1.7278
1.70756
1.69861
1.72252
1.73513
1.78926
1.71268
1.73492
1.77441
1.74599
1.75674
1.65413
1.70639
1.7566
1.71116
1.71558
1.75657
1.76001
1.68805
1.69963
1.75895
1.76937
1.71081
1.69672
1.68262
1.70059
1.7115
1.73734
1.82865
1.81799
1.75143
1.73277
1.70835
1.72518
1.7343
1.73311
1.8174
1.79258
1.72823
1.72809
1.70332
1.71522
1.67804
1.68628
1.72141
1.76847
1.764
1.73852
1.77547
1.73212
1.71565
1.71993
1.72417
1.72929
1.75358
1.7518
1.78473
1.80542
1.7895
1.74931
1.6789
1.71738
1.6396
1.71123
1.74491
1.71098
1.7672
1.77746
1.79018
1.79772
1.79192
1.76765
1.83276
1.88202
1.9033
1.9129
1.87112
1.81328
1.70235
1.73141
1.60072
1.60448
1.63342
1.63276
1.5786
1.56012
1.59915
1.65396
1.80143
1.78306
1.87589
1.83251
1.79809
1.86315
1.8492
1.86867
1.8015
1.7492
1.74485
1.76985
1.75524
1.63418
1.6212
1.58599
1.56394
1.56997
1.56589
1.66295
1.65364
1.80431
1.86112
1.79574
1.86651
1.68028
1.66902
1.78562
1.67145
1.74116
1.79226
1.72536
1.74135
1.72273
1.77135
1.78811
1.72977
1.75179
1.75634
1.79082
1.75785
1.75423
1.71858
1.63402
1.65824
1.71645
1.7752
1.81254
1.78417
1.7499
1.78036
1.76031
1.70359
1.68445
1.75449
1.77055
1.70941
1.74676
1.73755
1.81607
1.78457
1.74123
1.65629
1.63276
1.64838
1.72511
1.80838
1.83564
1.79819
1.76571
1.73664
1.72182
1.70377
1.69885
1.71081
1.74127
1.76531
1.71642
1.77435
1.69532
1.68541
1.76532
1.69781
1.69503
1.78545
1.77647
1.74421
1.74482
1.64629
1.67524
1.75106
1.72037
1.8486
1.78549
1.8215
1.80334
1.67629
1.68734
1.57641
1.63007
1.73699
1.80482
1.85133
1.80085
1.76502
1.81883
1.74293
1.76506
1.67638
1.61346
1.68611
1.69148
1.842
1.86347
1.77178
1.7714
1.70415
1.65777
1.62087
1.61859
1.80039
1.81089
1.75702
1.77198
1.71098
1.75411
1.82632
1.76351
1.74888
1.77975
1.70858
1.7492
1.70766
1.68534
1.66644
1.68869
1.77654
1.80101
1.73549
1.70291
1.74622
1.73989
1.69758
1.66733
1.6458
1.64899
1.75799
1.70747
1.75785
1.74266
1.83891
1.86628
1.62187
1.71683
1.66942
1.82127
1.80969
1.68543
1.7528
1.78586
1.74334
1.86404
1.70943
1.80678
1.68129
1.62165
1.70778
1.51066
1.75678
1.58634
1.75734
1.92458
1.70987
1.71346
1.74463
1.74833
1.79255
1.77628
1.71565
1.72919
1.77536
1.76325
1.68393
1.6601
1.77016
1.7813
1.78386
1.76646
1.73887
1.71318
1.63443
1.71937
1.73736
1.75634
1.71646
1.72257
1.81042
1.74023
1.73063
1.70827
1.74115
1.82271
1.72182
1.78412
1.74721
1.6688
1.66926
1.67187
1.79325
1.76811
1.73911
1.74924
1.73474
1.76484
1.66783
1.71982
1.79647
1.76106
1.70855
1.6806
1.72638
1.71229
1.6979
1.70246
1.70333
1.73551
1.70167
1.73433
1.80218
1.78135
1.74471
1.73248
1.71524
1.72479
1.70865
1.70918
1.7185
1.69102
1.72371
1.75618
1.80535
1.79388
1.7394
1.7211
1.71958
1.76568
1.77276
1.76318
1.72491
1.73439
1.67315
1.69545
1.7106
1.70335
1.70536
1.76688
1.75062
1.73312
1.752
1.67685
1.80685
1.80311
1.82701
1.82127
1.81445
1.82181
1.6349
1.66654
1.68846
1.71195
1.84574
1.81049
1.69679
1.73681
1.63042
1.66936
1.61308
1.58778
1.66949
1.65448
1.87364
1.90329
1.89994
1.89343
1.75541
1.70802
1.68855
1.68892
1.65826
1.68414
1.79615
1.82759
1.75784
1.75714
1.7355
1.67805
1.591
1.64657
1.65046
1.6922
1.80466
1.78611
1.83123
1.81123
1.72971
1.75321
1.76189
1.75407
1.66487
1.65301
1.72215
1.74154
1.79507
1.80263
1.71071
1.73455
1.71471
1.72286
1.79306
1.69873
1.75803
1.73161
1.75964
1.78568
1.69545
1.71071
1.72735
1.74708
1.72562
1.74608
1.70222
1.72491
1.74657
1.78221
1.81305
1.78114
1.71885
1.64947
1.7101
1.71004
1.74109
1.78867
1.90455
1.88438
1.64236
1.61767
1.72588
1.73529
1.73762
1.74026
1.69577
1.77875
1.68467
1.85043
1.82049
1.7416
1.65356
1.63175
1.69287
1.67842
1.74016
1.74895
1.80333
1.84914
1.72473
1.64442
1.70062
1.59153
1.74246
1.81176
1.79559
1.77611
1.71328
1.70929
1.67772
1.71946
1.72282
1.74836
1.79552
1.77594
1.73827
1.74842
1.63206
1.64489
1.71782
1.71502
1.71465
1.7064
1.7753
1.80169
1.80827
1.80691
1.7066
1.70383
1.72221
1.74269
1.81022
1.82265
1.71403
1.71142
1.73604
1.71688
1.68564
1.66757
1.75994
1.75819
1.78958
1.80725
1.71429
1.72107
1.73579
1.67998
1.81948
1.8213
1.74153
1.75167
1.79043
1.79685
1.65611
1.67198
1.71893
1.70364
1.63897
1.7077
1.79488
1.85814
1.79194
1.7219
1.72854
1.74036
1.71652
1.74224
1.71906
1.7238
1.68158
1.64524
1.73665
1.73157
1.6479
1.65835
1.74427
1.73719
1.63972
1.66037
1.82395
1.80578
1.83166
1.84818
1.7511
1.77287
1.81449
1.8143
1.63846
1.63173
1.57832
1.63331
1.77503
1.75922
1.7347
1.67545
1.75992
1.77077
1.70632
1.75789
1.72091
1.76237
1.82596
1.8234
1.79023
1.68178
1.69751
1.76733
1.77126
1.79279
1.72999
1.7149
1.71769
1.72083
1.72218
1.75205
1.74875
1.73807
1.77327
1.73801
1.76465
1.7576
1.75702
1.76248
1.68749
1.71442
1.61268
1.63389
1.77532
1.73981
1.7256
1.74071
1.77576
1.8651
1.74845
1.68908
1.70078
1.69718
1.72327
1.81256
1.78279
1.83625
1.73605
1.65396
1.68991
1.58337
1.66548
1.6025
1.79055
1.8455
1.73918
1.74877
1.80859
1.74545
1.74047
1.74173
1.71205
1.75515
1.79866
1.75032
1.75097
1.72825
1.67283
1.71665
1.68818
1.70374
1.67034
1.76842
1.83212
1.80319
1.7587
1.66108
1.61975
1.72873
1.71718
1.7903
1.82029
1.76558
1.69698
1.69913
1.77029
1.78742
1.73527
1.72828
1.7267
1.72081
1.66421
1.68308
1.70057
1.7142
1.70132
1.69774
1.77901
1.75436
1.79134
1.76931
1.80851
1.80982
1.66646
1.69829
1.75833
1.75825
1.75698
1.73281
1.81292
1.80175
1.75565
1.78332
1.68092
1.72301
1.66982
1.68476
1.77698
1.71199
1.75688
1.78508
1.75144
1.77083
1.72879
1.72622
1.67235
1.67116
1.74058
1.73676
1.76063
1.76961
1.7112
1.71727
1.67495
1.6912
1.72455
1.71337
1.75062
1.72158
1.73993
1.766
1.7186
1.71688
1.7649
1.70648
1.76729
1.7479
1.69843
1.71706
1.63298
1.6903
1.69224
1.74698
1.81032
1.76612
1.74239
1.76109
1.72809
1.7873
1.76802
1.7353
1.76878
1.7526
1.80866
1.8261
1.73537
1.77567
1.65135
1.66977
1.72571
1.71583
1.78743
1.72209
1.82668
1.82144
1.74422
1.77259
1.71884
1.71575
1.7549
1.70456
1.7239
1.68932
1.76988
1.80304
1.71381
1.8001
1.66817
1.72664
1.72283
1.62932
1.61434
1.64707
1.79666
1.83718
1.89162
1.87452
1.7867
1.77966
1.70405
1.71393
1.69507
1.70778
1.64102
1.64892
1.71296
1.70845
1.72921
1.69695
1.71528
1.70312
1.65137
1.69397
1.74267
1.73673
1.80115
1.73699
1.84319
1.86537
1.75523
1.78034
1.69942
1.69276
1.64041
1.67389
1.73159
1.70187
1.74137
1.77261
1.81241
1.78153
1.75675
1.67911
1.65089
1.75941
1.72661
1.77725
1.79046
1.74496
1.70242
1.72952
1.75792
1.7881
1.77778
1.76028
1.69789
1.69057
1.66306
1.67949
1.74295
1.74147
1.77867
1.7742
1.81486
1.83813
1.81462
1.81569
1.66216
1.66755
1.60037
1.60524
1.66676
1.66248
1.78094
1.76648
1.74571
1.77481
1.64931
1.65966
1.72305
1.65304
1.80255
1.83915
1.87055
1.88619
1.89222
1.84818
1.75496
1.69719
1.67863
1.67372
1.51191
1.65668
1.63639
1.72548
1.81591
1.73349
1.71198
1.69639
1.72032
1.77733
1.81131
1.80036
1.72455
1.69751
1.75547
1.76675
1.70121
1.7543
1.73573
1.76214
1.70578
1.6828
1.72005
1.62228
1.69207
1.72775
1.76941
1.77759
1.75223
1.75711
1.74904
1.74834
1.72344
1.72361
1.77066
1.76723
1.71995
1.74688
1.72927
1.76927
1.71766
1.69056
1.72871
1.69249
1.72023
1.76801
1.74971
1.73492
1.689
1.65041
1.73716
1.73347
1.82527
1.8613
1.82252
1.84667
1.69584
1.7276
1.76413
1.68754
1.66152
1.69315
1.76909
1.7551
1.70777
1.71556
1.67654
1.7067
1.67385
1.76311
1.74862
1.72803
1.76701
1.71709
1.8148
1.73475
1.68256
1.65788
1.66848
1.77459
1.74667
1.80921
1.84442
1.79609
1.71106
1.69201
1.66706
1.6588
1.69865
1.70189
1.79426
1.8216
1.71289
1.73369
1.7454
1.69828
1.6276
1.6462
1.69019
1.70386
1.81059
1.78489
1.86477
1.81789
1.76793
1.79421
1.70717
1.76434
1.63891
1.66133
1.78498
1.73679
1.77214
1.77908
1.71134
1.7109
1.67522
1.75896
1.7553
1.72485
1.75164
1.70921
1.77497
1.78286
1.72372
1.78574
1.68367
1.73367
1.78262
1.76284
1.77503
1.66033
1.6646
1.73242
1.69286
1.70507
1.75229
1.75444
1.77741
1.78514
1.81116
1.81435
1.81113
1.81757
1.71918
1.71938
1.59218
1.59439
1.64926
1.64987
1.72669
1.72301
1.79594
1.80274
1.76032
1.76452
1.71666
1.70558
1.76654
1.77976
1.85762
1.8647
1.78005
1.76861
1.66697
1.68294
1.59092
1.58808
1.65072
1.64723
1.80977
1.88308
1.83566
1.82835
1.78819
1.79942
1.73033
1.73169
1.79062
1.8113
1.79512
1.86013
1.8267
1.79271
1.80673
1.70738
1.75308
1.74066
1.72276
1.70699
1.75873
1.80171
1.69237
1.67088
1.81496
1.7961
1.84412
1.85117
1.76835
1.80147
1.74975
1.79702
1.81282
1.77885
1.75065
1.74268
1.72087
1.71418
1.65077
1.65057
1.58268
1.59619
1.64856
1.69114
1.65296
1.63917
1.75701
1.7217
1.77657
1.78999
1.756
1.77034
1.63265
1.62154
1.80895
1.80679
1.73458
1.71392
1.73137
1.74541
1.59114
1.67165
1.66982
1.6537
1.60699
1.57152
1.70569
1.64747
1.74659
1.73331
1.77248
1.88721
1.64683
1.71567
1.79169
1.71981
1.69408
1.7056
1.76939
1.78196
1.81993
1.82288
1.79161
1.78401
1.65931
1.67072
1.65938
1.65984
1.68618
1.68117
1.76708
1.78157
1.81507
1.80924
1.75454
1.7208
1.593
1.62477
1.71116
1.71239
1.85147
1.82871
1.85375
1.83674
1.71689
1.73367
1.5709
1.62266
1.67996
1.74453
1.78756
1.74582
1.83422
1.77727
1.7427
1.77365
1.67074
1.66648
1.70639
1.66516
1.81024
1.82209
1.79684
1.81565
1.65773
1.72034
1.63998
1.70213
1.78993
1.73915
1.74596
1.7151
1.70424
1.71019
1.75498
1.70317
1.68126
1.69444
1.68706
1.69095
1.76305
1.76965
1.72778
1.83096
1.75788
1.81308
1.82343
1.71136
1.68936
1.71136
1.72159
1.71893
1.66802
1.67612
1.69755
1.70657
1.78853
1.80747
1.79259
1.78568
1.74277
1.68338
1.72462
1.75486
1.73546
1.74663
1.76183
1.70582
1.71911
1.71071
1.70068
1.70024
1.70668
1.74416
1.75112
1.79304
1.82469
1.76974
1.71247
1.7605
1.71933
1.72738
1.7582
1.69255
1.66617
1.75491
1.73732
1.79254
1.78688
1.7497
1.6408
1.63882
1.64682
1.6522
1.70655
1.69574
1.82542
1.82979
1.80035
1.80826
1.71295
1.70488
1.66822
1.67279
1.70995
1.7206
1.76887
1.76875
1.81774
1.81372
1.6855
1.69203
1.69465
1.70014
1.66116
1.64986
1.75772
1.78217
1.84444
1.84358
1.75383
1.72381
1.71656
1.74405
1.76781
1.78036
1.68583
1.69122
1.80616
1.8099
1.78913
1.78005
1.69836
1.7494
1.70078
1.69761
1.82621
1.75708
1.74261
1.76848
1.69647
1.70362
1.66108
1.67004
1.74156
1.74931
1.75775
1.75538
1.74454
1.75886
1.72272
1.71531
1.75821
1.76635
1.70063
1.70587
1.7789
1.74286
1.74584
1.73287
1.68226
1.6937
1.57779
1.60148
1.72481
1.76005
1.8324
1.80862
1.77325
1.74599
1.64537
1.72368
1.85788
1.85236
1.83403
1.7527
1.76634
1.68563
1.65048
1.67577
1.64735
1.78695
1.73517
1.81849
1.84999
1.7346
1.72566
1.74023
1.75702
1.78313
1.67113
1.67206
1.74777
1.73429
1.804
1.81047
1.70664
1.72203
1.62655
1.61982
1.68345
1.70098
1.78114
1.7431
1.85282
1.84056
1.77454
1.7915
1.77876
1.7851
1.6509
1.66041
1.70899
1.72988
1.72828
1.72941
1.68313
1.71556
1.6722
1.66768
1.78164
1.71286
1.72602
1.76654
1.70825
1.71842
1.75329
1.73667
1.80535
1.81269
1.74015
1.74485
1.80307
1.77545
1.76472
1.69116
1.6936
1.75121
1.6705
1.70987
1.71984
1.68276
1.81507
1.76414
1.72431
1.7557
1.59591
1.69284
1.6573
1.75384
1.8146
1.74377
1.76917
1.78741
1.77822
1.78251
1.69462
1.61763
1.68896
1.71718
1.77801
1.79108
1.8064
1.85079
1.68564
1.67295
1.6718
1.6751
1.80278
1.71628
1.82763
1.82985
1.75159
1.70173
1.69279
1.71907
1.58338
1.68753
1.75928
1.83366
1.94828
1.82991
1.72745
1.74206
1.68372
1.70604
1.73843
1.68188
1.75219
1.70981
1.78435
1.835
1.65864
1.76579
1.62471
1.67694
1.75622
1.67192
1.68082
1.70248
1.86323
1.7419
1.70874
1.7436
1.72419
1.72461
1.74585
1.6667
1.75732
1.67473
1.65986
1.68799
1.5552
1.78869
1.6699
1.86019
2.00255
1.83807
1.64987
1.63271
1.66027
1.66087
1.71119
1.72512
1.71964
1.73142
1.73462
1.74418
1.73985
1.71442
1.73945
1.74526
1.7265
1.74931
1.72953
1.72869
1.86602
1.80801
1.73396
1.75987
1.77246
1.78314
1.72919
1.65718
1.70915
1.68267
1.76091
1.78267
1.74139
1.82312
1.66254
1.77839
1.78734
1.71581
1.6253
1.61569
1.74777
1.80717
1.81596
1.77258
1.80896
1.81942
1.68949
1.72365
1.67588
1.70085
1.67862
1.70673
1.81228
1.74993
1.76133
1.64649
1.68156
1.76637
1.70326
1.7191
1.7436
1.73696
1.70428
1.69545
1.70804
1.73009
1.75035
1.7399
1.7853
1.77679
1.75649
1.74806
1.71545
1.71655
1.67077
1.70887
1.74511
1.78098
1.84088
1.80854
1.75696
1.75656
1.67677
1.68789
1.72769
1.72759
1.70529
1.70502
1.77121
1.77659
1.70994
1.70922
1.69105
1.68952
1.71742
1.74514
1.82568
1.82247
1.71939
1.70707
1.72073
1.70827
1.75875
1.76628
1.81342
1.83564
1.69605
1.73303
1.7353
1.71028
1.64088
1.62129
1.74554
1.76378
1.74019
1.74148
1.75607
1.74755
1.7191
1.74299
1.7583
1.76777
1.71061
1.71528
1.7399
1.73501
1.72007
1.69304
1.71209
1.7249
1.74399
1.80929
1.83252
1.8095
1.76904
1.71366
1.66684
1.67967
1.67264
1.72252
1.75511
1.76147
1.72981
1.71565
1.76523
1.68454
1.72117
1.74608
1.71603
1.77342
1.83594
1.81005
1.72091
1.72051
1.68931
1.71819
1.77132
1.78745
1.70181
1.77007
1.70302
1.72587
1.74041
1.62484
1.63983
1.69143
1.80411
1.8181
1.78918
1.79782
1.76627
1.74879
1.70173
1.70218
1.69654
1.68801
1.73341
1.72534
1.76171
1.74503
1.67728
1.68122
1.70837
1.74691
1.68909
1.72107
1.81576
1.79588
1.74865
1.72105
1.77945
1.81277
1.79142
1.79256
1.72085
1.68067
1.63195
1.61356
1.71257
1.74738
1.69536
1.75573
1.78532
1.82794
1.76313
1.68779
1.72446
1.7319
1.79215
1.81893
1.76406
1.77428
1.71929
1.7096
1.74443
1.75337
1.69583
1.6945
1.7014
1.71266
1.68006
1.69248
1.73337
1.7017
1.738
1.74303
1.79385
1.77709
1.87495
1.88717
1.67352
1.70902
1.66501
1.70833
1.8125
1.78351
1.7567
1.75287
1.68262
1.68403
1.6432
1.64458
1.69861
1.70627
1.74815
1.75384
1.85666
1.88416
1.80226
1.75053
1.66305
1.69453
1.69979
1.74271
1.74816
1.74318
1.86349
1.79436
1.64351
1.59895
1.57855
1.60184
1.75558
1.8948
1.82633
1.7435
1.75955
1.76093
1.70679
1.67605
1.69943
1.71063
1.75202
1.84672
1.78468
1.86095
1.79667
1.73663
1.62419
1.5622
1.66665
1.62615
1.77123
1.82476
1.76271
1.75655
1.68196
1.68835
1.74602
1.7454
1.72753
1.73074
1.77866
1.7839
1.79398
1.79266
1.69537
1.69443
1.68757
1.70071
1.73487
1.73596
1.73063
1.72325
1.75767
1.77068
1.70181
1.70542
1.7226
1.68904
1.73959
1.752
1.74421
1.75403
1.73147
1.71059
1.65865
1.66346
1.7601
1.76005
1.74083
1.76993
1.71833
1.75161
1.77761
1.74086
1.68874
1.71581
1.74036
1.75662
1.8335
1.79655
1.73425
1.73051
1.7214
1.75259
1.63751
1.65325
1.68891
1.71332
1.84481
1.8393
1.72127
1.72672
1.67289
1.63763
1.70266
1.73849
1.83725
1.84662
1.84412
1.78201
1.72029
1.66836
1.72519
1.73506
1.70007
1.76743
1.67488
1.73788
1.82243
1.76922
1.69687
1.70233
1.70058
1.71314
1.7337
1.71945
1.68364
1.70527
1.69713
1.77515
1.76901
1.73141
1.7719
1.74955
1.79322
1.81337
1.65524
1.70028
1.69114
1.71967
1.77329
1.75748
1.80443
1.72304
1.71547
1.73225
1.60646
1.614
1.73052
1.71867
1.78751
1.77537
1.81709
1.78745
1.84556
1.86295
1.67856
1.74069
1.67391
1.72956
1.71365
1.65684
1.69007
1.69607
1.80414
1.81196
1.73573
1.74319
1.72275
1.7132
1.72894
1.74258
1.76807
1.76562
1.81303
1.79402
1.73686
1.73628
1.71853
1.71821
1.6716
1.70212
1.75032
1.78577
1.81835
1.81292
1.72147
1.70839
1.67494
1.67445
1.69163
1.6825
1.74886
1.75039
1.79126
1.79111
1.71726
1.73063
1.71209
1.73911
1.70322
1.71662
1.79107
1.75771
1.78002
1.78657
1.73139
1.73573
1.69752
1.70178
1.68564
1.69039
1.74282
1.75681
1.76428
1.75807
1.69568
1.68832
1.71232
1.72273
1.66487
1.66894
1.72378
1.72015
1.78931
1.79979
1.86833
1.86935
1.79024
1.78335
1.68519
1.68554
1.7489
1.75117
1.71457
1.72694
1.66434
1.68598
1.73557
1.70823
1.67604
1.67748
1.73839
1.8071
1.79184
1.76122
1.80236
1.70966
1.75239
1.80183
1.64504
1.71722
1.70938
1.70804
1.78201
1.65383
1.66918
1.63487
1.71077
1.83504
1.77665
1.84345
1.8868
1.7898
1.69276
1.70401
1.68626
1.67765
1.74799
1.74884
1.69097
1.74993
1.67433
1.72937
1.78585
1.73649
1.66741
1.66059
1.75674
1.76757
1.73578
1.73413
1.83905
1.81948
1.76427
1.77832
1.74316
1.74325
1.77174
1.71784
1.71236
1.70131
1.73121
1.76034
1.69758
1.7158
1.72007
1.72136
1.81024
1.79007
1.73494
1.78836
1.73108
1.82036
1.7623
1.68363
1.66792
1.63562
1.80663
1.8258
1.69599
1.7328
1.7498
1.77044
1.68827
1.68318
1.76572
1.69132
1.77394
1.80522
1.77182
1.78757
1.71869
1.70795
1.64125
1.61425
1.64949
1.61582
1.80137
1.81907
1.64443
1.70328
1.63473
1.69216
1.74921
1.69889
1.77379
1.75785
1.77107
1.79732
1.75021
1.75175
1.67553
1.64841
1.84902
1.85939
1.88624
1.90433
1.67319
1.67637
1.60776
1.61417
1.66054
1.63072
1.70966
1.74079
1.81336
1.84499
1.7895
1.76669
1.74347
1.72501
1.66361
1.68238
1.80088
1.81241
1.81922
1.82497
1.76024
1.7586
1.71188
1.67568
1.64877
1.69676
1.69978
1.73815
1.75428
1.72994
1.68134
1.68551
1.73807
1.74744
1.7421
1.74071
1.73479
1.73348
1.67248
1.68416
1.75243
1.74811
1.73911
1.71554
1.70273
1.7265
1.77912
1.77878
1.72384
1.70327
1.67795
1.66266
1.81184
1.82626
1.72903
1.7709
1.71616
1.76688
1.69655
1.65051
1.68579
1.69101
1.82006
1.83327
1.82316
1.83146
1.69567
1.69501
1.73266
1.75709
1.77101
1.74646
1.79657
1.77149
1.71199
1.69167
1.67917
1.68624
1.71408
1.75525
1.78802
1.81943
1.80918
1.78752
1.69751
1.69106
1.58653
1.58687
1.77187
1.77645
1.76135
1.78175
1.7313
1.76679
1.72691
1.70397
1.72187
1.70654
1.79893
1.80748
1.72998
1.73835
1.60926
1.63092
1.7141
1.74341
1.79045
1.78586
1.82115
1.80162
1.7109
1.70802
1.69781
1.69749
1.7372
1.74003
1.77169
1.76483
1.84767
1.84559
1.7087
1.70855
1.63266
1.68125
1.7665
1.75151
1.76343
1.73389
1.80683
1.79907
1.68594
1.71457
1.7065
1.72896
1.73936
1.78886
1.74112
1.69653
1.70712
1.67052
1.76411
1.71608
1.68022
1.68136
1.74778
1.82972
1.70729
1.77128
1.8201
1.76537
1.6692
1.68092
1.791
1.79472
1.7585
1.75798
1.70834
1.70632
1.67131
1.66505
1.77056
1.76454
1.67679
1.66921
1.68676
1.71252
1.73561
1.73212
1.87397
1.86263
1.7344
1.7304
1.74806
1.71259
1.70225
1.70079
1.74121
1.77948
1.7415
1.73534
1.76373
1.73061
1.73982
1.75827
1.63114
1.67452
1.68498
1.70561
1.8274
1.80195
1.73971
1.75179
1.6732
1.72382
1.67111
1.71487
1.76245
1.68923
1.74587
1.74804
1.75507
1.79009
1.82421
1.82665
1.66843
1.65177
1.67028
1.67262
1.72591
1.73962
1.78305
1.79578
1.68135
1.68761
1.72386
1.67275
1.73119
1.74416
1.84428
1.84018
1.79261
1.80042
1.76147
1.7769
1.60034
1.6677
1.7892
1.76944
1.72789
1.67786
1.76358
1.77143
1.74614
1.72749
1.73039
1.74349
1.70382
1.85144
1.74177
1.74091
1.7163
1.70524
1.81154
1.80077
1.6744
1.65613
1.65033
1.7255
1.76201
1.66364
1.74473
1.62087
1.72008
1.82489
1.69546
1.6895
1.87006
1.91626
1.69335
1.69133
1.66837
1.6748
1.76836
1.8199
1.7532
1.79678
1.64844
1.62393
1.7007
1.59889
1.68834
1.59372
1.86351
1.97718
1.69238
1.68457
1.76859
1.74574
1.74292
1.73801
1.72089
1.73936
1.7042
1.69904
1.6994
1.75358
1.73429
1.67844
1.73664
1.68913
1.76159
1.77091
1.82779
1.85047
1.69673
1.69803
1.61659
1.65767
1.73776
1.70378
1.72045
1.78605
1.8069
1.78567
1.73168
1.66409
1.63789
1.6694
1.66819
1.76785
1.82296
1.78005
1.79677
1.71993
1.73853
1.68562
1.63566
1.66396
1.68245
1.80819
1.72292
1.81013
1.8935
