0.888141
1.84663
5.98822
12.5645
22.272
18.9817
15.8423
5.88074
6.96269
5.23108
6.49079
10.7607
12.5933
21.0884
24.9162
26.3528
31.6511
20.3427
21.1365
23.727
15.6881
5.87839
7.71765
9.72481
15.1588
15.9838
11.9995
20.7468
23.2743
49.2958
29.5811
17.9037
14.7588
18.6731
15.73
10.3069
9.1752
15.9876
17.0742
12.2415
11.1149
10.1716
10.6837
8.65839
12.3664
14.7813
14.3853
23.1588
19.2356
25.9642
36.0835
22.5184
28.7292
28.8237
8.98988
12.67
14.7854
19.1646
23.029
26.7837
27.4894
29.047
19.3768
13.0846
9.61354
11.9078
16.2269
15.2782
6.3455
8.33979
8.10732
13.2645
17.2856
23.026
11.6196
26.336
37.1487
36.5335
51.07
23.0237
13.7006
19.8455
30.4002
23.399
14.6856
16.5325
31.1474
36.8655
40.9338
37.4002
25.2834
13.1226
16.0163
4.79125
5.1474
11.4595
14.4897
17.5996
19.2596
7.82141
11.5203
10.1958
19.3082
27.0434
40.4573
29.5941
16.6167
10.6367
11.227
15.3961
25.9
34.2296
33.8327
29.0559
16.5827
6.8413
8.00545
8.79898
15.0695
24.045
37.6874
54.6384
61.698
65.6579
67.1009
68.5398
52.5084
55.928
58.8776
75.5656
65.4939
53.8389
45.1053
47.9572
85.9969
48.5346
40.022
33.9002
32.3574
25.0075
14.415
8.41457
12.2244
13.0516
15.7444
17.2846
2.76102
1.68554
3.67389
6.95491
10.2234
10.1499
4.85535
6.78968
10.7933
19.6592
29.6236
38.4205
38.4031
28.2305
28.9981
36.794
51.8749
42.1706
35.5465
33.4113
40.5498
51.4334
41.1644
39.6264
47.1324
44.6715
48.0014
46.1133
40.9856
30.456
18.8849
9.16031
9.3982
14.3212
23.0209
25.6145
22.1538
12.8956
6.60784
8.71281
14.2281
20.2967
25.2601
29.4268
19.4712
12.1036
11.5136
16.598
17.0033
19.888
21.3594
18.6937
20.2074
25.5264
12.5797
9.9212
13.9306
10.0792
10.766
9.63603
15.4862
8.37951
9.22514
11.1656
9.84535
8.57071
8.59789
11.7538
13.3027
6.4086
7.95962
14.2581
22.3013
24.8823
29.8436
32.2331
20.5557
8.23855
9.1909
11.002
23.4535
24.444
45.4887
46.3657
34.1827
6.35228
16.6378
28.9336
41.2169
42.2946
24.0385
26.9403
37.0757
37.256
40.9323
31.9099
26.8712
19.3644
24.9504
28.0949
25.2816
21.4298
15.8138
18.1452
12.5636
22.2098
32.4702
25.3132
24.4526
10.3133
7.33869
12.9799
17.4831
16.9182
19.3461
10.876
1.51063
5.24294
13.6287
15.8717
24.0359
13.7764
15.6113
16.5103
11.5551
10.7244
9.99624
14.8284
9.33219
8.74829
12.8248
10.2425
9.34819
9.68064
6.9729
7.47736
14.1932
28.008
23.4748
22.6502
21.1878
22.2261
21.7543
12.4596
17.6527
20.9225
13.3472
8.17332
11.2331
5.43589
9.14848
15.7346
18.0664
30.1526
12.4779
15.3034
18.6887
25.1376
16.7796
15.6356
26.4567
37.4964
34.0233
36.0334
29.9526
29.9443
24.05
28.6846
30.3073
26.8546
22.2668
13.5814
11.6065
7.81865
7.98535
6.56285
4.34334
3.50442
5.61388
12.338
17.5309
27.752
23.043
10.8181
14.6674
16.7493
14.408
8.49679
8.10143
14.5911
22.7807
31.9042
40.3146
44.217
34.2073
19.8805
12.0992
14.0845
14.3997
14.4433
24.9409
24.7697
32.1663
15.5796
10.2522
11.702
18.5526
23.3749
27.9463
44.46
27.4155
20.8656
16.7145
20.5447
10.9227
5.67756
6.95272
10.1199
4.24359
7.8003
9.46456
11.6124
13.0151
7.56477
12.1457
18.8625
22.0536
16.0544
3.59981
2.33468
5.95667
8.84351
9.09076
13.4742
4.81124
5.89826
10.2368
13.8426
16.124
11.0409
14.4175
15.5709
12.4669
5.28184
6.41326
7.19366
9.9509
15.1624
15.4639
12.7174
14.5531
16.7281
16.1656
15.1034
13.5731
17.6489
15.9325
15.6785
14.8262
21.3235
18.3761
3.7902
6.50896
8.63064
10.2596
8.09572
9.33492
13.961
22.3197
34.5642
45.7551
47.6624
18.4179
8.39733
4.81933
8.30102
9.44493
12.7532
18.723
13.704
19.3983
23.4719
21.4458
14.2078
9.46151
13.2994
20.1101
8.07665
9.44359
3.22394
2.66185
10.6177
23.0807
42.2011
57.3206
42.5829
25.9559
10.4401
16.1935
21.1916
15.5267
12.4423
7.90172
9.92547
6.70618
9.18742
16.1081
23.1878
28.6877
30.2266
26.8024
17.1002
13.6904
9.16833
12.0728
14.6364
9.52254
28.0585
23.3454
23.6768
3.424
4.7826
3.5279
4.66764
6.79222
10.5822
14.1979
13.2857
12.5437
12.593
14.9284
15.5201
10.7398
9.63314
14.4313
22.3057
27.8678
33.8261
24.2425
13.4621
10.1897
13.242
15.6521
17.4482
18.1673
22.0302
19.739
13.7703
10.4814
14.2446
14.8148
17.2203
31.1867
33.1747
23.0286
14.6356
12.6383
20.2316
13.066
3.99873
5.12943
7.07464
6.9988
6.36602
4.56753
8.66976
12.0661
18.028
18.0498
8.00116
5.35985
7.58033
12.1975
18.9523
22.1264
12.8488
6.38042
9.56927
5.12829
7.34118
11.9863
19.7258
22.2777
20.5486
15.1843
6.9382
9.25473
12.2835
16.6023
18.8377
13.3997
12.2176
10.4786
7.79363
10.564
10.2944
7.97917
7.40545
9.58616
12.2474
10.71
14.4596
17.0746
18.2006
16.1335
16.8313
9.47289
9.53207
14.3892
12.9943
12.74
12.1847
14.542
20.2067
17.4445
18.6524
8.45721
17.0809
17.8826
14.41
15.7696
19.9653
20.6532
21.3747
15.8237
12.5994
10.7686
16.6381
6.1414
8.84481
13.6197
20.4537
21.7833
13.4315
17.7623
21.6347
21.7968
23.2463
13.877
12.9124
16.4657
19.1394
35.2366
61.7459
40.0456
21.9082
34.8883
46.9849
39.1042
25.9634
17.121
19.3875
32.7514
48.9054
20.6077
24.6972
14.6982
13.4718
8.0873
11.8164
18.0505
17.5659
12.5502
11.6353
8.68224
11.128
16.2882
19.2368
18.9823
12.1822
13.5411
10.8975
11.8826
22.3192
18.5445
22.2435
15.7622
27.2337
55.4435
46.2442
43.8002
13.3982
20.4432
25.7479
28.8155
18.7247
23.7135
33.0015
43.6238
39.684
39.4051
39.3558
39.6291
40.8139
33.2769
29.7515
19.8455
23.566
27.7283
34.4214
28.2869
22.4692
33.2697
23.8851
20.2234
8.93591
10.4766
20.6569
29.0346
28.2271
29.0573
36.4288
43.1108
33.1844
24.6579
42.5388
52.5776
52.4207
53.3421
54.0595
49.4202
34.6902
30.9316
21.9966
17.3884
14.2991
16.0468
18.4483
24.1647
21.153
23.3389
22.4948
21.4726
11.7085
8.9272
7.86799
8.62625
10.0391
12.1175
19.7731
21.0876
16.6121
6.73395
6.52431
5.77219
8.73342
12.2306
7.24634
13.2507
7.67134
10.3332
5.43387
8.06768
12.0888
17.4365
17.7538
22.5508
11.2193
8.18176
6.32042
5.29406
10.4396
19.1047
21.8385
19.869
15.9086
6.91899
10.2538
13.1922
7.5233
2.75227
4.32039
7.68713
12.3988
11.244
21.4956
20.6267
17.3812
25.6374
11.2
7.45277
8.47601
9.3615
9.38703
3.79151
4.3874
2.63727
3.43721
7.01336
10.4842
13.65
12.9812
12.8689
21.832
19.5581
16.8164
7.49616
7.07539
5.01549
3.82749
6.28825
8.69487
7.80586
11.3132
10.1722
7.83329
13.9681
10.0502
10.2992
7.91901
5.80616
3.78623
5.82293
6.37386
12.5089
17.2993
18.2908
18.6348
15.8873
10.6702
14.6751
4.77932
2.68953
2.42535
5.39453
9.06955
12.9779
18.9656
8.8972
10.0172
17.972
15.5732
15.7149
18.9012
10.1982
11.9955
3.47353
6.00697
8.13303
8.59979
9.81767
9.1568
10.5228
5.17132
9.90544
16.7957
18.3306
25.4163
21.4193
20.6096
12.1642
9.56143
4.58518
4.75096
4.88372
6.33562
10.117
10.4459
11.2401
10.6407
15.5244
26.5217
32.5819
27.2445
11.1859
16.278
16.4928
18.0784
17.9817
16.2649
10.3739
9.52414
12.9554
7.74849
6.65027
5.87587
10.2825
13.596
13.2423
13.4144
13.5253
17.9086
24.3836
19.6437
19.9001
27.0348
28.5405
14.3207
9.22537
11.2209
14.6999
13.314
11.2063
6.51838
10.8433
7.98505
10.5626
10.5169
6.85612
11.9909
11.3255
9.52299
9.92029
9.87919
7.72257
10.3285
13.9682
22.3309
13.7149
11.0749
9.33386
19.3724
29.0583
41.2764
28.2594
14.1421
8.1349
6.48226
9.35774
10.9131
12.9829
10.921
11.7918
13.1393
11.1975
10.4107
9.59374
18.1456
15.9258
20.7175
12.9851
11.1816
8.25954
11.2272
5.80657
9.57561
14.4118
20.3723
15.1756
12.5156
16.9395
10.6982
7.43693
3.10734
4.42233
5.52387
8.00291
21.2952
19.5747
10.5788
3.19179
4.31851
4.87141
8.98684
12.1081
23.0114
13.8119
3.63626
4.66231
4.69809
6.66278
7.8465
3.87764
6.12511
10.0562
13.4943
11.6444
18.7292
20.9844
14.2448
18.0401
14.914
20.6525
18.2666
20.8323
28.1051
18.0512
34.3519
20.7856
14.2629
15.7368
17.7456
23.5222
10.8963
10.1578
16.7983
17.1011
5.4984
6.35974
8.76819
6.73894
9.64168
9.20934
5.0552
8.82767
10.7073
23.847
22.9938
11.3971
10.7139
14.5093
16.622
22.6801
8.94374
9.54701
3.67703
6.23568
6.56838
8.98657
11.216
8.10111
12.2531
14.0623
16.2665
15.7948
20.7607
13.4847
17.8541
29.2044
11.771
12.2312
4.50023
6.43115
11.8705
17.2289
20.8422
13.1221
15.541
10.1823
9.15986
8.47058
6.29193
3.88093
7.872
11.6808
15.1716
16.7282
12.7741
17.6932
17.0476
20.8668
12.6801
9.9396
17.7966
32.4169
19.3884
14.5703
7.62145
9.28819
16.554
10.3706
10.7873
8.12236
6.61096
13.5981
11.5456
10.5642
15.4184
16.0431
12.4625
10.1084
14.8357
31.815
29.3578
18.8914
17.6491
22.9006
28.2221
26.7802
18.9621
15.5394
17.5711
11.5104
11.8961
14.6156
6.12138
5.0425
6.31833
6.43622
11.4585
13.1669
23.0497
19.2472
10.6119
3.94341
3.60775
5.519
7.02768
14.1388
17.0422
18.0739
10.0599
14.0361
9.45574
7.60245
12.3291
23.5496
28.1965
23.3217
20.4989
23.5172
12.394
7.14954
4.5114
6.44068
8.82918
15.7863
30.3956
25.2116
28.1299
9.7631
10.0672
13.0146
13.8397
22.8966
15.5879
19.8395
6.55959
8.11911
11.4557
11.802
19.7557
30.9675
27.6951
30.3682
27.6816
18.7176
14.8915
3.50864
4.21818
6.62661
10.0206
16.5663
20.5614
11.4088
5.45911
4.901
7.8233
9.33096
11.7031
17.8848
16.9769
7.76903
11.4802
12.4461
9.73036
11.9383
7.61376
8.96474
10.6119
18.1685
6.41009
8.2815
9.53753
7.0099
9.38092
14.8914
12.0849
7.49354
11.3941
17.2102
19.7707
13.7845
8.61693
11.3112
15.0266
18.916
8.77594
12.2328
7.85798
9.5689
13.0285
16.2158
24.132
15.0749
18.4317
10.4312
11.6208
11.2817
10.3466
11.1487
16.2789
38.5592
30.5631
18.7842
11.052
10.2082
11.7801
19.403
18.8822
14.401
5.31662
10.02
9.6868
10.7548
3.98146
3.5199
7.24882
12.5158
16.0343
20.9858
19.5265
12.4203
13.2044
8.0617
10.4849
13.4868
5.8097
9.82147
16.8558
31.309
15.5929
10.3607
9.92905
24.8117
37.339
45.7347
32.1435
27.3193
32.3893
34.6119
28.304
23.9955
10.9669
16.6555
18.6897
23.7054
37.7118
19.1461
19.4667
17.8606
4.12
5.92512
9.7594
7.25107
8.64756
14.4817
11.7222
15.6949
19.5262
20.3552
27.7029
13.4255
7.56139
4.99543
4.65477
5.56109
9.03602
10.419
5.83036
11.2237
21.2501
38.7394
30.1862
26.4115
17.5153
12.2858
12.9998
22.0622
27.4961
34.7076
37.5489
29.6185
31.9099
24.3219
31.0156
21.6045
15.8759
11.0916
10.4309
13.8594
21.3312
29.8655
10.3747
12.4807
9.3162
15.5256
15.7145
19.4399
15.0154
16.278
19.4423
11.4756
4.67213
9.80206
16.1609
14.7094
15.5962
5.27669
7.79966
5.79756
14.9108
16.8669
12.1321
12.8308
9.77975
8.41701
14.6051
11.1465
17.249
27.1751
34.9093
25.0476
26.5348
27.5489
48.915
47.8241
38.2296
33.7345
42.8063
19.8685
8.73958
15.368
22.7565
23.4793
33.238
16.7359
26.2652
18.3326
19.7179
24.0324
41.8053
70.2447
108.559
79.185
74.7937
73.7486
33.5136
6.58423
8.41764
10.9196
12.0504
17.7235
10.2603
53.813
124.856
193.638
252.496
214.133
51.6521
69.7606
42.4214
36.0182
44.1365
58.6768
55.3183
59.015
60.209
51.4672
83.1211
61.7387
55.0074
32.3705
47.3774
75.271
124.042
111.946
65.7234
27.2519
49.1278
74.4748
69.7577
61.4538
81.7983
94.8794
136.216
94.6102
103.614
88.0279
109.642
114.756
111.899
80.8426
77.1507
67.0186
46.4591
25.5076
37.2146
41.0861
51.818
50.7154
80.9639
117.765
122.399
111.766
54.3173
40.8313
40.1523
60.9143
69.6437
62.9454
47.1307
52.3781
67.0251
68.0699
27.1513
18.2486
31.9066
49.0403
58.6769
44.5175
52.2219
48.9962
50.4759
60.4111
59.7229
54.6757
48.5929
33.5454
33.8898
46.7275
61.8903
59.9236
65.2142
35.247
41.6527
45.5928
36.5211
30.589
26.5075
19.524
8.49236
9.61047
10.7822
5.06355
8.37856
11.0309
9.92298
11.8597
8.974
8.44391
11.2244
6.07016
6.5982
7.11833
10.939
13.4511
18.5716
14.8222
26.3028
36.6725
38.0443
34.5705
34.1277
30.98
47.143
26.2656
19.3223
18.2717
35.4535
45.3409
53.4408
42.538
30.2205
27.5333
21.5726
21.6587
16.3413
22.1448
28.1509
39.2
76.4245
184.401
350.491
595.358
679.412
619.669
530.568
442.761
385.902
363.564
368.173
358.802
432.106
444.7
398.017
330.58
245.588
173
121.767
130.093
219.58
257.907
245.13
228.661
197.878
215.382
218.463
203.307
190.754
158.379
129.906
105.381
110.614
117.682
152.026
203.207
328.402
397.754
404.884
388.082
340.891
313.091
306.174
328.984
360.551
390.62
437.193
519.037
697.497
821.77
859.677
857.121
813.154
820.54
873.991
916.78
911.871
891.363
867.793
848.464
899.072
908.294
819.474
736.459
663.55
627.164
622.647
644.113
648.32
649.204
652.196
672.26
758.358
819.336
787.789
733.534
658.033
632.676
634.502
659.186
670.387
678.151
680.008
689.498
773.54
827.15
792.881
735.067
665.373
641.478
648.328
675.938
683.64
683.7
678.785
690.339
775.295
835.434
804.151
752.435
679.072
653.791
657.129
680.644
681.022
677.737
674.857
688.714
772.288
825.941
792.129
736.708
665.038
638.437
638.603
660.253
670.066
676.232
678.191
695.773
778.951
832.203
798.828
742.082
662.11
631.963
629.292
658.818
673.8
686.14
622.415
621.261
459.404
248.492
326.441
520.056
620.429
638.931
629.943
562.986
492.398
442.357
444.781
511.374
603.867
722.386
885.724
1082.06
1230.38
1264.91
1244.87
1146.14
1083.28
1089.24
1102.33
1042.91
981.384
898.416
797.421
690.055
582.968
474.137
410.847
391.009
361.406
335.616
287.869
248.772
247.079
192.928
197.066
209.068
213.873
199.425
194.131
171.074
157.106
117.666
82.7801
72.2684
93.4774
119.383
118.03
102.624
93.0492
104.658
78.5691
63.6474
56.3358
42.6246
30.4029
42.8781
53.2152
73.4035
53.3255
56.2862
63.3432
58.4191
36.5689
28.492
34.3296
27.8007
28.9232
21.2874
24.9806
35.0887
51.4692
39.3726
56.1231
49.3089
45.0752
53.5016
55.709
76.5328
76.7454
65.6693
50.8588
50.2099
61.6341
63.5931
76.5698
17.0816
23.3967
29.1311
36.8697
31.974
30.8405
27.1379
36.6013
66.1321
76.9358
61.5996
58.7789
32.6176
58.4637
75.7353
80.3795
85.4666
68.5425
57.0177
44.4811
65.737
63.9635
109.54
78.1711
61.3446
49.4756
46.7255
50.2479
41.692
23.8461
31.1735
46.0935
81.0695
104.937
102.977
80.5665
71.8808
61.2757
48.7577
57.4714
42.7417
51.6591
52.2928
88.4647
117.358
117.077
108.082
72.2475
37.8282
60.6723
68.4367
65.2351
64.2745
55.806
39.1944
28.5496
46.6007
52.132
59.8951
85.5262
82.8255
92.4574
70.2133
54.4864
59.9541
49.7547
39.5828
45.5905
73.5735
111.641
101.324
106.293
102.636
89.339
68.6561
53.7805
49.4602
58.9945
59.6712
67.8609
65.2878
66.7004
67.9266
62.9472
66.6816
71.5709
56.1382
57.072
61.2073
39.9041
31.0876
36.1511
68.1256
89.6193
97.9628
93.3614
72.296
58.7237
50.2781
30.2917
75.5802
77.8868
64.7083
57.0342
87.5096
111.855
112.302
87.0977
75.4276
81.0907
84.1069
77.153
53.9714
67.5941
76.0754
90.7481
82.016
68.9331
70.4011
93.9247
96.6454
65.9215
54.7368
34.4802
19.9875
16.8297
21.2667
47.4171
82.2801
98.9083
97.8714
80.2189
72.7015
55.7305
44.2479
40.7956
55.9008
63.6291
79.3172
83.9659
76.8004
67.8175
58.2463
47.6563
47.1236
53.2695
46.0479
53.3917
46.6456
55.9513
42.4383
47.4221
40.499
25.4085
44.5001
61.4344
86.1646
79.1748
79.5849
87.558
70.4776
56.4214
55.0862
57.9588
69.117
75.8852
78.0039
67.5252
60.5138
66.4416
63.9375
63.0784
47.2853
38.6994
49.6679
61.8724
61.9796
65.8032
62.9286
65.1889
75.4197
83.2007
87.3032
83.8362
59.3739
44.0297
39.5141
55.2381
57.7278
44.2091
40.1944
54.2417
82.1389
85.893
80.7162
72.4223
51.3288
48.9347
11.4609
21.1338
28.4291
45.4333
69.291
83.8203
112.407
106.897
78.0698
57.065
30.4985
34.26
41.4659
58.4663
90.9368
93.5185
87.6348
72.9616
72.7231
62.7576
50.266
12.7896
11.8859
12.2749
24.9624
45.9459
67.5625
73.5836
78.9844
78.4969
65.2573
79.8286
67.1681
65.5332
42.532
38.3892
46.1274
64.877
69.4964
72.3934
63.5411
62.7208
62.956
65.4249
62.828
41.2062
8.44246
7.4513
15.8911
26.8989
50.2624
42.8159
34.7082
36.3881
39.9362
36.3177
37.3355
35.6068
47.1791
47.7622
33.9567
46.1397
66.5976
74.7539
71.381
64.3085
58.4704
59.1129
35.3661
9.26169
20.2791
34.0969
37.5157
49.1902
31.5706
31.0142
19.699
12.4209
9.55831
9.28795
13.0674
13.1162
14.4894
18.1526
24.1314
20.1181
19.6558
17.3379
11.5254
17.0965
18.8556
23.859
38.1125
34.199
27.7339
34.3156
32.868
36.0286
35.6356
31.26
40.9872
22.1906
26.2179
34.6962
31.1633
24.5647
15.5132
17.2495
18.7611
23.9862
29.8076
29.3343
36.8935
25.9767
23.7992
11.6272
9.29819
20.8911
19.0758
20.7818
18.9288
28.631
41.544
20.8027
7.53628
4.7586
6.85475
11.871
27.4965
30.5339
47.4523
47.3509
29.6061
26.9622
13.5586
10.4414
13.4928
15.004
28.2297
36.9237
45.6779
42.0929
21.784
26.9908
11.5624
14.9519
9.40784
20.8998
28.7505
37.6046
44.0414
38.9374
30.7175
25.6332
15.54
9.69307
5.84296
6.98517
14.0794
23.6586
28.7163
43.7445
45.0425
38.0215
32.563
25.7871
25.4414
24.7636
9.42003
13.2436
17.4123
19.1839
20.0532
33.3608
43.0948
41.3284
35.4616
25.1638
14.372
23.8525
6.10382
10.3066
23.6946
31.2383
39.6641
37.2613
43.8071
39.998
33.0227
38.9251
23.3503
27.505
22.8611
41.7087
51.56
50.3925
59.0734
37.1974
29.1322
21.6742
25.1191
25.9005
33.0373
48.8331
36.5095
64.4622
90.3922
90.4361
73.0075
69.3653
51.0993
61.0862
49.7249
53.268
32.0769
28.7572
28.4022
49.9247
87.5029
62.2139
42.5447
42.9309
37.7493
19.6124
22.4545
11.1106
13.7389
20.4073
39.9193
50.2424
82.1236
88.1311
67.4199
51.6988
37.2531
23.5752
29.9675
53.3041
32.7065
43.6795
42.9334
59.1763
68.7514
43.9001
42.4645
43.0945
47.3734
53.5823
62.947
66.0357
65.6648
60.1601
54.458
50.7583
67.2721
65.446
59.7913
79.3099
98.7909
102.451
93.7546
73.1053
47.7682
36.432
14.6657
22.9633
38.1328
65.1674
89.2541
96.657
90.7823
82.8313
69.706
62.1209
41.3327
38.7394
29.3383
52.8171
62.1454
64.3383
71.4994
77.0482
55.9968
62.7718
43.4033
48.1411
47.551
39.8719
20.0539
35.2029
60.13
85.7618
75.0079
71.4869
52.7653
53.5442
61.8499
65.2166
60.2276
52.2508
40.9027
58.344
94.5104
101.872
96.0575
74.9945
60.8371
62.383
55.5745
65.8544
54.9659
56.6695
41.4748
30.7266
36.6475
61.9267
74.3386
79.0198
70.4251
69.3628
68.6735
62.5986
49.3174
33.5125
24.1008
27.0954
46.0033
69.1723
81.2352
74.7912
85.6658
80.0622
73.0734
52.1514
39.8476
35.9661
30.4625
50.7423
63.8201
82.7504
77.3983
60.1047
59.6515
65.6948
59.6749
39.6688
41.8015
37.0275
33.1226
44.0002
52.6597
53.3598
63.7242
62.9465
60.2247
55.4623
53.5796
44.8022
47.5355
42.4401
25.3109
49.4233
86.2405
111.321
107.37
94.171
84.0286
83.6469
82.4404
72.4388
61.7973
58.5824
56.8785
63.9056
70.3885
92.7407
80.9594
80.9798
67.2406
44.7978
32.6004
21.7478
18.3826
24.0302
28.3056
47.838
71.4536
84.0651
86.1661
74.1652
66.0204
50.369
45.4077
52.1825
30.3163
21.5507
25.5759
41.2473
52.9787
72.2649
83.6224
78.8612
63.5328
51.7287
48.959
44.7918
32.0528
34.8313
30.8802
61.5507
92.6847
108.877
109.319
84.1239
83.2131
70.273
43.6731
48.7424
73.0371
64.8487
49.2171
51.1631
69.9406
81.3007
83.8586
73.5059
65.9275
52.7035
43.7503
39.115
20.9931
28.0829
31.0048
56.5166
71.6456
85.7728
90.3607
87.8186
76.2375
54.4667
42.5366
35.1857
53.3648
47.0714
47.7084
47.0252
82.2294
112.915
101.372
78.2884
63.837
50.7922
58.9145
51.7606
40.8451
34.6072
32.7037
64.3791
97.5356
102.198
98.6316
81.2071
55.5562
45.4737
41.5009
27.0987
38.2088
40.6116
28.8469
53.9996
77.4561
101.693
104.454
81.0842
59.2063
37.3659
44.9055
37.8327
42.0445
48.0639
51.2508
59.7786
95.0783
107.22
91.9538
77.4904
61.9536
70.4334
69.8133
68.0607
66.3761
103.648
59.2818
46.0917
50.5105
78.638
81.5683
87.5823
83.5796
66.6157
65.0843
52.5609
66.5827
49.6635
29.4675
32.8352
56.7772
86.977
90.9555
93.3452
81.2591
62.4244
48.5625
38.2704
43.0613
40.6159
42.3039
47.0016
75.9602
102.643
83.0732
73.8736
57.1745
46.5872
52.8315
51.5189
43.3896
38.9093
39.0204
56.8781
88.1137
99.0096
96.6739
88.0265
67.4468
67.7264
63.4304
85.2951
76.9521
47.2195
40.492
70.1265
97.1982
106.667
103.826
75.404
62.0694
53.6158
41.7252
30.796
2.36201
13.9425
37.4398
67.4362
109.46
100.833
81.2722
66.4199
38.5914
47.7678
46.2347
91.6317
50.1276
50.0829
54.7463
81.397
100.324
99.0627
76.2234
71.864
67.1882
65.3687
56.4327
49.7236
56.9398
71.1556
40.2376
49.7919
64.9238
85.4519
77.9073
70.324
66.2089
58.0673
46.6658
46.0736
76.849
67.8474
47.0499
53.189
80.028
105.34
95.193
86.255
56.8806
60.9931
51.7779
50.6964
70.7648
55.8253
39.3602
41.8676
63.0115
95.6863
104.842
85.6127
75.0561
61.4218
53.2977
50.5657
70.7879
63.5624
48.5324
48.1163
82.7448
106.038
94.4273
89.2131
75.7887
70.0226
65.402
75.2264
50.3339
37.7821
20.2343
32.6714
49.3196
81.1614
79.3371
84.0586
53.0911
30.7012
39.7383
82.5513
74.165
34.4769
31.7789
55.8164
92.2226
102.266
86.7946
85.6911
75.3755
68.1493
61.132
53.5509
54.0205
50.423
51.6832
62.6931
89.8298
121.938
111.299
73.7718
48.0656
49.6829
64.7992
60.0563
56.7873
33.4743
28.4323
41.398
54.712
69.0579
61.6386
68.2723
58.1321
67.6597
62.5179
55.3289
33.2202
37.0138
26.0865
27.95
55.1648
87.3489
87.3022
86.7088
79.2703
76.4781
72.8726
56.4342
33.1032
19.1392
22.8308
45.0362
63.9195
87.7754
88.8544
81.9066
73.9195
65.3763
51.6738
42.666
33.7215
32.4964
15.3062
33.3464
52.0629
75.7808
96.4119
93.5641
83.6604
71.8431
60.9762
53.9771
50.2689
43.9145
43.8023
51.0237
59.802
70.0708
78.6696
71.9141
72.6226
69.907
61.1329
52.884
24.9372
23.4972
15.4467
32.0311
48.6462
72.2629
76.9692
74.293
67.7578
68.0025
62.9794
52.4993
36.5342
33.9694
28.578
52.4716
68.6291
90.5282
95.7773
87.7665
81.0106
67.5086
59.1559
47.4958
24.9438
31.6529
21.7031
34.0922
62.7616
93.7108
105.439
86.7765
68.0783
56.0201
49.9229
41.1485
54.691
36.1657
32.2409
31.5767
61.7036
93.5862
107.132
104.697
84.4513
61.0513
43.1476
39.9083
34.1025
30.9505
20.5065
40.9327
77.0342
102.309
112.51
99.001
74.5121
54.1059
40.6833
39.755
31.8708
50.7551
51.7252
62.1315
92.9771
97.2107
82.7006
77.0473
62.1189
55.9612
58.2915
49.3113
37.6304
24.6437
21.8482
45.4822
72.9696
89.6881
76.9706
66.2151
62.3734
66.1681
60.4645
50.182
38.0888
24.0404
32.1425
55.0046
87.6455
98.7686
97.7745
82.9248
59.2881
45.9964
39.6377
33.4259
23.3646
22.9984
25.4122
49.2023
83.5872
99.2925
86.2657
74.2431
61.6268
59.517
57.1486
55.2233
75.6118
56.36
44.9178
48.1756
70.0102
98.3008
97.6085
88.6377
66.3708
51.4989
44.1614
45.782
36.476
31.8515
26.2333
49.6298
83.9929
101.89
105.763
83.1417
59.2409
44.6642
34.5232
48.962
71.7469
66.5838
52.8364
51.3781
78.304
104.79
91.2181
83.0639
61.4024
47.2405
54.2659
49.4231
50.4821
46.9643
38.2758
37.3107
48.62
66.5751
68.7905
81.196
78.4771
73.3576
64.9663
55.3731
46.1516
29.4039
36.5463
49.8237
77.0621
105.26
95.9533
83.4758
70.1431
57.4191
50.6971
48.3544
42.6821
47.4932
47.6262
60.4342
63.3115
69.509
65.8923
60.7503
48.4369
58.8983
53.8214
45.5946
26.8423
30.0833
30.4027
52.5414
87.4244
91.3781
87.5557
70.512
68.0348
53.8107
53.9054
40.1247
25.8104
36.641
36.9706
58.6234
89.0077
104.441
87.889
87.653
64.7972
57.0079
59.0413
56.2145
53.3634
46.5418
44.5036
62.4575
82.4694
94.3224
79.1563
67.391
70.0809
60.632
50.5684
41.9832
36.4401
35.6999
32.2973
34.4777
55.1863
76.0768
78.1018
69.2213
56.8009
56.661
50.2643
45.8307
59.3659
51.9268
37.2645
30.0968
46.6964
71.4643
88.7493
94.2202
74.0967
56.5041
46.3096
36.7643
18.9594
18.6247
23.8588
47.2866
80.9934
92.453
91.8829
84.545
71.7785
62.5453
55.6286
50.8639
60.5381
49.3858
32.7053
24.3166
48.2487
72.5544
88.4166
83.2532
64.431
47.7034
43.8513
36.6459
33.5188
25.2197
21.8765
43.0713
78.6265
105.333
106.618
96.1858
81.7697
67.7147
49.4678
47.2468
26.1862
28.2165
28.0059
46.1232
62.8864
117.707
81.3489
58.1848
52.4687
43.5714
43.1432
39.0093
51.4709
38.8485
29.0568
44.3556
64.1977
79.6361
76.6837
70.0219
77.3061
77.4631
68.9605
57.0622
44.0236
31.3246
19.9917
27.7709
54.9816
89.6186
102.718
96.9942
78.2673
66.8294
50.227
39.122
39.3638
30.9639
46.7435
45.4604
61.9943
64.7136
68.6487
63.5196
60.5715
69.8643
56.4271
47.5389
27.9527
44.6651
19.7044
24.4344
30.2255
50.2658
80.0837
89.3498
84.8974
73.2204
62.4856
46.4895
40.3418
34.6684
45.0552
41.998
47.6975
57.1783
72.7787
78.7186
76.3352
68.0065
48.9798
36.1598
34.8933
41.1166
48.4695
53.9763
65.6971
62.9273
63.071
76.4917
81.6463
71.0833
55.2823
43.062
21.2382
25.7451
16.7123
22.4064
35.7802
59.6331
75.3208
78.793
73.0461
51.5773
35.1012
40.7345
35.0266
33.3271
30.4151
54.4748
91.9658
104.255
101.384
88.0596
66.6063
57.4716
47.5627
47.0557
47.1057
23.7942
9.58962
14.8561
40.6395
42.3231
47.9334
19.7455
8.95668
13.7524
24.5942
28.724
38.5934
39.5823
39.4319
50.1044
91.7522
68.9701
67.108
53.7195
51.7684
56.624
71.412
60.0444
53.0973
48.1916
39.2716
39.2158
43.3224
43.5343
34.402
27.5433
19.6297
22.8069
23.0568
22.7432
23.3165
18.7356
25.6426
39.3139
37.3228
37.3784
30.7467
29.791
32.9249
33.701
28.417
20.4597
28.2806
20.623
22.1843
20.1194
19.856
18.7334
20.4196
21.4387
33.1436
10.916
11.7792
5.0611
5.69328
6.46429
6.95051
7.18553
8.87088
11.2733
13.2759
9.77594
11.397
12.675
11.7732
15.0264
23.2426
21.404
25.6275
31.3453
35.8642
41.2941
48.9684
38.7665
15.8128
20.5829
20.911
23.4624
16.3872
12.9266
10.5126
17.4287
21.2096
14.3452
8.86641
7.80028
7.74271
12.5814
22.9222
37.3915
34.3562
27.1657
24.2978
42.5452
58.2807
67.1782
51.4934
29.0068
14.1342
15.3344
9.52421
11.9518
17.2985
18.3548
17.5821
29.0653
33.8129
28.0507
29.2267
16.4262
11.7071
14.8214
15.0762
19.2492
17.8897
18.6074
23.1737
28.6532
26.7482
22.5095
27.0664
27.9692
26.024
27.532
28.0011
21.2172
16.7107
18.2266
20.8999
31.3611
46.9204
33.3072
18.7193
19.2031
11.7612
15.2906
26.3218
39.9996
59.0719
72.3627
40.4211
40.8983
41.7686
49.4033
52.2366
43.8295
35.9528
33.2228
35.3014
30.534
14.9543
21.1278
26.6882
23.6595
16.9172
9.55024
16.3173
22.7335
35.7601
11.4371
10.0355
19.1492
27.2366
30.6345
20.8237
35.3019
55.4449
66.1533
67.859
58.478
57.1653
67.3681
69.5879
59.037
58.0377
53.4123
54.9295
84.0855
76.932
62.665
60.7848
51.3442
32.0551
22.7695
30.8345
35.3765
46.3551
48.7907
33.88
54.8688
76.7904
81.8209
76.5558
58.9416
61.0708
61.9636
62.8043
64.2128
61.0813
79.7281
95.2351
105.337
87.3057
34.9186
12.988
9.9296
8.57272
14.8484
16.13
10.989
17.1913
19.7371
35.5672
53.8828
64.8113
64.5543
52.0137
47.1487
23.8344
46.5243
74.8859
82.4608
70.8992
73.5563
77.352
82.9468
62.4416
45.7191
49.5091
35.3915
44.2191
74.7125
86.8997
86.6275
71.2505
48.4345
40.2926
60.1488
63.2641
52.9915
37.3564
49.5745
45.5354
44.6475
44.8505
20.8715
15.6287
12.8939
16.5836
14.0825
17.9184
25.552
27.4743
21.8571
16.1785
13.9215
16.8914
21.1587
21.9621
37.1457
46.18
46.424
43.6544
39.3539
30.3397
12.8234
12.1256
14.1072
15.6755
21.645
27.8957
29.0525
15.2253
11.747
9.35345
9.65598
10.2058
15.8482
18.1416
30.9523
32.792
28.1131
35.1725
36.474
18.4985
18.9429
10.8539
13.2292
11.2682
11.2745
9.49678
12.1721
17.0862
17.6101
24.0069
41.4572
32.0455
18.6566
2.62267
4.14777
4.80525
8.85231
18.3606
31.58
39.228
25.2213
8.93838
9.52741
7.44618
13.2289
10.9191
14.8756
23.9777
24.6726
22.617
19.6827
49.6394
33.389
38.3069
10.0196
15.5953
18.8311
12.0701
25.0241
20.4618
18.364
20.8039
10.1456
14.7243
20.4919
13.3581
16.7677
20.3162
20.4622
36.5133
43.6513
46.7401
35.0292
13.8778
11.4356
18.1253
7.28726
14.846
17.9455
20.0543
19.6355
8.73342
15.9014
12.8932
22.0988
25.9105
43.6433
47.316
33.4203
27.4641
19.4636
28.4422
29.1986
23.1467
13.1267
4.22038
5.28419
5.81067
14.3782
22.3607
37.5916
54.3343
55.3091
65.0769
86.5558
97.9731
79.7664
61.5441
31.6295
24.7066
27.8571
20.6564
28.0064
26.1758
25.1523
27.4489
36.0491
16.9824
13.0063
13.2517
19.7411
25.2859
23.33
20.2992
30.2071
32.6103
26.5877
18.9309
34.6226
49.1232
45.0285
40.5803
40.8925
41.3677
54.753
48.3196
35.3643
33.3399
25.2706
16.6451
21.825
24.8649
30.9285
35.118
40.9666
51.8155
37.7008
38.6821
55.7568
41.9171
51.0671
43.9354
65.2361
64.7015
70.7756
76.8304
42.6055
23.9839
17.5008
24.6257
24.4501
30.6023
21.1876
20.101
29.3478
23.9834
27.6567
33.1793
24.9453
17.4455
23.155
25.6094
17.8887
20.5632
19.652
21.7614
31.8237
51.8126
53.1694
47.9996
36.5778
17.7906
23.3688
20.0017
31.0062
32.1321
35.7581
46.3162
65.4706
74.8471
69.3943
59.0277
48.9984
41.5535
42.8175
54.316
48.7988
31.6576
26.3793
20.9531
28.1628
29.0678
24.6672
17.3037
12.4613
15.3762
12.3959
10.9733
7.78279
9.83755
7.54921
15.0159
28.7635
47.6327
57.6962
50.3868
44.79
55.2248
57.6772
56.5653
68.3227
57.344
39.1845
41.4532
56.1588
48.9728
41.1029
42.1528
31.2376
14.423
16.9799
9.53506
7.65949
11.1917
7.82237
12.4069
25.2454
51.9487
62.9328
44.8237
32.1366
45.6132
41.5377
27.821
27.7742
18.4604
32.2296
33.3086
50.7202
48.7984
38.7549
23.3094
24.4458
34.9332
40.3741
28.2346
34.3401
36.5993
37.1143
48.1545
53.8927
51.2013
31.3887
26.3544
34.4998
47.2297
57.8961
50.8904
47.8679
37.5581
32.6968
34.1134
50.5389
64.0633
76.4267
74.1476
61.7283
37.0775
38.0674
45.3078
106.36
120.641
69.713
16.7882
14.6592
20.9545
29.0188
29.0986
33.4943
29.164
18.5516
17.3006
13.9666
15.1718
19.957
18.6504
28.3824
35.8821
47.2375
64.9045
65.4203
60.956
52.7164
60.9917
70.8017
65.5672
57.1225
53.6828
63.3741
72.3053
70.4984
55.371
36.0786
34.023
34.7917
32.2505
39.5311
33.6064
25.4721
19.3955
21.083
23.4051
49.8379
26.0416
18.3511
19.4908
28.6481
40.4417
25.4338
26.1249
25.6893
25.7771
15.63
5.78079
5.6069
9.13191
12.1581
14.3419
15.3177
15.687
15.4019
7.46489
2.3186
4.28922
9.05907
12.5233
14.977
24.3515
22.7162
9.61788
6.73588
8.6066
8.8251
14.9543
20.2375
13.0202
18.1417
14.6129
16.3188
22.2544
11.889
7.9651
6.0714
7.36897
15.1679
11.2254
9.84456
8.85513
8.65372
5.03397
9.04087
12.3269
16.4587
21.8813
34.4897
17.9703
15.6333
12.9318
23.2987
13.0608
7.34381
8.20475
10.6715
13.1811
7.0482
6.25841
5.2982
7.90115
9.97399
6.56147
7.38378
12.4814
22.2022
20.2301
15.5388
7.4435
8.8851
7.70026
6.9543
3.82243
2.27451
4.23428
5.59227
8.55829
12.7177
10.2217
8.13308
3.44799
3.80803
2.98785
4.33685
5.76094
8.72291
12.7774
6.02662
4.77752
4.6835
7.3306
8.41945
11.2127
8.93877
7.84539
4.40892
8.63721
15.2531
24.2372
19.4637
21.0482
2.97244
6.72155
5.72286
11.5883
14.0819
6.30967
8.97216
12.6406
10.849
14.9888
17.9181
17.0013
10.9485
5.27911
5.74657
6.40761
9.12004
14.1551
7.05437
9.19831
12.1917
10.6916
12.8416
