0.605201
0.339119
0.570126
0.0819886
0.185053
0.205473
0.00498886
0.332741
0.00393123
0.087597
0.354089
0.209172
0.64608
0.373945
0.579952
0.170649
0.268693
0.214588
0.0045701
0.340747
0.0103214
0.0976052
0.344341
0.175771
0.532642
0.204025
0.360063
0.0713925
0.0895562
0.271719
0.0811741
0.190736
0.154703
0.0120759
0.312841
0.0199946
0.284752
0.00841137
0.258801
0.0076658
0.312495
0.070891
0.403415
0.142714
0.555571
0.323311
0.526457
0.1863
0.383485
0.00849446
0.256795
0.0036929
0.345474
0.0743236
0.433472
0.191548
0.412929
0.00526928
0.0499363
0.414667
0.270915
0.720142
0.445097
0.656693
0.20032
0.295521
0.157614
0.0481387
0.238989
0.119334
0.0693555
0.5204
0.362622
0.775732
0.481264
0.668617
0.261649
0.364757
0.194686
0.0154738
0.314026
0.0183736
0.0670911
0.375214
0.22445
0.6555
0.378251
0.581227
0.172849
0.274786
0.214783
0.00255921
0.33094
0.000393775
0.0834964
0.353495
0.18407
0.540522
0.211314
0.371815
0.056708
0.0737909
0.356273
0.0613071
0.38762
0.0681564
0.231892
0.0632223
0.252907
0.0219464
0.388573
0.200574
0.00415888
0.459596
0.316883
0.701324
0.460019
0.661826
0.0562826
0.166014
0.0171445
0.193193
0.234143
0.6925
0.755063
1.08407
0.910825
1.05425
0.717637
0.831058
0.551625
0.740391
0.00793181
0.495619
0.273958
0.523823
0.214634
0.44405
0.0583128
0.258711
0.0168809
0.265824
0.0619061
0.265318
0.062961
0.305204
0.0205074
0.381072
0.0708453
0.348535
0.042432
0.388013
0.173468
0.464478
0.227442
0.416981
0.0913679
0.0642862
0.269636
0.0615123
0.320313
0.0540897
0.2386
0.0310521
0.246731
0.106168
0.225735
0.0828513
0.418613
0.15615
0.567009
0.361392
0.677982
0.399682
0.659084
0.310467
0.547618
0.163134
0.420125
0.150081
0.504999
0.328495
0.610752
0.30653
0.547037
0.155224
0.281642
0.160556
0.0938533
0.156514
0.143813
0.176429
0.182428
0.0684833
0.199403
0.14467
0.0114701
0.363485
0.152528
0.458333
0.0894637
0.264644
0.177497
0.0284783
0.324762
0.0117327
0.292325
0.0211155
0.273742
0.0117842
0.33598
0.097757
0.42804
0.162905
0.568717
0.34769
0.634741
0.346683
0.638416
0.344203
0.629354
0.347085
0.639585
0.326739
0.527438
0.190487
0.437185
0.12758
0.425982
0.207696
0.57215
0.289902
0.572637
0.251851
0.467017
0.0909225
0.300646
0.015328
0.292197
0.0397323
0.381668
0.13075
0.444961
0.243503
0.635761
0.350718
0.642937
0.327667
0.522426
0.182178
0.428003
0.117886
0.419002
0.204373
0.574566
0.293115
0.572034
0.25525
0.470196
0.0896039
0.298049
0.0189116
0.243524
0.0790417
0.21532
0.0792672
0.214525
0.0335206
0.504879
0.290949
0.592103
0.295289
0.544937
0.193517
0.385101
0.0157297
0.261811
0.000545997
0.319964
0.0745322
0.403331
0.140962
0.547314
0.340388
0.662523
0.390165
0.705907
0.40758
0.692018
0.340215
0.562257
0.229398
0.461465
0.176748
0.488233
0.254942
0.639442
0.429045
0.71785
0.39768
0.622117
0.26843
0.459793
0.0117899
0.263142
0.00322578
0.32676
0.0587436
0.314636
0.00418876
0.355328
0.135973
0.438384
0.219314
0.58722
0.284481
0.476708
0.10025
0.269331
0.170988
0.00965702
0.21255
0.190357
0.0664227
0.22515
0.0496462
0.154181
0.261409
0.000810172
0.253258
0.100154
0.174549
0.171931
0.0252762
0.321672
0.0121735
0.247326
0.0877037
0.103143
0.196745
0.0685499
0.232589
0.115466
0.111547
0.273652
0.0759916
0.40936
0.154585
0.398152
0.0129958
0.222496
0.139447
0.0257145
0.43665
0.193093
0.416104
0.0289197
0.199267
0.192337
0.0182133
0.433041
0.174742
0.450779
0.122924
0.235378
0.255171
0.0758215
0.496753
0.27603
0.522305
0.166513
0.309326
0.118137
0.0753483
0.180242
0.162043
0.0766852
0.31432
0.139934
0.563333
0.269384
0.516389
0.216396
0.437801
0.0191115
0.259336
0.0133591
0.301973
0.0777453
0.177361
0.0763429
0.343522
0.0867406
0.364442
0.0442612
0.303153
0.0378148
0.127642
0.272519
0.034791
0.32009
0.00434053
0.36654
0.129727
0.0313201
0.485075
0.352327
0.69512
0.45138
0.693128
0.128752
0.280524
0.131256
0.287849
0.275216
0.697846
0.743932
1.04772
0.856104
0.994718
0.686749
0.774562
0.481047
0.688955
0.295112
0.171386
0.132759
0.0634911
0.386966
0.17518
0.468386
0.257998
0.533474
0.104526
0.300991
0.024901
0.277321
0.0113622
0.331469
0.0598852
0.310782
0.0108481
0.348873
0.131976
0.432519
0.215327
0.583193
0.28163
0.477295
0.105311
0.274787
0.166403
0.0131092
0.21043
0.187439
0.072249
0.218215
0.0554373
0.151405
0.258954
0.0102327
0.244799
0.106252
0.167681
0.170815
0.0134114
0.20575
0.190503
0.0699939
0.22219
0.0544365
0.151164
0.263085
0.00571384
0.24428
0.109222
0.1608
0.182691
0.0047307
0.22852
0.16666
0.0886732
0.206847
0.0628837
0.149984
0.258448
0.00888056
0.243714
0.106087
0.168192
0.176606
0.027715
0.325483
0.00657982
0.295752
0.0236472
0.275018
0.0107298
0.334579
0.0650008
0.366525
0.108035
0.530041
0.311414
0.558358
0.271541
0.537731
0.122237
0.329082
0.0222119
0.301486
0.0493023
0.220937
0.0371609
0.382071
0.0299337
0.192064
0.148095
0.0109004
0.36502
0.156091
0.461484
0.0932748
0.267907
0.171704
0.0103917
0.210705
0.186786
0.0706074
0.266146
0.0615003
0.278021
0.115404
0.148504
0.146972
0.13378
0.207579
0.178016
0.0459758
0.367742
0.112125
0.476244
0.232266
0.461503
0.154459
0.439423
0.141203
0.372036
0.0637635
0.327867
0.000734703
0.325419
0.0563095
0.380543
0.0489963
0.263721
0.0430328
0.2068
0.222568
0.046272
0.300295
0.0217136
0.337737
0.118659
0.42038
0.2045
0.570916
0.268739
0.462014
0.0933251
0.267122
0.171043
0.0234449
0.31726
0.0145981
0.244444
0.0907329
0.101978
0.19923
0.0983589
0.165467
0.158882
0.079798
0.286978
0.0335002
0.26498
0.00863755
0.282966
0.0932307
0.121865
0.184455
0.0390132
0.445951
0.243474
0.552778
0.16143
0.380484
0.0606294
0.223649
0.0656277
0.250307
0.014429
0.37842
0.191399
0.513303
0.209285
0.507284
0.145147
0.353237
0.00383591
0.276791
0.120797
0.547695
0.284869
0.587549
0.312247
0.532566
0.146621
0.335374
0.030151
0.250586
0.100793
0.229991
0.0853783
0.418704
0.153838
0.561148
0.344071
0.629285
0.340169
0.634123
0.321958
0.519604
0.181413
0.429958
0.123352
0.422496
0.206515
0.57375
0.291614
0.568645
0.253105
0.465463
0.0795051
0.280868
0.0372682
0.264206
0.0111675
0.355396
0.112702
0.333477
0.0430831
0.370318
0.0208331
0.295392
0.0176464
0.440309
0.243007
0.529772
0.243372
0.45494
0.0802729
0.178618
0.262132
0.0795599
0.354405
0.0418621
0.230019
0.162951
0.0141158
0.508248
0.285466
0.53491
0.181081
0.330105
0.0985922
0.094956
0.202557
0.099938
0.116607
0.278456
0.0966932
0.505814
0.282793
0.529405
0.173687
0.0571507
0.566955
0.469067
0.817151
0.555576
0.727172
0.091626
0.169903
0.0516178
0.142021
0.189953
0.665453
0.758964
1.12862
0.957563
1.05765
0.703767
0.779876
0.456784
0.618298
0.429977
0.012704
0.164871
0.230474
0.0456188
0.158701
0.258226
0.00369865
0.25029
0.103039
0.175052
0.167752
0.0119298
0.207588
0.192397
0.0642148
0.270618
0.064569
0.324903
0.0436222
0.252023
0.0508349
0.149895
0.259984
0.0248645
0.131425
0.201479
0.0141552
0.494041
0.269958
0.464451
0.0935352
0.26494
0.17536
0.00508531
0.216775
0.181659
0.0775051
0.211675
0.0658966
0.137794
0.275027
0.0137111
0.268407
0.0866252
0.189555
0.155684
0.0229867
0.202322
0.192504
0.0658874
0.268471
0.0592229
0.32009
0.0469717
0.244738
0.00406934
0.318554
0.0111184
0.341194
0.152677
0.398737
0.0193838
0.351919
0.113024
0.324185
0.0894003
0.440214
0.176418
0.468954
0.22765
0.513273
0.132035
0.263097
0.087662
0.0944011
0.48432
0.26374
0.461817
0.0941061
0.267139
0.173589
0.00542089
0.213763
0.182722
0.073522
0.217228
0.0570016
0.15493
0.256049
0.0116362
0.241854
0.114518
0.157159
0.183788
0.0031766
0.223133
0.176798
0.0433679
0.314038
0.0994733
0.344081
0.049707
0.160901
0.223263
0.0118839
0.346018
0.0169786
0.102591
0.338759
0.193031
0.627836
0.355958
0.56311
0.157143
0.262226
0.219831
0.0065628
0.336354
0.0399651
0.206532
0.186841
0.0129613
0.423644
0.165217
0.440245
0.113038
0.222677
0.266731
0.0893311
0.505134
0.267241
0.431748
0.0180855
0.171771
0.221281
0.0531674
0.155181
0.262439
0.00400966
0.24992
0.108371
0.164304
0.18528
0.00300162
0.222921
0.178545
0.0752348
0.217308
0.0553015
0.15025
0.263809
0.00290872
0.251509
0.10256
0.170811
0.133628
0.0885003
0.166847
0.214233
0.030761
0.299688
0.0232819
0.256668
0.0519954
0.174293
0.184965
0.0667489
0.202594
0.100297
0.0864416
0.224019
0.0373924
0.291545
0.0358807
0.203247
0.139355
0.134641
0.101754
0.164842
0.129004
0.121112
0.225265
0.0116022
0.251012
0.119209
0.116651
0.219446
0.0154591
0.418259
0.152926
0.557238
0.32345
0.523761
0.18324
0.429472
0.118445
0.415571
0.19961
0.56447
0.266731
0.466091
0.0981021
0.27338
0.165885
0.0170882
0.314232
0.0207043
0.285523
0.0194266
0.154397
0.1567
0.123347
0.174564
0.0932232
0.155104
0.274798
0.0699114
0.362644
0.111601
0.402137
0.000154061
0.114808
0.280053
0.100454
0.514255
0.273854
0.438927
0.0185296
0.170424
0.222927
0.053249
0.154548
0.258772
0.0289942
0.362303
0.0653708
0.390207
0.0649072
0.22417
0.0733492
0.243057
0.00935405
0.377715
0.194726
0.523118
0.22084
0.512598
0.149599
0.354305
0.00792631
0.271991
0.117071
0.541392
0.275695
0.522488
0.193087
0.355496
0.0705758
0.0617587
0.363614
0.0645339
0.385201
0.0644487
0.186021
0.170282
0.0485704
0.299288
0.00234577
0.211409
0.147107
0.163882
0.666116
0.554788
0.886167
0.619239
0.740247
0.0901503
0.163471
0.0323822
0.174834
0.252121
0.746516
0.841979
1.18466
1.01566
1.14904
0.825452
0.869172
0.569712
0.744389
0.0451016
0.370104
0.180905
0.498382
0.182168
0.530942
0.260234
0.573768
0.257285
0.547128
0.253395
0.529917
0.100424
0.251713
0.0864374
0.10245
0.199232
0.0649583
0.237094
0.111591
0.11648
0.274812
0.0787359
0.409592
0.130135
0.330697
0.0441445
0.175406
0.164519
0.0627111
0.304566
0.0704232
0.37723
0.000297076
0.152306
0.184564
0.000404738
0.488821
0.269856
0.518908
0.206344
0.435612
0.0454225
0.247585
0.00900164
0.334145
0.00405348
0.274602
0.00522677
0.247058
0.0893341
0.284171
0.0991021
0.48066
0.206333
0.51375
0.274174
0.489027
0.13551
0.348001
0.0391785
0.179184
0.0886259
0.213294
0.166259
0.131955
0.0665259
0.38117
0.164795
0.46264
0.254072
0.531977
0.103709
0.299656
0.00730821
0.158968
0.155376
0.121741
0.178634
0.128564
0.0404947
0.459784
0.254841
0.490571
0.168539
0.35333
0.168471
0.000958397
0.255629
0.0972951
0.178114
0.16485
0.0139638
0.211297
0.187366
0.0677829
0.223341
0.0522251
0.155317
0.25475
0.0243079
0.353383
0.0602047
0.388922
0.0702561
0.189044
0.16872
0.0509612
0.296979
0.000730978
0.208452
0.15193
0.0151114
0.441562
0.19949
0.422646
0.0353204
0.210455
0.138561
0.108698
0.249026
0.0557478
0.199329
0.113051
0.0859756
0.333884
0.169602
0.617038
0.41529
0.684932
0.35412
0.607687
0.184897
0.43017
0.187647
0.538828
0.267555
0.57379
0.243343
0.499408
0.21448
0.404661
0.143326
0.437157
0.0995557
0.417002
0.0913512
0.349046
0.0669441
0.479297
0.266459
0.580075
0.266914
0.557899
0.259607
0.55204
0.292198
0.506069
0.12472
0.374311
0.0658144
0.343483
0.00516607
0.266336
0.000383516
0.242612
0.0284299
0.305337
0.0590923
0.220849
0.0756841
0.129665
0.144607
0.112824
0.236901
0.0042031
0.241491
0.154681
0.0648939
0.263017
0.0602983
0.299919
0.0133102
0.368005
0.0575912
0.337742
0.0286974
0.376747
0.164747
0.459128
0.248713
0.522526
0.0866152
0.278836
0.0287531
0.180898
0.0617246
0.274268
0.0235923
0.361365
0.14318
0.493553
0.142067
0.381802
0.077071
0.274508
0.110542
0.221009
0.0142702
0.265875
0.0440934
0.269966
0.0152302
0.177833
0.0922508
0.147983
0.288799
0.0575208
0.319894
0.0547472
0.272437
0.17325
0.0214284
0.361109
0.143652
0.489888
0.136366
0.378011
0.0721486
0.267526
0.11512
0.222605
0.0104824
0.268162
0.0807429
0.144598
0.205236
0.0508524
0.337975
0.0782272
0.451484
0.116533
0.370051
0.103956
0.352388
0.00906194
0.239312
0.00268145
0.247605
0.108464
0.194605
0.0867953
0.126679
0.182724
0.0394075
0.448737
0.225755
0.503664
0.140504
0.411166
0.12644
0.315225
0.0084787
0.262299
0.175395
0.100523
0.0602461
0.275296
0.106745
0.539367
0.298812
0.741458
0.577752
0.904059
0.661084
0.822847
0.242076
0.369658
0.156589
0.358143
0.395915
0.83638
0.87488
1.18128
1.02076
1.14572
0.833549
0.945315
0.672544
0.832701
0.252091
0.399186
0.134801
0.013561
0.31847
0.0639955
0.378463
0.00174287
0.20693
0.0829514
0.150472
0.207107
0.101354
0.177701
0.12376
0.0730516
0.377538
0.165758
0.460599
0.228946
0.418
0.0891691
0.0654732
0.270543
0.0339171
0.207747
0.221127
0.0251606
0.311528
0.0591049
0.376261
0.00159909
0.205702
0.0846251
0.151222
0.202464
0.107404
0.169456
0.130945
0.103541
0.265268
0.00362056
0.25005
0.00816458
0.211082
0.222043
0.0198428
0.307071
0.0758901
0.33261
0.0509593
0.462758
0.250555
0.563415
0.250156
0.541955
0.251512
0.544298
0.287436
0.555031
0.23501
0.540724
0.255733
0.55987
0.209209
0.395858
0.0338806
0.280725
0.0718141
0.38986
0.109902
0.49228
0.270602
0.520105
0.207966
0.431152
0.0399882
0.238634
0.0328381
0.252636
0.0668263
0.260695
0.0588477
0.298773
0.0125315
0.370611
0.0537008
0.327925
0.0229256
0.368894
0.158774
0.457814
0.249007
0.527883
0.0987918
0.29334
0.0138527
0.15353
0.162724
0.117949
0.179666
0.126341
0.0432584
0.45685
0.253049
0.487394
0.167553
0.355038
0.164964
0.054417
0.416776
0.135555
0.488855
0.162805
0.327318
0.0323593
0.270077
0.0142797
0.300642
0.0976732
0.410166
0.141242
0.528133
0.280469
0.594125
0.281265
0.554622
0.305812
0.496034
0.0773341
0.0790943
0.257384
0.0546108
0.318473
0.0468564
0.248732
0.056645
0.140318
0.274487
0.00690149
0.149726
0.184755
0.00305038
0.478157
0.259588
0.509244
0.194432
0.421498
0.0319872
0.23264
0.0398229
0.205552
0.193543
0.0867828
0.125864
0.180633
0.0421951
0.442326
0.222244
0.449441
0.00360039
0.166412
0.175463
0.001131
0.220015
0.179182
0.0788089
0.256024
0.0498922
0.315227
0.0525853
0.241596
0.0617181
0.178457
0.154154
0.193688
0.0354714
0.370252
0.175008
0.619055
0.316977
0.607566
0.33898
0.6201
0.229324
0.521811
0.290846
0.571121
0.213322
0.526415
0.309303
0.607809
0.368107
0.695064
0.318762
0.609981
0.323914
0.505746
0.0562431
0.297281
0.0539851
0.289764
0.0577463
0.278794
0.0461131
0.307027
0.0708064
0.370802
0.00872083
0.181296
0.128529
0.0377576
0.463632
0.257829
0.54777
0.280242
0.522523
0.0549272
0.245174
0.0225837
0.257104
0.093225
0.236635
0.0592494
0.311061
0.00934752
0.346302
0.100286
0.367073
0.15971
0.543745
0.259014
0.548318
0.296526
0.572715
0.133625
0.310561
0.0276351
0.188698
0.264251
0.0281478
0.121267
0.190316
0.0104401
0.385045
0.184478
0.445228
0.141088
0.328159
0.104512
0.073398
0.193207
0.0831858
0.368943
0.0543947
0.331731
0.0235537
0.369766
0.15599
0.45306
0.245813
0.523248
0.0918991
0.286006
0.0180989
0.194792
0.0431306
0.08243
0.543756
0.411889
0.75095
0.465078
0.63911
0.0157349
0.111633
0.0616846
0.171702
0.205624
0.651143
0.733304
1.08387
0.901439
1.01216
0.673972
0.72322
0.389893
0.601358
0.608423
0.3199
0.556294
0.143014
0.353041
0.0926317
0.360211
0.0194739
0.271319
0.00111848
0.327438
0.0280946
0.268373
0.115122
0.152255
0.11758
0.114481
0.268344
0.0197765
0.316945
0.110519
0.489345
0.236571
0.501331
0.121626
0.252556
0.17026
0.00321679
0.438236
0.177267
0.382843
0.0108001
0.214087
0.0783322
0.151025
0.208591
0.0971111
0.177566
0.125397
0.10872
0.259584
0.00206897
0.244288
0.00297236
0.195668
0.241387
0.00148871
0.322927
0.0876042
0.345483
0.0666251
0.479906
0.268526
0.584356
0.270772
0.561772
0.263104
0.551412
0.291474
0.558093
0.237857
0.548537
0.264256
0.571993
0.223786
0.355759
0.0345879
0.195446
0.0723131
0.175041
0.164744
0.234074
0.0149841
0.261576
0.00309692
0.18026
0.294664
0.185748
0.546406
0.321502
0.71035
0.38298
0.650111
0.373522
0.580321
0.126002
0.373587
0.059461
0.333953
0.0240806
0.370289
0.158185
0.452837
0.245157
0.521653
0.0891229
0.287791
0.0184022
0.150209
0.16471
0.115498
0.183802
0.124699
0.0762923
0.341855
0.0892068
0.335371
0.0637714
0.311596
0.0943486
0.184062
0.078651
0.196047
0.197335
0.0538506
0.221815
0.00657282
0.277704
0.146254
0.0196114
0.278394
0.0390549
0.324244
0.00460107
0.367965
0.129661
0.464278
0.162036
0.454796
0.247144
0.524026
0.0932813
0.289803
0.0149957
0.193757
0.0469718
0.288781
0.034524
0.367483
0.144324
0.498392
0.151082
0.39581
0.095475
0.290316
0.0913454
0.239218
0.00305167
0.280673
0.065433
0.161641
0.181334
0.0237324
0.310027
0.0476469
0.425229
0.0909845
0.35018
0.0881536
0.345725
0.00466429
0.247474
0.00598353
0.25026
0.152863
0.0651438
0.265298
0.0636238
0.354877
0.132612
0.551176
0.269131
0.576667
0.250339
0.535045
0.225329
0.519199
0.308123
0.621646
0.270117
0.568892
0.334164
0.533805
0.194144
0.443263
0.10904
0.376385
0.167858
0.550923
0.261119
0.551023
0.282376
0.523631
0.0570733
0.246418
0.0605461
0.137529
0.276669
0.0113197
0.182131
0.086425
0.120552
0.342669
0.12339
0.412439
0.164728
0.452763
0.0216569
0.201434
0.0967388
0.0632268
0.385208
0.151387
0.333898
0.00179858
0.176506
0.314998
0.124295
0.389427
0.0968665
0.430198
0.0456914
0.247191
0.00841067
0.32551
0.0139648
0.26059
0.009537
0.230991
0.105051
0.269458
0.0836482
0.462727
0.191351
0.493084
0.252365
0.467889
0.115339
0.326559
0.0613305
0.154664
0.113953
0.18749
0.191169
0.115456
0.0853126
0.361485
0.147383
0.442686
0.234108
0.509492
0.0775538
0.276081
0.0277657
0.14067
0.171872
0.10578
0.192822
0.11256
0.0918703
0.323136
0.0699226
0.315353
0.0466074
0.297646
0.104999
0.176485
0.121881
0.146718
0.648744
0.547871
0.897825
0.68595
0.861865
0.230757
0.314942
0.14477
0.32558
0.354417
0.795903
0.85543
1.1664
1.00283
1.15534
0.868866
0.956646
0.686956
0.853113
0.324771
0.611014
0.324431
0.507293
0.0649797
0.308071
0.0651641
0.349881
0.0440012
0.347404
0.0935668
0.339409
0.0321877
0.1944
0.275426
0.0329392
0.361438
0.109853
0.407533
0.0501377
0.2952
0.0815822
0.399216
0.118739
0.496542
0.274875
0.522452
0.210678
0.438982
0.0516084
0.25031
0.0231652
0.261826
0.0567103
0.270203
0.0633327
0.304749
0.0195851
0.375935
0.0596124
0.336243
0.0550361
0.43474
0.231912
0.552096
0.330729
0.603535
0.121703
0.305928
0.0144849
0.17981
0.0929524
0.213233
0.0248701
0.308187
0.101963
0.486938
0.213359
0.438315
0.145724
0.386199
0.0998925
0.174568
0.125988
0.106558
0.309533
0.113186
0.423486
0.211852
0.439846
0.000177608
0.172731
0.247149
0.0203597
0.271948
0.035329
0.290268
0.00273323
0.214203
0.144259
0.152771
0.0699805
0.261555
0.0562494
0.299946
0.0172637
0.376265
0.0669761
0.345954
0.00499827
0.263066
0.00176256
0.241855
0.00220439
0.199261
0.238464
0.00498919
0.318835
0.0860017
0.29596
0.0491732
0.295527
0.0560869
0.335922
0.0270117
0.331925
0.0766009
0.319308
0.0457373
0.293298
0.110822
0.172852
0.128595
0.0706267
0.381224
0.171465
0.468314
0.26081
0.539642
0.113178
0.310665
0.0380275
0.289655
0.0233137
0.342498
0.0650256
0.316913
0.00508658
0.351156
0.107184
0.327207
0.0544477
0.375275
0.0446969
0.305376
0.0685272
0.373077
0.00343464
0.19372
0.112987
0.0891248
0.329089
0.0803061
0.329597
0.0271977
0.19496
0.271085
0.0291806
0.359096
0.109853
0.472682
0.177628
0.485893
0.273717
0.527872
0.174496
0.441498
0.108609
0.363916
0.125938
0.462092
0.164053
0.461735
0.232459
0.42379
0.0783283
0.07993
0.215058
0.0583278
0.148114
0.263775
0.00594714
0.250639
0.0687402
0.232582
0.0811748
0.0824846
0.215186
0.0945317
0.208465
0.107609
0.0743747
0.220312
0.0375813
0.265669
0.0103982
0.24614
0.0981662
0.133938
0.0816311
0.227025
0.0154977
0.401009
0.108281
0.407263
0.111199
0.514654
0.285484
0.512407
0.0966726
0.35105
0.130978
0.428711
0.208644
0.572875
0.269137
0.465588
0.0955453
0.267568
0.173057
0.00790101
0.2112
0.191244
0.0645215
0.225077
0.0544848
0.151284
0.263151
0.0016654
0.250671
0.103677
0.170607
0.171887
0.00844696
0.206299
0.196567
0.0248769
0.335786
0.119223
0.364668
0.0320486
0.17507
0.209733
0.00239649
0.326349
0.00519769
0.0788513
0.359829
0.186828
0.542235
0.212361
0.372964
0.0530254
0.0765619
0.361906
0.0626493
0.385879
0.0662315
0.185299
0.173115
0.0453113
0.301369
0.000429832
0.205759
0.157007
0.0120169
0.447667
0.20669
0.427903
0.00930781
0.0957278
0.341188
0.234775
0.722757
0.606069
0.932776
0.676753
0.825092
0.183612
0.261531
0.0570739
0.248393
0.310131
0.751593
0.828507
1.18088
1.022
1.12898
0.808
0.881921
0.539577
0.680467
0.321269
0.00310406
0.349612
0.127503
0.424386
0.205166
0.573256
0.272025
0.468783
0.100987
0.27519
0.164212
0.0185171
0.202806
0.194203
0.0644749
0.225592
0.0533964
0.15433
0.254969
0.0132512
0.240827
0.113171
0.16284
0.176716
0.00475236
0.25736
0.0697651
0.248642
0.0416871
0.139759
0.165155
0.122547
0.277218
0.0257518
0.168974
0.331479
0.130272
0.367163
0.111851
0.304674
0.208325
0.0747359
0.356315
0.0270687
0.211061
0.140217
0.118506
0.124479
0.259864
0.0890818
0.246482
0.0426439
0.302722
0.0639422
0.22721
0.0782518
0.123655
0.288601
0.000813871
0.193689
0.0762753
0.166418
0.267998
0.0652717
0.360842
0.114834
0.4069
0.01003
0.123742
0.269904
0.0906431
0.510419
0.271955
0.44305
0.0239495
0.177906
0.214635
0.0597673
0.146084
0.266337
0.00255936
0.256391
0.0975369
0.173555
0.171169
0.010312
0.211543
0.187796
0.0723007
0.264215
0.0578733
0.320117
0.0500833
0.239526
0.0680842
0.169212
0.164613
0.182872
0.0285165
0.316247
0.0577644
0.436847
0.104172
0.362548
0.126158
0.463712
0.167122
0.464771
0.234892
0.428452
0.076196
0.0825701
0.208209
0.0668191
0.143003
0.26968
0.00227024
0.299913
0.013439
0.347112
0.0481437
0.247687
0.00938094
0.335011
0.00318653
0.321841
0.0909661
0.298961
0.0487014
0.294181
0.0521433
0.333428
0.0242531
0.331441
0.079431
0.32683
0.0255167
0.192029
0.276511
0.0370113
0.365363
0.112613
0.472168
0.175835
0.479898
0.267621
0.578127
0.281027
0.615438
0.310121
0.600726
0.317032
0.557368
0.176797
0.485012
0.294762
0.630746
0.36112
0.710802
0.407956
0.680368
0.358253
0.620351
0.246923
0.530116
0.332902
0.645142
0.342382
0.676037
0.456134
0.677368
0.368719
0.607061
0.193585
0.445773
0.0890327
0.343034
0.0149598
0.23042
0.0138198
0.236205
0.162795
0.0568254
0.272537
0.0696928
0.311151
0.0296574
0.38308
0.0705894
0.343136
0.00100109
0.255593
0.00771006
0.23666
0.0240002
0.301359
0.0598651
0.219533
0.0759154
0.125824
0.143879
0.112205
0.2393
0.00302918
0.246112
0.150629
0.0724059
0.260283
0.0577604
0.303593
0.0163343
0.374199
0.0616498
0.342359
0.00454392
0.261963
0.0014618
0.243667
0.000527298
0.202723
0.230309
0.0146209
0.305173
0.07224
0.330148
0.0494319
0.46795
0.260721
0.575078
0.259468
0.494513
0.142141
0.385464
0.0824803
0.278096
0.108189
0.223049
0.0141782
0.263742
0.0827342
0.143719
0.200629
0.0732756
0.42982
0.228041
0.650267
0.334297
0.521331
0.157762
0.366067
0.00986293
0.292432
0.109472
0.452915
0.128461
0.383679
0.098646
0.322123
0.00596449
0.281803
0.112082
0.0867761
0.363475
0.154675
0.453482
0.228824
0.427502
0.0732855
0.0864185
0.251654
0.0484113
0.310988
0.0237864
0.266468
0.0445555
0.195168
0.200736
0.0947574
0.0845748
0.277055
0.212809
0.708291
0.606779
0.936634
0.680172
0.838515
0.187628
0.27739
0.115178
0.318009
0.333593
0.772864
0.823764
1.14098
0.953472
1.06682
0.736499
0.805064
0.478809
0.646187
0.482136
0.268158
0.582947
0.287859
0.619351
0.316175
0.607349
0.320849
0.503412
0.0589505
0.301125
0.0590031
0.340057
0.0317895
0.338076
0.0801933
0.322664
0.0486104
0.295748
0.109557
0.173732
0.122958
0.114744
0.248139
0.0182001
0.227467
0.0192479
0.299232
0.0623993
0.215611
0.0803632
0.124384
0.150019
0.106241
0.244357
0.000958893
0.24462
0.157099
0.0600512
0.273456
0.0696943
0.355568
0.133987
0.549732
0.267587
0.573574
0.222009
0.409724
0.0518981
0.29308
0.0496094
0.281943
0.0698753
0.264654
0.0265596
0.285383
0.0515846
0.353083
0.0240688
0.166948
0.142286
0.0605796
0.353327
0.0972387
0.341408
0.0374389
0.196338
0.273538
0.0325675
0.362779
0.111262
0.467552
0.169043
0.471237
0.256716
0.514031
0.161353
0.433489
0.106088
0.364545
0.131025
0.472341
0.174615
0.471383
0.239003
0.480839
0.0418754
0.25852
0.0362027
0.143066
0.162401
0.121554
0.240263
0.0920763
0.12518
0.364792
0.149188
0.392455
0.143351
0.369283
0.0139749
0.101662
0.223375
0.00533705
0.263786
0.0333641
0.241387
0.0408091
0.209945
0.235452
0.0244313
0.303235
0.0568826
0.221443
0.0732766
0.132412
0.140856
0.113943
0.232164
0.00944304
0.240024
0.115406
0.183583
0.0991529
0.157698
0.0726825
0.203316
0.234558
0.00500134
0.287445
0.0215147
0.282673
0.00642802
0.180571
0.0919876
0.147869
0.284377
0.0461819
0.305173
0.0639394
0.364676
0.0135413
0.183441
0.122945
0.0796468
0.333692
0.0780092
0.322039
0.0495943
0.296096
0.10643
0.173918
0.128518
0.0736092
0.376038
0.15937
0.455865
0.225069
0.417071
0.086951
0.0700333
0.263391
0.0578369
0.319149
0.0484269
0.250605
0.0524036
0.187129
0.143737
0.199796
0.0427965
0.374251
0.173561
0.610326
0.302237
0.591068
0.307994
0.548295
0.166377
0.47662
0.267293
0.583909
0.28933
0.619646
0.316113
0.602952
0.315814
0.498351
0.0526643
0.295794
0.0552235
0.339801
0.0676433
0.462876
0.258346
0.548009
0.279277
0.520647
0.0533959
0.240571
0.0677336
0.170103
0.158054
0.187735
0.0355558
0.327917
0.0729156
0.454417
0.121775
0.377359
0.107195
0.405708
0.116169
0.424184
0.212594
0.492064
0.0937858
0.192771
0.257778
0.101096
0.442441
0.176303
0.496221
0.0514746
0.215517
0.174403
0.0918379
0.053018
0.327217
0.22132
0.536827
0.230096
0.577316
0.265465
0.507769
0.241956
0.597119
0.223671
0.450488
0.00139799
0.169944
0.172065
0.0257917
0.323123
0.00942201
0.294488
0.0139524
0.156065
0.157715
0.118588
0.180938
0.126143
0.0809512
0.331466
0.0772991
0.320246
0.0487731
0.296228
0.146993
0.609942
0.485139
0.823217
0.537449
0.692375
0.0633503
0.155043
0.00520113
0.271961
0.345101
0.799223
0.877314
1.18137
0.995349
1.12262
0.805
0.869503
0.557583
0.743396
0.0298939
0.320935
0.0625012
0.437176
0.100266
0.353555
0.0879252
0.337577
0.0170616
0.229866
0.0134894
0.233038
0.120264
0.177464
0.102464
0.151422
0.0767838
0.199816
0.232225
0.00404079
0.275134
0.0685213
0.160748
0.184405
0.0267521
0.310013
0.0476038
0.42142
0.0886873
0.346109
0.0783494
0.333318
0.0230508
0.225583
0.0172386
0.187831
0.246724
0.00684979
0.330867
0.0963413
0.352894
0.0724628
0.486291
0.27711
0.589433
0.275633
0.506765
0.151377
0.392128
0.110684
0.389649
0.0637293
0.44571
0.222921
0.501508
0.113873
0.343686
0.0448719
0.237987
0.0355722
0.201988
0.193197
0.0880579
0.164926
0.105776
0.089057
0.412972
0.211645
0.470725
0.109761
0.330772
0.0665006
0.0862021
0.237811
0.0309818
0.3308
0.030694
0.185508
0.102415
0.169473
0.136101
0.142209
0.0860782
0.173582
0.13506
0.22223
0.046737
0.176522
0.194017
0.238691
0.00360288
0.282437
0.0286539
0.283083
0.00262123
0.189696
0.083182
0.158911
0.279529
0.0442235
0.258369
0.046519
0.199712
0.231626
0.0583462
0.310832
0.00974555
0.345777
0.125812
0.424409
0.205312
0.571724
0.27108
0.465794
0.0963719
0.269854
0.172342
0.00822096
0.211439
0.187382
0.0699971
0.265392
0.0579411
0.322493
0.0449182
0.253
0.049955
0.145293
0.272484
0.00934704
0.187629
0.117455
0.0492371
0.450462
0.24586
0.482315
0.163439
0.353405
0.169167
0.000548234
0.297729
0.0116659
0.342128
0.0420938
0.201164
0.0997114
0.161891
0.216965
0.0794283
0.124001
0.146604
0.114444
0.235537
0.00924494
0.237362
0.116709
0.186965
0.0927756
0.123841
0.181198
0.04481
0.441819
0.22109
0.443986
0.00631023
0.166521
0.176776
0.0317411
0.328617
0.00510481
0.298053
0.0124047
0.153935
0.159913
0.117108
0.18315
0.124209
0.0413857
0.45342
0.248401
0.537489
0.271901
0.518851
0.0545024
0.248618
0.0542422
0.144239
0.268326
0.017692
0.177237
0.127453
0.0756762
0.336157
0.109532
0.333442
0.0366733
0.239455
0.195759
0.0328415
0.243189
0.0640484
0.241269
0.0133516
0.220658
0.0256783
0.394766
0.0998518
0.392881
0.14331
0.385562
0.0303985
0.237621
0.157598
0.141165
0.27308
0.0107095
0.182456
0.0876379
0.155864
0.280976
0.048513
0.309123
0.071568
0.373286
0.00977472
0.178798
0.129723
0.0717317
0.342498
0.0870117
0.330285
0.0258124
0.189963
0.275628
0.0318922
0.353827
0.0952379
0.396049
0.0361722
0.279639
0.0702265
0.384361
0.10235
0.480179
0.258016
0.507523
0.195918
0.421419
0.0348522
0.239527
0.0298956
0.214961
0.17914
0.106276
0.106242
0.203259
0.0210227
0.463434
0.238244
0.516133
0.12802
0.358088
0.0602445
0.217627
0.0878219
0.170716
0.204435
0.0915341
0.150708
0.624346
0.526001
0.901589
0.690675
0.862798
0.231991
0.312112
0.144566
0.32306
0.357994
0.799692
0.865456
1.17281
1.0143
1.15942
0.873729
0.955321
0.679406
0.831495
0.257355
0.550219
0.294345
0.564482
0.243438
0.552225
0.269737
0.580246
0.23502
0.479138
0.178969
0.483477
0.272068
0.525823
0.16966
0.436444
0.105732
0.366601
0.10119
0.355515
0.00171596
0.247902
0.0046134
0.251943
0.107945
0.18685
0.100202
0.152687
0.117278
0.0466039
0.470058
0.274864
0.606958
0.257735
0.410861
0.0853973
0.0522866
0.264233
0.0491365
0.351706
0.0572379
0.0756399
0.257186
0.0252183
0.331221
0.0244603
0.109021
0.23677
0.0551205
0.602078
0.299598
0.591499
0.307153
0.548636
0.164163
0.465026
0.249393
0.56182
0.245703
0.536625
0.245101
0.538491
0.282999
0.49964
0.119892
0.366453
0.0516009
0.327133
0.0136127
0.246312
0.0152756
0.232104
0.0122557
0.195563
0.235981
0.00937834
0.312847
0.0831631
0.2979
0.0481299
0.301949
0.0607969
0.342317
0.0300512
0.335696
0.0799355
0.324356
0.0182928
0.187131
0.280838
0.0358084
0.36263
0.111862
0.414287
0.0578452
0.303603
0.0944149
0.412204
0.130616
0.505802
0.281107
0.528723
0.211444
0.438359
0.0503353
0.254507
0.0152077
0.270358
0.0535208
0.273538
0.0680853
0.352664
0.131958
0.55089
0.267294
0.576472
0.228641
0.414371
0.0522793
0.296008
0.0549449
0.290774
0.054378
0.280906
0.0486798
0.310426
0.0750995
0.377998
0.0016003
0.191053
0.116037
0.0898988
0.330835
0.077172
0.320874
0.0160353
0.220472
0.171578
0.124792
0.159465
0.111483
0.243572
0.00411026
0.299854
0.0441071
0.306621
0.042815
0.210251
0.0989561
0.18553
0.109787
0.128585
0.233581
0.0280654
0.217413
0.0234855
0.179608
0.251057
0.0053086
0.330204
0.0980844
0.309701
0.0386344
0.311232
0.0669959
0.351915
0.0425054
0.346232
0.0901066
0.243571
0.122963
0.0586469
0.414276
0.1456
0.380591
0.0240458
0.270618
0.0206144
0.28905
0.141676
0.514266
0.253102
0.541983
0.233567
0.360036
0.0289525
0.179696
0.255104
0.00981956
0.419109
0.0569507
0.296829
0.0528519
0.286613
0.061623
0.271478
0.0358947
0.300753
0.0315461
0.249818
0.192114
0.0392343
0.373304
0.181511
0.623511
0.323131
0.612455
0.323761
0.561234
0.175233
0.476255
0.261644
0.571283
0.252679
0.490605
0.137138
0.383097
0.0816921
0.276044
0.10398
0.224586
0.0110636
0.269672
0.0422321
0.266567
0.0184557
0.174151
0.0953523
0.146482
0.290064
0.0527043
0.311929
0.0475576
0.266827
0.169259
0.0122739
0.346818
0.128476
0.479274
0.132038
0.378992
0.080388
0.281868
0.100175
0.233936
0.00282539
0.277928
0.0338674
0.274934
0.0137578
0.17976
0.126222
0.0462628
0.448616
0.241665
0.53068
0.245027
0.396464
0.133249
0.0177052
0.312419
0.0568088
0.321759
0.114743
0.0377075
0.245374
0.0454902
0.249704
0.12414
0.54308
0.410073
0.783755
0.531064
0.720929
0.149653
0.284222
0.118865
0.321157
0.348881
0.774453
0.821826
1.13292
0.946051
1.0706
0.757629
0.896783
0.631955
0.818991
0.26921
0.700482
0.334461
0.606824
0.350318
0.617922
0.274136
0.599615
0.409522
0.719088
0.36879
0.673282
0.422158
0.647054
0.344397
0.603076
0.11918
0.374478
0.107385
0.35414
0.00731929
0.23667
0.00675976
0.243808
0.11314
0.186075
0.0918932
0.1654
0.10271
0.0939116
0.406809
0.206335
0.516149
0.166477
0.370739
0.000208865
0.206634
0.086651
0.187289
0.0890525
0.278328
0.0342854
0.361746
0.113164
0.417244
0.0620782
0.303771
0.0571522
0.290679
0.0579579
0.272243
0.0383238
0.299431
0.0364917
0.259195
0.180884
0.0215847
0.356561
0.134913
0.48275
0.13127
0.374812
0.0720096
0.268374
0.114959
0.220701
0.011378
0.269294
0.0726744
0.155225
0.18965
0.0326626
0.367491
0.171743
0.612983
0.31132
0.596278
0.308724
0.48845
0.0400535
0.281678
0.0402046
0.3226
0.0151519
0.324631
0.0715794
0.318583
0.0436411
0.294243
0.108703
0.168523
0.132327
0.100387
0.271752
0.0103387
0.257328
0.0426922
0.31912
0.0470261
0.224201
0.0715353
