372.78
328.565
382.884
399.863
374.511
367.528
305.06
285.817
229.565
217.352
185.764
202.945
211.093
240.777
262.443
228.794
249.422
278.576
294.682
274.439
268.781
240.387
265.18
235.842
228.267
233.613
179.076
153.323
153.887
162.437
185.333
210.158
213.05
257.148
230.963
226.247
200.649
231.432
220.152
228.651
224.844
177.485
177.755
198.595
207.386
190.658
207.914
223.625
323.672
336.75
400.92
362.239
302.786
343.663
330.912
281.203
278.125
283.481
346.305
315.819
337.678
293.492
292.304
300.055
245.84
210.709
182.598
151.36
133.43
186.832
187.478
204.155
215.632
229.511
253.04
244.179
233.43
207.054
193.97
184.037
198.293
196.091
252.214
267.559
303.453
311.473
352.448
313.4
323.415
306.581
337.648
308.765
351.753
360.366
362.964
359.318
298.624
346.965
243.882
360.855
331.119
334.092
281.591
235.654
249.631
252.866
287.938
255.892
311.923
260.394
310.823
310.117
309.609
344.603
345.083
302.299
280.22
261.605
180.101
175.69
154.421
168.57
135.013
205.041
230.589
285.41
368.097
325.959
274.292
185.318
201.062
139.048
145.138
186.123
221.237
238.363
308.925
346.256
297.383
289.54
296.447
265.382
263.973
242.679
220.768
265.975
268.944
276.129
281.658
268.022
285.748
287.307
319.155
327.679
330.573
276.37
275.691
306.212
259.685
315.821
267.144
255.867
237.434
224.388
257.053
300.717
287.623
274.916
292.465
262.064
277.27
253.418
269.666
237.739
232.54
223.852
227.657
229.473
237.268
251.378
269.275
301.567
253.993
235.178
191.159
235.336
253.491
292.279
250.907
297.511
320.796
352.767
367.134
318.989
313.817
288.034
293.374
283.655
309.055
286.993
282.724
201.218
218.799
245.019
189.33
177.4
168.998
171.12
194.42
180.971
183.498
193.37
188.629
212.146
201.895
241.888
234.373
233.698
254.583
295.088
244.884
260.053
286.518
345.633
378.944
404.725
413.289
292.356
296.111
297.233
325.73
353.922
317.207
356.91
325.909
389.429
284.288
339.611
295.469
281.645
326.114
314.241
306.934
308.121
288.709
296.441
293.495
235.42
242.254
258.025
219.196
207.883
207.684
205.333
209.044
190.406
187.847
187.355
182.523
169.888
187.447
224.028
192.659
172.012
186.022
156.561
189.272
222.479
241.054
269.129
261.787
285.681
303.706
293.573
346.13
359.895
343.966
373.199
332.279
317.401
292.699
264.637
278.46
267.514
222.245
263.248
249.552
296.574
315.986
233.265
244.244
217.307
207.61
208.607
211.143
181.755
193.89
192.255
206.036
189.168
232.539
249.593
299.623
272.714
217.097
233.663
248.679
292.742
379.261
433.176
420.371
489.32
459.632
471.697
513.195
456.117
448.63
451.656
372.304
366.737
370.483
355.165
313.801
343.698
355.375
341.23
334.383
327.893
364.278
253.198
264.66
269.916
252.034
207.511
204.972
205.235
229.162
222.432
204.085
202.069
173.143
181.94
180.251
189.241
193.962
165.644
161.352
187.904
132.195
173.724
161.612
306.987
306.426
377.849
447.357
296.678
304.806
281.255
316.93
288.352
963.984
-6.86951
196.473
398.027
425.436
372.104
474.067
415.842
431.367
347.661
191.397
257.27
262.558
292.562
296.496
329.625
323.942
240.824
251.947
382.608
244.314
298.161
231.484
319.797
281.203
287.772
467.728
326.113
332.188
229.078
158.19
146.818
133.199
118.293
188.799
199.118
283.854
330.483
352.592
400.981
360.9
317.067
335.352
315.721
346.694
138.122
111.57
127.377
141.602
118.901
168.043
163.418
280.544
291.021
389.713
419.805
374.522
434.765
440.503
368.943
436.963
391.931
399.189
394.007
402.854
410.802
327.271
318.099
274.121
243.177
259.465
282.054
255.135
264.27
270.168
263.069
261.982
279.893
281.295
267.81
222.888
173.299
156.421
137.537
144.036
110.878
120.772
145.186
159.737
180.272
218.347
294.116
330.828
353.663
338.801
285.899
273.276
290.464
368.756
407.461
418.646
406.947
383.772
378.351
321.83
368.567
373.262
344.439
328.554
308.674
295.037
261.864
246.409
273.934
303.5
271.01
291.838
264.964
320.054
346.455
346.483
321.898
304.482
277.297
274.385
252.682
237.428
190.689
144.904
141.579
137.474
128.324
165.698
193.353
213.739
257.4
291.564
355.835
338.282
326.981
320.485
202.817
154.936
101.522
72.7872
56.599
96.7879
107.003
229.047
323.115
441.026
525.476
507.401
557.965
389.679
373.838
350.897
260.665
213.376
183.064
60.5701
94.8694
117.832
237.92
328.781
397.171
452.63
337.248
351.41
357.627
295.457
238.458
181.246
141.952
98.4788
105.874
168.555
200.629
290.511
299.661
253.432
223.724
216.99
209.856
212.713
253.478
244.199
221.649
184.29
168.845
163.843
176.195
251.149
288.995
322.615
352.981
384.958
429.214
397.81
369.674
317.276
308.784
306.157
246.988
248.152
265.638
270.706
268.757
295.088
344.854
416.337
487.111
450.845
424.903
400.101
428.747
404.976
302.919
237.782
182.663
170.011
161.601
160.056
204.255
222.698
274.414
314.555
357.938
370.187
328.239
306.206
247.605
213.62
134.494
23.7661
35.3411
31.3876
109.475
180.391
261.156
297.111
400.07
483.154
452.015
392.12
291.384
267.859
287.721
264.54
296.45
311.375
297.67
217.645
320.428
375.657
311.82
321.924
298.027
307.02
286.614
265.529
226.002
205.201
210.465
191.867
226.923
252.38
275.625
289.882
320.575
338.688
317.159
298.551
290.175
322.982
305.53
230.264
180.411
131.14
97.7437
140.073
200.359
222.767
278.845
294.897
321.459
338.514
325.301
311.888
312.531
256.482
220.585
181.872
160.392
171.037
178.682
207.729
282.285
252.434
277.246
304.073
313.027
305.968
284.337
314.063
284.009
292.142
284.607
298.188
285.564
316.685
318.275
302.662
270.782
267.603
288.387
306.918
289.104
307.82
307.595
305.477
336.14
339.818
338.471
290.848
280.703
246.464
225.075
221.8
171.023
176.651
161.54
156.887
146.653
166.947
196.446
226.555
185.985
197.767
216.911
211.031
233.834
254.744
235.625
261.876
226.577
256.759
256.186
219.718
306.292
276.693
289.612
359.596
348.114
360.314
360.504
313.504
258.281
187.547
266.287
205.448
310.366
382.99
312.936
382.599
347.389
378.87
316.827
303.12
269.456
251.962
248.798
248.586
238.867
230.236
271.136
318.149
329.24
317.16
285.438
303.933
312.805
295.226
294.049
263.519
256.427
252.108
237.288
211.344
182.024
152.241
159.567
186.222
203.033
215.639
212.22
224.472
232.737
224.821
220.201
183.86
181.376
171.842
162.283
176.367
155.79
173.013
238.43
311.718
315.803
336.207
321.305
348.672
338.97
357.05
352.829
300.255
299.33
237.265
273.015
249.511
290.608
301.077
282.758
324.607
343.991
341.985
332.3
254.328
201.713
160.183
117.691
97.5981
107.776
104.827
154.918
184.596
234.571
261.937
274.716
272.859
298.125
329.487
369.98
353.682
261.331
241.362
169.783
168.764
154.874
151.785
216.712
331.684
338.321
351.959
319.645
280.676
335.64
352.406
372.37
336.977
356.674
342.144
388.136
347.71
416.695
357.419
344.125
327.928
345.323
334.333
288.715
287.514
315.936
298.294
293.609
349.117
343.057
369.671
358.165
348.188
288.073
314.873
304.368
272.598
251.215
196.153
218.92
243.143
246.006
328.319
285.802
347.103
350.728
320.757
349.492
341.75
250.355
223.618
238.73
191.664
197.166
208.811
190.249
268.311
260.8
281.056
300.542
270.997
303.262
280.157
244.493
204.498
136.237
125.161
99.4083
163.843
243.032
208.789
285.231
259.727
313.492
415.863
358.819
347.382
238.799
203.842
242.39
279.239
287.371
295.213
268.072
254.579
293.158
338.325
332.618
288.554
249.305
233.287
294.91
187.202
173.237
223.966
290.976
362.645
324.932
284.244
275.804
333.264
343.255
427.518
395.512
370.379
383.832
437.976
368.304
366.454
390.368
364.082
348.613
331.358
335.782
307.005
317.445
274.556
285.756
297.69
212.425
228.665
230.993
225.844
189.215
211.478
179.994
198.447
194.141
197.241
215.228
171.503
175.238
191.25
203.409
175.131
158.14
171.503
191.158
176.535
207.588
249.178
326.251
343.366
375.424
367.34
269.067
302.244
317.586
337.205
370.492
361.644
365.927
313.253
288.257
282.235
308.323
287.496
286.359
299.508
247.874
249.917
225.814
222.359
196.995
176.613
181.482
452.744
339.044
89.2769
140.52
235.314
265.759
235.727
273.49
150.892
303.141
150.722
273.517
400.05
256.204
295.87
298.575
334.297
372.309
239.312
260.953
320.067
183.42
249.211
65.9913
318.972
237.988
421.519
573.49
329.577
401.581
277.776
431.274
324.432
339.03
349.935
395.454
366.562
370.454
347.692
287.17
288.768
271.772
276.98
238.878
262.62
228.182
241.752
258.348
247.067
244.726
244.796
228.99
178.979
172.686
120.734
124.994
152.803
171.511
191.559
246.639
242.596
285.862
276.084
260.541
227.24
193.21
203.273
243.191
254.807
302.682
367.954
431.346
495.638
473.248
480.154
448.144
446.601
369.07
350.689
366.083
324.68
298.796
255.623
217.937
278.743
296.669
302.388
295.673
290.025
251.521
258.34
272.399
276.506
281.479
265.858
249.175
244.621
231.064
199.383
155.212
152.572
124.839
95.0462
122.079
139.5
194.477
247.372
283.331
320.152
326.234
328.51
366.893
396.236
394.762
375.452
346.746
349.372
329.681
349.496
257.497
286.078
332.394
371.339
319.883
341.901
373.743
329.989
324.916
330.251
256.502
230.389
218.304
204.215
178.832
199.82
184.894
221.097
210.892
223
256.225
227.17
251.898
232.236
221.541
173.564
50.2617
41.1671
52.7642
136.293
206.774
261.91
343.352
329.379
358.692
347.73
301.014
317.422
322.871
341.627
300.178
287.175
273.07
289.523
251.739
238.871
220.652
214.982
252.745
270.245
344.768
360.765
350.518
296.556
250.129
240.787
267.969
252.736
250.207
337.07
175.373
303.518
205.2
229.963
262.094
275.468
238.245
270.291
234.733
189.17
223.212
179.459
202.54
238.761
227.622
273.078
271.287
259.16
269.675
216.501
208.868
178.252
193.501
253.114
223.379
239.317
249.068
270.003
286.699
287.202
272.438
289.005
256.865
255.117
268.802
162.467
257.352
246.004
230.23
239.094
286.437
274.492
368.662
366.859
328.427
311.651
161.773
197.15
226.498
265.755
261.052
168.286
216.115
256.385
235.561
297.975
325.155
335.199
355.709
356.631
373.982
314.102
310.189
329.729
305.746
277.922
238.937
219.446
241.093
281.765
298.603
295.897
275.141
280.062
277.006
256.332
250.198
227.994
195.7
221.687
227.677
241.021
248.603
236.521
244.371
261.168
256.333
260.259
268.872
252.73
238.278
249.696
250.925
243.084
242.334
247.721
257.763
249.627
251.399
244.401
162.238
213.456
219.993
259.976
206.701
204.118
173.966
260.902
257.83
297.805
267.38
213.445
288.781
287.636
291.558
272.087
229.598
185.468
262.352
240.991
241.893
291.045
371.885
402.274
416.827
358.652
270.973
365.568
348.924
360.524
365.389
337.279
264.473
254.566
255.504
240.752
303.572
258.7
235.729
288.613
257.013
217.956
225.389
215.785
213.183
211.943
172.026
211.118
243.747
260.98
286.263
236.673
236.963
247.443
222.588
181.494
186.052
208.639
223.802
229.145
160.39
194.319
228.576
247.377
258.159
305.043
254.183
187.958
200.884
262.725
252.15
372.814
388.405
437.51
385.058
436.233
359.518
422.496
371.964
393.634
316.473
379.683
400.311
340.384
258.014
266.484
275.114
257.737
260.247
264.945
252.654
326.611
338.086
347.179
329.1
259.607
189.314
158.058
130.042
81.0705
40.3288
79.4583
154.03
166.91
249.227
289.715
257.879
291.29
378.4
309.809
214.894
191.217
180.414
197.495
189.797
194.956
264.288
225.089
274.044
264.984
308.777
277.712
151.432
179.165
377.771
326.122
316.232
361.946
396.744
406.136
447.264
424.269
394.825
496.323
418.644
417.499
464.437
411.164
316.098
309.328
321.154
291.983
273.319
255.318
257.358
307.603
290.203
303.31
312.642
290.511
322.792
335.121
492.852
153.594
148.231
180.692
385.299
876.497
558.245
558.105
545.472
178.792
262.6
343.902
342.872
196.824
214.57
89.8275
245.399
328.606
410.193
496.881
349.855
399.231
435.804
415.24
334.213
177.103
139.826
118.834
-76.6346
-22.8152
-43.2585
256.826
443.42
548.445
547.414
339.753
325.519
247.395
247.691
216.004
226.775
226.1
225.994
235.365
252.358
282.674
238.811
257.84
244.354
303.952
280.999
276.528
281.708
286.27
302.497
296.959
307.733
314.999
313.464
302.757
304.528
296.005
294.184
255.737
209.283
249.325
227.03
256.635
271.802
237.673
252.1
258.331
216.466
224.274
225.102
202.722
194.273
169.245
150.607
144.86
163.436
147.313
195.251
264.637
298.757
354.483
352.205
344.748
301.457
249.222
250.626
236.418
248.423
200.268
924.073
572.633
581.135
550.488
610.902
540.204
197.896
266.171
266.409
266.402
125.316
175.244
210.745
331.034
303.277
393.151
461.547
416.229
425.956
375.428
339.097
244.919
105.1
-26.4458
23.1203
-112.639
25.7943
166.283
373.998
391.007
515.541
559.832
325.988
328.443
247.43
261.028
237.76
228.922
225.542
226.255
149.973
234.383
215.858
242.021
221.717
265.183
256.752
282.497
265.034
256.648
235.875
136.222
141.781
228.289
252.523
297.159
278.736
256.968
292.304
294.449
317.162
327.856
297.434
298.705
245.7
244.536
263.685
171.499
259.996
369.724
348.355
352.667
406.317
365.348
305.05
307.558
277.449
246.187
231.844
226.184
219.881
264.524
234.298
215.799
266.039
240.297
243.321
249.437
230.788
251.746
245.646
262.054
280.732
236.063
233.115
212.894
231.401
231.033
233.91
261.208
261.244
305.033
296.742
297.126
304.309
297.335
324.426
277.78
277.547
261.311
257.997
255.58
264.496
257.927
277.199
270.137
296.823
284.936
324.046
423.466
252.695
285.54
300.882
276.805
237.32
229.609
223.358
192.876
225.151
222.353
268.303
260.886
277.313
272.991
269.317
312.26
268.995
240.818
253.177
202.403
207.996
254.931
279.372
246.029
217.144
267.359
268.265
281.274
267.398
231.29
252.921
235.56
251.364
258.991
247.083
234.578
244.802
251.054
259.431
242.183
204.942
253.09
214.269
240.748
227.123
229.843
230.163
261.991
306.669
276.168
239.321
220.078
219.43
232.067
246.545
249.987
839.338
591.895
127.097
247.481
361.337
378.044
339.569
364.274
186.737
340.945
139.045
277.291
432.429
265.546
341.555
333.063
352.034
412.574
251.352
241.13
312.736
154.23
228.709
27.3919
269.565
156.393
354.656
568.792
292.366
300.025
215.912
226.291
269.13
270.665
268.407
264.326
269.475
263.665
240.619
226.744
215.196
209.05
205.405
179.564
203.051
223.796
249.466
292.773
298.909
271.774
252.075
239.289
207.046
198.343
231.083
225.362
253.786
223.491
228.447
294.499
264.679
278.033
292.735
286.898
279.988
277.896
248.123
261.611
264.683
241.542
277.581
246.705
263.834
266.435
309.522
291.575
316.33
313.614
264.821
262.618
276.104
310.477
327.667
305.618
267.313
277.754
297.677
283.646
296.056
271.027
272.117
261.48
249.688
262.61
285.478
271.454
271.356
259.436
262.248
238.138
229.938
230.058
244.351
227.437
204.994
192.94
163.414
200.264
207.547
281.536
261.934
247.372
244.893
263.947
266.754
227.607
232.57
203.946
233.435
232.215
246.95
264.183
231.551
243.398
250.816
473.314
374.933
223.736
278.513
405.879
428.837
401.584
431.538
182.715
277.536
271.812
243.13
254.763
222.408
211.809
260.569
293.968
366.492
350.065
297.925
324.874
295.703
298.989
178.549
160.141
91.6675
170.146
136.659
81.5051
69.6631
148.007
252.803
337.218
421.736
311.36
347.264
346.74
299.697
268.416
240.307
267.031
263.059
256.111
268.017
265.712
246.533
264.762
264.829
245.933
260.81
