43.8889
45.3948
41.177
42.2729
39.7753
39.1205
43.6322
41.4325
43.2592
46.1619
45.4886
44.5835
41.0533
40.8893
42.9323
40.8704
40.2635
41.6666
41.235
41.4656
42.5985
43.005
45.5271
45.6826
43.1239
42.8801
41.987
41.9305
41.282
42.7771
44.5157
42.3723
41.7917
42.6702
41.4453
42.4595
41.8763
41.647
43.0387
42.3971
41.7867
40.3703
40.0474
43.3216
43.8423
44.0323
45.9419
44.1165
43.4127
41.543
40.2621
42.1252
41.5226
42.0001
42.7965
42.6363
43.4701
41.1965
41.7883
43.5116
42.8636
42.4439
43.0457
43.3418
42.3519
40.2755
40.1269
42.6301
42.9644
42.8292
44.5583
43.8928
43.9591
41.9126
40.2584
42.6686
42.1354
41.2629
43.5535
43.3574
45.0827
41.2239
41.6502
45.9176
41.8226
43.2164
42.2121
43.1042
43.0061
41.4088
41.0032
42.7386
43.7786
41.7539
43.3549
43.6011
43.6065
39.9645
40.483
43.423
42.3189
39.7981
42.3393
42.7718
42.6776
43.2015
43.0554
47.9204
44.7707
43.4462
43.2914
39.9811
41.7478
38.6695
38.569
43.6333
42.9671
41.3132
45.281
42.1396
42.3508
41.8777
39.6884
43.1122
40.6883
42.0672
46.5519
43.9361
45.2967
43.658
41.9167
44.5135
40.5974
38.719
44.2341
40.4809
41.3394
45.6602
42.9405
43.6048
40.8578
40.9996
44.6403
41.3716
42.0772
44.3139
43.3868
42.2166
39.5279
40.0621
42.99
41.8957
42.1589
44.7391
43.8728
42.5692
42.7086
41.6972
42.2022
41.3522
40.005
45.9486
43.8932
42.6768
41.8685
41.5343
44.1178
41.6185
39.8797
44.8355
41.6903
41.9158
44.1095
40.4578
44.3825
39.6653
40.9289
47.7214
42.7476
43.6459
42.6174
40.4315
44.0537
39.6531
39.5649
44.6583
41.4776
43.1172
42.7927
42.5368
45.2432
42.0113
43.1234
43.9637
42.4949
40.786
41.6305
42.5451
42.5115
40.7914
40.1223
45.1646
43.8536
43.246
44.0085
42.0403
42.7689
40.1845
39.3655
44.9648
43.3553
43.9379
44.1786
42.0682
44.6534
39.5729
39.7074
43.5917
40.8897
41.8379
42.8612
41.8149
43.6609
39.092
40.0979
44.9391
43.2843
43.762
42.7041
42.6733
44.4187
41.9579
40.7685
43.6879
42.6758
43.0363
43.979
42.4313
44.1241
41.6812
41.0453
44.1705
42.3309
40.8374
41.507
40.2662
42.0594
39.6708
39.7188
45.557
44.0765
43.7619
44.8939
42.216
43.1042
41.409
40.6153
44.4299
43.5973
42.6122
44.0592
42.8448
43.1614
41.118
40.1208
43.2811
41.5682
41.9706
42.9578
41.9387
42.1232
42.1254
41.7334
43.3878
44.1524
42.5314
47.1983
44.0646
42.862
41.2998
39.8816
43.1861
41.1575
40.3097
44.8539
42.5522
43.7964
45.9646
42.6625
43.4703
39.4593
39.8284
43.4757
41.1207
41.8092
44.9419
43.9057
43.5834
41.4868
38.6924
43.7818
41.7205
40.5395
45.0498
40.2895
42.8604
43.101
40.4096
46.4026
42.432
42.7264
46.8796
42.4638
43.3871
40.9501
38.9747
41.9721
41.1056
39.4192
42.3114
43.3724
42.4996
45.2984
42.5015
41.0109
44.7435
40.2359
40.8473
42.4287
40.5965
46.6663
42.151
43.3803
48.2394
42.0681
42.8961
43.3011
40.4526
44.0403
39.8048
39.2617
44.8081
41.2376
43.612
42.1258
41.7677
45.7775
40.6854
40.7596
45.7054
43.1904
42.8532
42.3906
40.0495
42.2012
41.3922
41.1358
45.3491
43.4835
43.2158
45.0824
41.756
42.4853
40.6856
39.3765
44.074
42.9064
41.7514
44.5672
42.3077
43.1744
44.0849
42.1193
44.0448
40.7964
40.0071
44.8181
41.0181
42.5106
44.2636
43.0123
43.3555
41.4066
40.745
44.0005
42.0594
42.1294
43.9854
41.6088
42.5279
39.8434
40.2705
43.0807
41.4661
42.2288
43.6874
43.085
44.207
42.0775
41.9735
44.4031
41.4266
41.4762
42.2014
41.8226
43.7263
44.6761
43.7084
44.7687
43.2511
41.9012
42.1803
39.916
42.0769
40.6993
42.5143
44.9808
43.0877
43.0301
42.6156
42.2756
42.2695
42.2598
41.2703
41.9955
42.5934
42.2742
41.8352
41.4308
43.2187
43.2261
42.968
44.27
43.3321
42.9214
41.5064
40.5236
41.8913
41.1592
42.6201
43.1178
43.8127
44.2557
40.9463
41.752
42.2425
42.1814
41.1499
41.726
43.6998
43.6562
41.3348
41.4247
43.3425
43.4412
43.5802
43.9381
43.0692
42.291
40.6352
40.8003
42.9226
42.1167
42.9063
43.5263
44.0331
44.5784
41.1328
40.3342
44.3085
42.9695
41.6601
42.8281
41.264
42.1666
40.7399
40.2619
45.83
43.9933
43.0523
44.4786
41.3632
42.7373
39.8247
39.7758
45.3062
43.1039
43.7671
43.9442
41.8785
43.3568
40.0726
41.482
42.2855
40.8401
41.1544
43.3667
44.0857
44.4287
43.9203
43.0387
43.3179
41.8793
40.7355
42.4592
41.8361
41.4096
44.7204
43.4351
43.4892
40.7399
39.4028
43.7838
40.7874
43.0266
44.9818
43.9879
44.2068
40.5784
39.4013
42.9095
40.8995
41.5951
44.0067
42.9742
43.144
42.8998
42.5574
44.3705
42.6955
41.4042
42.9235
41.6434
42.4405
41.6312
41.834
44.6642
42.6367
42.5204
42.444
40.3083
42.9532
40.9947
42.0523
44.1592
41.7691
41.7765
43.4459
43.2606
42.7029
43.639
43.5271
45.2038
44.3615
43.014
42.9288
40.9274
41.111
40.3508
40.3422
43.7938
42.1059
42.8351
44.7869
42.6908
42.4705
41.7654
41.2817
44.2572
41.7908
42.3099
43.6119
41.0528
43.9097
42.3033
42.173
45.3073
41.833
41.4933
41.0359
39.447
42.2686
41.5013
43.9361
45.5452
43.3397
43.3577
41.8553
41.1224
42.7449
41.8749
42.2427
43.138
42.9839
42.3864
41.3974
41.1538
41.5893
42.784
42.7773
44.5521
44.4906
43.8256
40.7674
40.2616
42.3647
41.9343
42.8934
42.8557
44.1067
44.1973
42.4574
42.705
42.3487
42.4567
40.3419
41.045
42.5342
42.5719
41.9898
41.8923
44.9298
44.5403
41.838
42.6213
42.0933
42.4699
42.3209
41.5366
43.4679
42.8593
41.9429
42.547
42.6978
45.4398
41.6136
42.9331
44.3612
42.2271
40.9928
40.086
40.9618
40.7691
43.1048
41.7479
43.7065
44.207
42.6234
42.1458
41.7686
43.5172
42.5007
41.871
44.0861
44.1669
41.6218
42.1221
41.8657
44.0166
42.3502
42.387
43.9352
41.2357
42.7384
39.8305
40.3891
42.4651
40.9787
41.0387
43.3554
44.9082
46.3566
44.1038
43.2666
43.3
41.3634
40.764
42.496
42.4021
42.8802
43.5567
43.657
45.0553
42.5481
40.7074
38.1679
39.2021
42.0734
42.0874
42.8029
43.8954
44.977
43.9055
42.5804
41.4342
42.2031
41.4368
42.5953
43.9072
44.7266
43.8367
41.3182
40.6507
41.6902
41.875
40.4804
43.9059
44.0442
43.5037
42.1454
40.3814
42.9272
41.5478
41.5571
44.2637
42.7267
43.9194
41.3773
41.6192
44.279
41.6964
42.2836
43.153
43.3688
42.7098
41.743
40.8436
41.6513
42.0899
41.72
44.5592
44.0096
43.3938
41.8948
40.8282
42.5414
41.7009
41.7201
43.4771
43.3164
44.1646
42.3497
41.8829
44.1889
42.3185
41.4877
43.146
41.6522
41.868
40.1852
39.6715
43.784
43.0746
42.986
46.1517
42.59
42.61
42.1071
39.5945
42.6873
41.5532
41.7851
46.1044
43.9366
45.0911
42.9719
40.3804
44.4358
41.1505
40.1019
44.2471
40.7146
42.1307
43.1804
41.4182
43.7902
41.1366
42.618
43.7423
41.4578
43.8217
42.6875
42.889
42.7654
40.5499
41.6094
40.9424
40.8821
42.3851
41.4781
44.9988
46.0373
45.0184
45.3406
39.6761
40.9148
41.5586
42.6225
43.6657
42.2078
42.7498
42.5156
44.089
42.4936
43.2733
41.9559
42.297
43.4759
41.3064
42.2797
41.795
41.874
42.6636
41.0431
42.2444
42.3015
41.2932
43.3679
40.9657
43.8782
44.0968
43.6502
44.9305
41.481
42.7526
42.7096
43.2107
43.3335
43.4908
42.7026
41.6633
43.1107
41.3245
42.0589
41.5114
40.5167
44.3676
41.4167
43.7628
45.6112
44.0737
44.4135
40.8533
39.6419
42.7099
41.3107
40.9848
43.8388
42.2693
43.6057
41.6705
40.9478
44.6315
41.251
41.1141
43.2687
41.903
42.757
41.9452
41.1422
45.1221
42.5659
43.6073
45.0644
42.0331
42.9156
38.9046
39.6889
44.0093
42.9999
42.6699
44.1001
42.704
42.2892
41.8358
40.783
43.2299
43.1497
42.1062
43.7266
41.6499
43.6311
41.0981
42.3929
44.2712
41.3564
42.3735
41.6085
42.4749
42.9524
41.7555
41.6505
42.7593
43.942
42.0026
40.643
41.7939
42.4176
43.4066
44.7465
44.4712
43.9396
41.2814
40.4115
40.6339
41.3779
42.1433
42.3731
43.7853
44.1451
44.1315
41.7184
42.2502
42.1572
41.4916
40.5844
41.8447
42.2942
42.1715
41.62
41.6019
43.4239
43.264
43.7093
42.5892
45.4217
44.2571
43.032
42.9482
39.2922
40.9176
41.2751
43.0467
46.5853
44.8606
43.2893
41.684
41.1966
43.0587
43.6792
41.9732
46.101
43.3874
41.7413
39.1057
32.9153
40.5143
37.132
40.4142
46.0152
41.2559
46.2956
44.3308
42.6729
45.8316
38.858
42.5766
42.1905
42.3186
50.0365
44.3229
45.1923
46.6698
39.2918
38.2921
35.6765
36.3516
40.8035
41.7973
45.5377
45.4088
45.6317
46.1821
40.0649
42.0767
40.8631
41.3887
43.1624
41.4919
43.1736
42.5135
43.3126
45.2544
43.2644
41.6035
42.6723
42.1134
42.7533
40.7997
41.4729
43.4658
41.4985
41.8902
42.582
43.4305
43.2104
41.5735
41.1787
40.7022
41.2847
41.5783
41.7903
45.0011
44.5181
43.0634
44.9754
42.9722
44.0636
41.3472
41.1695
44.5429
40.5852
41.4376
40.3778
40.5104
42.5951
41.3669
40.8661
44.5919
42.1888
42.4048
43.963
42.1082
43.4819
40.3417
41.1153
44.6873
41.4925
42.1967
44.4542
44.0153
43.6528
41.2162
40.5958
42.9373
40.9273
40.3949
43.5559
42.4825
43.1105
43.0238
43.0322
44.9
42.2012
40.5937
44.874
41.4094
42.0876
42.6831
40.5685
43.4603
42.4386
40.6968
43.4159
42.103
42.3294
45.6583
42.6224
43.1432
40.6613
39.5237
43.75
41.6054
41.1017
46.8739
42.5754
43.2503
46.0499
41.1754
43.1635
40.3684
40.254
43.8461
39.7137
40.9147
43.3054
42.7957
44.7557
43.1809
43.2324
44.4177
41.4591
40.6642
44.4549
42.9679
43.4545
42.6174
40.8043
43.4634
42.3543
41.0413
43.6189
42.2336
42.3345
44.5313
41.3149
42.0672
40.5541
40.0768
43.3584
42.0035
41.8398
46.4076
44.1058
43.2995
46.4993
40.5114
41.898
41.2999
39.8207
43.9525
41.1434
41.9766
45.2217
44.4949
44.7021
41.6168
41.1726
42.6873
40.4126
39.8142
40.9305
43.1744
40.307
41.6229
44.161
42.0974
44.3424
42.8182
41.7874
44.9044
41.6845
41.6344
45.3019
42.5192
45.5038
43.267
40.2941
44.9102
40.987
39.5847
43.7823
41.7044
40.9851
42.1572
41.9413
42.5771
42.2495
42.6383
43.7627
44.7326
40.3745
42.1699
41.3378
39.8336
45.4387
42.327
41.4514
45.5406
40.8592
41.4487
43.576
41.0241
46.0858
43.7018
42.6782
45.8223
40.1318
41.0155
42.246
40.6618
42.5636
40.9648
38.9735
41.6019
41.5905
41.3357
45.9619
43.8341
42.747
44.3144
39.1472
40.9921
41.868
41.5908
47.0366
44.085
44.0683
46.2714
39.5196
40.1228
39.2701
39.8621
42.8114
42.1583
43.8266
44.7224
43.5897
43.797
41.6687
40.3327
42.1066
41.4363
42.4301
43.8953
42.9609
42.6618
42.4347
42.2193
42.4704
42.2683
42.6383
44.2629
43.3376
43.6836
41.428
40.1543
41.5362
41.4841
42.4394
44.1313
42.6214
43.3081
42.6544
41.1401
43.2086
41.2067
42.6176
43.8917
43.7706
43.8605
41.4536
41.2715
42.3272
42.715
43.5435
44.1795
43.5576
42.8595
41.7534
41.4145
41.4865
41.7726
41.6738
42.4657
43.6169
43.6827
42.1467
42.0276
42.9076
42.9926
41.5384
42.237
42.988
42.7488
42.4285
42.292
43.0636
42.8657
43.6814
43.3471
43.7066
42.6255
40.4834
40.6226
42.1248
43.298
42.6615
43.046
44.5373
42.5325
41.8506
42.1936
41.6035
42.8974
41.7896
43.1113
44.5593
42.3799
40.6054
40.753
43.1572
43.5925
42.8594
44.0707
43.5353
43.0913
41.8608
41.3361
43.0524
42.2318
41.5208
43.0715
41.7099
42.966
40.9789
41.8735
44.3661
42.6202
42.3236
41.7458
42.4578
43.0991
42.3603
42.3456
43.3542
43.9123
42.8409
42.9881
43.0473
41.8289
40.8594
41.1339
42.5407
42.6347
41.8288
41.3763
43.263
43.0275
43.2334
42.5763
44.2646
44.0251
40.4417
41.6908
40.6866
41.9476
42.0024
41.1347
46.65
44.0269
42.9659
43.5015
40.3056
44.1465
39.0071
40.4419
45.5792
41.3715
43.0969
41.4025
42.7888
44.0415
42.4277
42.3544
44.5616
43.7054
41.631
41.959
42.3191
42.7427
39.8235
40.1015
45.4614
44.513
43.3329
45.0553
42.5118
42.2188
39.1182
38.7265
42.5066
41.1428
43.6874
44.4068
44.3616
45.8659
40.4651
41.0752
43.4605
41.957
40.9172
42.0781
42.9301
42.3089
42.1092
41.8929
43.2409
42.8254
43.3665
43.8196
43.5039
42.8786
40.8828
41.1725
42.2802
42.8259
41.9638
42.6861
44.676
43.1461
41.7537
42.1993
42.6212
42.5159
40.9201
42.1473
43.4182
41.5429
41.902
42.3494
43.5661
44.8244
42.8766
43.8189
43.2974
42.5607
40.7189
41.3874
43.4018
42.7045
41.0947
41.9725
42.72
42.4196
42.3179
42.3068
44.0391
42.725
42.7062
41.9647
41.213
42.8237
41.7102
42.3112
44.7202
44.5418
41.9699
42.7969
42.8668
42.7279
40.6763
40.6784
44.1548
42.0583
42.454
42.4285
42.3726
43.5317
43.2594
42.4946
45.1417
42.7308
41.4196
41.8239
41.8229
43.8405
40.2388
40.3305
44.544
42.1661
42.7462
45.384
42.367
43.079
41.2541
41.4138
42.5957
41.2571
40.3485
43.9343
43.508
44.3922
45.32
42.3491
43.8881
40.2392
39.6909
43.4106
39.8776
41.6814
44.4279
43.9303
44.5658
41.9988
41.6726
43.254
40.9375
40.3252
42.4699
42.8394
43.4557
42.7886
41.8524
44.48
41.5114
41.8388
45.1073
43.4741
42.8922
41.6997
40.8889
42.5265
41.3794
40.3723
43.7659
43.5523
43.4925
42.9666
43.4614
44.3941
42.1005
41.6382
43.4522
43.3099
40.6534
39.2278
42.2128
42.7401
43.1703
42.5814
40.4549
43.8241
40.935
41.9041
43.5877
39.9922
44.1149
41.6425
43.0927
45.8001
40.6204
42.8183
42.9454
43.9188
44.9099
40.3102
41.1294
41.0508
43.4785
44.7029
41.1567
41.9714
41.1593
43.4698
44.2781
41.8899
43.397
41.1603
42.6304
43.7908
42.14
43.5369
39.8352
40.8823
43.233
43.8071
43.1952
39.691
42.3606
43.2398
43.9958
43.6757
41.1741
42.1702
41.6013
43.3028
44.8191
44.3017
44.0357
41.9338
43.6462
43.9151
41.0796
40.2036
39.705
41.8221
41.5683
41.0283
43.0596
41.2694
44.7915
45.1442
42.1643
43.3783
37.4745
41.9509
44.6916
42.68
45.1457
40.3903
44.3806
46.3009
42.4217
44.2936
38.5874
41.9779
43.9252
41.1233
43.9487
37.1114
42.1944
45.4793
41.6776
45.1151
38.3594
41.4179
43.7792
40.4141
45.4482
40.968
44.5377
46.8765
42.7353
44.6694
39.0194
40.972
44.4288
40.8785
44.4372
41.3214
42.4776
43.7351
37.6825
42.8495
40.3256
41.8826
44.3547
40.1338
46.6822
43.2793
43.0559
45.907
38.6457
42.2204
40.2227
38.5172
44.8085
40.2137
43.9824
45.4951
41.5002
46.4302
40.1774
42.2846
44.9032
40.634
43.9414
39.8741
41.8357
44.9167
41.0578
44.9778
42.3814
42.4552
43.589
37.1547
42.4735
41.7338
42.3749
45.05
39.1827
45.0596
43.3945
43.5824
46.4054
39.1773
44.108
42.8324
41.9809
44.3416
38.3049
42.1232
44.2093
43.0901
45.0893
39.4046
42.7328
44.5189
40.7642
42.6506
36.3447
41.3595
44.3436
42.162
45.2426
39.2875
44.0191
46.6165
42.5479
44.86
38.5217
42.0941
45.0822
42.4879
44.8233
38.6943
43.0264
45.9077
42.4186
43.49
37.3055
41.5035
43.3484
40.8614
42.9721
37.8736
43.1963
46.1022
42.9942
45.629
38.9616
43.0328
46.2638
42.3927
45.6414
38.7962
41.711
45.4371
42.6894
44.49
38.3019
41.3055
43.6704
42.7333
42.793
38.0523
43.3985
45.9662
45.4558
45.3444
40.3775
42.5852
42.2722
40.3053
43.6835
40.8234
43.1706
45.1783
42.6277
43.8491
38.4664
40.7967
43.5823
41.5843
42.6461
39.1624
43.4328
47.5467
45.6523
46.2418
40.9552
41.3751
41.159
40.4867
42.345
39.6178
41.9105
43.4102
43.3498
43.8045
40.3178
42.1889
43.5629
44.4501
43.7421
40.3273
42.9049
40.7115
42.8896
45.5749
41.3738
42.783
40.7028
43.9656
44.6064
39.6323
41.438
38.1401
41.9506
44.7173
41.3526
44.2984
41.7165
44.9296
46.0797
43.6043
44.5741
37.8107
39.7786
42.5118
42.1196
42.8598
39.6725
42.7973
44.9502
46.1905
45.4181
39.9161
42.6467
40.5615
42.1146
44.2655
39.7685
41.5028
39.8716
43.0146
45.1983
42.1237
43.3716
41.2804
44.7044
44.6698
40.7245
41.782
39.5597
43.1251
44.4057
42.3922
44.4201
39.5271
42.3337
44.7469
42.9465
44.9639
37.5402
40.5748
43.1575
41.3308
43.718
39.2287
44.1849
45.5398
45.6092
46.5007
39.7572
42.3118
40.1116
41.6588
43.5116
39.4779
42.7036
42.3419
45.5828
46.1412
40.2458
41.6137
38.6556
40.897
42.9033
39.4596
43.5258
41.3414
46.2436
48.2664
41.5127
44.1286
38.6731
41.3867
44.6732
41.1214
43.7265
38.7698
42.3218
44.7338
43.3918
45.1015
38.775
43.1185
43.9549
43.916
43.7319
37.2558
41.8431
40.9613
43.7418
46.3254
40.523
42.9595
40.2646
43.3677
45.6672
40.0223
42.7633
40.0427
43.4242
44.7343
39.2273
42.0162
40.0757
44.3114
45.7991
42.6565
44.9947
39.4701
43.2899
46.1007
42.3729
43.0998
37.5299
41.437
44.0214
42.2735
44.3646
40.2811
44.0426
45.8927
42.4725
43.9346
37.71
41.1653
43.2523
41.7579
44.3946
38.8229
43.6116
47.0631
44.2106
45.1231
39.553
41.762
43.9597
41.93
43.0816
38.8988
42.3028
45.236
43.0981
44.3518
39.5594
40.9379
43.0004
42.3142
42.6679
38.378
43.1627
44.9489
43.5795
44.1774
39.6831
42.4911
44.3816
45.2224
45.0085
40.867
41.2013
39.8778
40.1202
42.8468
39.937
40.359
44.0867
46.2381
44.0811
40.4133
43.1584
41.2596
42.0512
43.3218
40.2406
41.8985
41.1143
44.4678
46.6891
45.308
45.4468
39.8597
40.505
43.3712
41.685
41.6701
41.3996
42.6552
41.9021
41.9322
42.4885
39.9358
42.4399
43.3724
44.4048
43.9488
40.8238
41.9644
41.7325
43.0157
44.235
42.0521
42.7687
42.593
44.7254
45.7243
41.9275
42.5641
40.4087
41.0669
42.3761
41.4487
42.6187
41.0521
44.1187
43.8924
43.0654
43.374
37.9121
40.9503
41.4351
43.7735
43.7713
39.8515
43.6081
41.5896
43.6422
46.1407
41.8377
42.7158
42.2357
43.1357
44.5753
42.5539
42.7141
41.244
42.373
42.9098
41.7703
41.9154
40.7281
43.8179
42.2831
43.017
43.7839
39.0323
43.0389
41.8586
44.5619
46.6551
41.4976
43.535
40.9807
43.5971
45.0431
40.1778
41.1007
39.2821
42.3744
44.147
41.271
42.5924
39.8385
43.88
44.5212
41.6172
43.869
38.5477
43.7242
45.3618
42.0013
43.2896
38.0332
42.546
45.24
44.1427
45.1769
38.9262
41.8707
44.8636
41.8158
43.7107
38.4855
41.84
45.3799
42.845
44.126
39.2286
43.8692
46.9022
43.8996
44.3438
37.0899
40.6399
42.744
41.1096
43.4688
38.6724
43.5824
46.5172
42.8293
45.5115
39.2804
40.5095
44.016
42.3876
44.6011
38.8069
42.5283
45.6431
43.9441
44.5577
38.6431
41.1756
43.0708
43.1604
42.6435
40.0001
43.0762
41.1387
43.4022
45.6897
42.197
42.1164
40.8008
43.1956
43.5073
40.4391
41.8823
40.9137
43.2338
44.0256
40.5167
42.5267
40.4912
44.3695
45.5253
42.3079
44.5182
37.6423
42.5047
45.2781
41.5121
42.437
37.7891
42.3206
44.3352
43.5417
46.1125
40.8804
44.8084
46.5147
42.4417
43.8601
36.3073
40.1977
44.1451
41.9233
44.7747
38.7313
44.1805
46.8626
41.5158
43.7367
36.4573
40.7873
43.7406
40.7605
44.9651
39.5945
45.1643
48.516
43.6664
46.302
37.5192
41.235
43.9471
39.5053
42.4805
36.4794
42.3338
45.9528
42.5149
45.57
38.8435
42.8374
44.9894
40.4711
43.6695
37.5571
42.8926
47.392
43.6497
46.0619
39.5683
43.2597
45.3207
41.238
43.0883
37.0415
41.554
44.4568
42.3407
43.8074
37.8725
42.1709
44.898
43.4716
45.1779
39.1109
43.8746
46.7637
43.0552
43.987
37.9542
41.4272
43.9718
41.914
44.3487
39.2489
43.8956
46.9313
42.5883
43.6874
36.2835
39.1428
43.7745
42.1161
45.0756
39.8774
44.4538
46.6184
43.5377
43.7087
37.446
39.3254
42.216
43.2852
43.6876
40.4162
43.4058
44.7976
44.9464
44.804
39.5315
41.1254
41.3881
43.1338
43.5443
39.7511
42.0244
40.2341
42.3645
43.673
39.4007
41.9789
41.1585
44.8217
45.4766
41.1814
43.4312
39.3841
43.1971
46.1366
41.8533
43.8606
40.2552
42.9557
45.6846
42.8642
44.7909
39.129
41.442
43.2204
41.2947
43.5652
38.3188
42.2764
44.107
45.5619
45.5302
40.0322
43.3486
42.1522
43.7402
45.6072
41.5922
42.2229
41.243
42.1688
43.6553
43.2373
43.573
40.8326
41.4737
41.1097
40.3488
40.656
40.2473
43.4681
42.7185
44.5681
44.7949
42.2607
44.2757
42.1951
44.2945
45.4263
42.3187
42.6021
40.7772
41.6565
42.0899
41.0084
42.9962
43.0596
44.1746
44.9858
41.5645
41.665
38.9012
40.4424
42.5932
40.4331
42.5695
40.7882
45.0928
45.7811
41.7573
43.6751
41.1344
42.1046
43.6482
43.3493
45.4108
41.7053
43.1689
44.6953
44.5077
44.0035
37.8066
40.2305
41.2411
42.4446
41.9789
39.6903
43.1862
40.4211
43.3204
45.8799
42.8554
45.1826
40.8218
43.3608
45.3762
40.2651
41.293
39.4358
42.6852
44.2425
41.213
42.7029
40.356
44.2622
44.6643
41.7341
43.4732
38.4816
42.9218
45.5867
43.4234
44.8144
39.6558
42.4098
44.6256
43.2384
43.3865
38.6605
42.1894
45.021
43.281
43.4171
38.913
41.6911
43.7585
42.7393
42.4488
39.1111
42.9201
45.0065
43.5384
44.3102
38.2971
41.6034
44.6936
42.1402
43.8235
38.6117
43.8036
46.9432
43.1862
45.175
38.0755
41.6846
43.8697
41.003
43.3832
36.9865
42.3029
45.8077
42.2279
44.3375
38.1129
41.9385
45.7548
41.4963
44.1116
37.6464
42.9892
46.9906
42.7613
45.6997
38.2834
43.4179
46.2226
41.5635
43.9536
36.5772
41.6066
44.7494
41.6493
44.0779
37.5214
42.2019
45.9185
43.8063
46.4951
39.2324
43.7016
46.4893
41.9029
43.2737
36.8856
41.319
44.5463
42.6126
44.5587
39.1547
43.2932
45.9155
42.3077
44.1742
36.8231
41.0896
43.8692
41.2541
44.7342
38.94
44.7188
47.751
43.7398
45.2688
37.6781
40.7019
43.6423
41.1084
44.2615
38.1525
43.524
46.5175
42.2326
43.9724
37.3689
40.6281
43.6539
42.3084
44.5771
39.5853
42.9608
44.7196
44.1739
45.0066
38.8103
42.0484
43.1
44.0702
43.964
37.9367
42.6721
41.4872
43.0768
45.4101
39.5946
42.0175
39.4875
43.4554
45.9907
41.1758
43.5363
40.3255
43.8632
44.9084
39.2436
40.3078
39.8995
44.1159
45.2352
43.6904
47.1499
40.9657
44.0343
46.2552
41.0173
42.5198
36.4103
40.8844
44.9685
43.2676
45.3615
39.8146
43.5238
46.2129
41.4412
42.5024
37.5225
41.516
44.5205
42.2366
44.9597
39.6496
43.824
46.9558
42.7861
44.7443
38.8285
40.1745
44.3154
43.2681
43.7703
38.8723
41.17
43.8979
43.0185
42.9812
39.0349
41.376
43.0622
43.9775
44.0034
40.8657
43.838
42.1525
42.7914
45.3353
42.4462
42.674
41.5419
42.897
43.122
41.1856
41.2847
39.583
42.5662
42.213
42.6048
43.4661
41.0755
45.0737
41.0823
42.8801
44.1745
38.5636
41.2333
40.4196
44.0828
45.9979
41.3913
42.809
40.681
43.2141
44.0897
39.4054
43.3888
40.9076
44.5218
46.2652
40.3145
42.9517
38.1167
42.2675
45.1515
42.2126
45.5311
39.6344
43.7037
46.5579
41.4358
42.6389
38.1748
41.8336
44.5669
42.3013
45.5623
40.5343
44.3578
47.1008
41.3143
43.3696
37.1287
40.8347
44.2771
41.9378
44.9518
39.7988
43.7099
46.7476
42.7309
43.3412
37.1077
40.1103
41.6537
39.4886
40.8758
35.5433
41.8124
43.2652
41.8951
45.8466
39.9872
42.8795
44.3085
40.8554
45.8498
39.9817
42.6096
46.3007
41.6303
45.2479
39.1212
40.0442
43.699
38.5947
40.1773
38.4998
39.8492
41.7163
40.6933
43.0767
43.9438
45.177
45.3351
43.1666
42.3839
43.1428
42.1042
41.3931
44.3598
44.0963
40.7121
41.5312
41.1997
42.5444
43.859
44.6673
46.2661
45.894
41.8858
39.9994
36.7546
36.7935
36.0275
36.2068
45.5992
48.1948
42.9746
43.7555
47.2762
45.0154
45.1775
39.7702
38.7584
41.9902
41.9028
42.5685
47.8827
45.4255
45.5653
42.8348
37.5046
39.1046
32.8488
36.1485
41.3622
44.6504
45.4717
42.9152
42.1163
43.6715
43.7242
44.5826
44.4676
42.9097
42.4524
42.2638
41.8791
41.9077
41.9475
41.9484
42.5359
42.8018
43.4022
43.8036
43.3291
43.2831
42.177
41.7794
40.9321
40.9938
42.2773
42.3166
43.6444
43.7119
43.3562
43.3078
42.4247
42.4244
42.4868
42.5608
41.81
41.6953
42.6476
42.6923
42.6414
42.7584
42.5893
42.646
42.164
42.5972
42.9557
42.9676
42.743
42.5955
43.2905
43.2722
41.5823
41.9749
42.675
43.1742
43.2575
42.9353
43.3355
42.443
41.8976
41.8725
41.5008
41.9999
42.5833
42.3891
43.9287
44.1295
43.761
43.891
42.6491
41.8943
40.3658
39.9585
41.2664
42.3447
42.4801
43.1594
42.9916
43.9174
43.705
42.5973
43.3179
41.5331
41.4984
41.2503
41.4757
41.6755
41.9136
43.7069
43.7415
44.7279
45.0176
43.1881
42.9344
41.2373
40.9529
41.162
41.1817
42.0348
41.2842
42.9476
44.7389
44.3202
44.172
43.4496
42.9447
41.8606
40.4133
41.0351
41.7552
42.4929
44.0856
43.5887
43.7746
43.8436
42.5131
43.1166
42.3795
41.7381
41.3657
41.0689
42.4178
42.7107
41.7467
43.0829
43.1327
43.8376
44.0229
42.7473
43.4362
42.6979
42.1269
42.7296
41.8992
41.8839
42.326
42.3568
43.796
43.9663
43.2674
43.3065
42.6032
42.4001
40.993
40.8637
41.9463
42.0008
42.7728
42.8152
43.5088
43.6348
43.0457
43.0597
42.5805
42.5339
41.6723
41.6208
42.2203
42.245
43.0372
43.1481
42.962
43.2588
42.7139
42.7902
41.9289
41.7609
42.1385
42.0264
42.3296
42.4015
42.3157
42.2729
42.9329
43.65
43.7038
43.6147
43.0254
42.5575
42.1675
41.9281
40.9287
41.4493
42.3738
42.9988
42.2611
42.0846
43.1855
42.5618
42.7488
43.2178
41.745
41.7421
41.2104
41.7374
43.3998
43.726
44.4072
44.3253
43.8853
43.1804
41.4179
40.7588
41.0338
41.6922
42.2323
42.3556
43.0324
43.0922
43.5197
43.5578
43.1662
43.3347
41.9281
41.8896
41.4943
41.4042
42.5427
42.5268
42.6136
42.2334
42.3109
43.1085
43.3416
43.3541
44.1889
43.5498
42.7745
42.3899
41.2684
41.9086
41.9144
42.9711
43.8459
43.9382
43.2848
42.1259
41.5718
42.055
41.8098
41.5226
42.9038
42.7697
42.882
43.004
43.0208
43.7514
43.2412
43.5311
43.1039
42.459
41.2053
41.2093
41.909
42.0978
42.1278
42.4947
43.3385
43.1888
43.4707
43.3041
42.8442
42.7345
41.5487
41.3131
41.3564
41.8969
41.8636
42.5255
43.4858
43.5608
42.7989
42.3487
42.5492
41.7265
41.7597
42.3995
43.0616
43.1045
44.3234
44.4186
42.8668
42.765
42.2408
42.2016
42.0317
42.1092
40.5509
40.5319
42.0173
42.0748
42.4316
42.4343
44.1979
44.6517
44.1786
44.2096
41.495
41.4154
42.2107
42.39
42.643
42.8929
43.5674
42.9934
44.0376
44.2189
41.9602
41.6526
41.7189
41.2678
40.7526
40.2921
42.4157
43.0491
43.095
44.4305
42.8936
43.2347
43.737
42.5268
42.4717
43.1451
42.996
41.9475
42.6649
42.7741
42.1789
42.7345
43.0374
43.1434
42.6724
42.5475
42.6965
41.4908
40.9783
41.673
42.2711
43.2311
43.271
42.7015
42.6158
43.2783
43.1986
43.3781
42.8145
41.6293
41.2022
41.6858
42.4543
43.1371
42.7237
43.0286
43.5321
43.8323
43.7561
42.6468
42.7246
41.5753
41.5069
41.4164
41.4544
42.2699
41.7888
43.1362
43.4883
43.7531
43.762
42.1872
42.7731
42.9665
42.929
42.7701
41.8101
41.4953
42.2023
42.1438
42.857
43.6611
43.0195
43.3678
42.8152
41.9826
41.4143
40.9945
41.6339
41.7765
42.4393
43.1769
43.0379
43.6401
44.5228
44.2213
42.9572
42.8298
41.3842
41.2912
41.3778
41.4709
42.8738
42.9594
43.943
43.9671
43.2374
43.668
41.8902
41.7212
41.0519
40.9675
42.7259
43.028
43.1316
43.5656
42.5784
42.8331
42.6042
42.0996
42.4552
41.8094
42.4834
43.1027
43.0393
43.224
42.8538
42.3855
42.3955
42.8113
42.5864
42.5012
43.2058
42.5606
42.3052
42.0129
40.9692
41.5323
42.2757
43.2021
43.8612
44.1819
44.2815
43.0314
42.3757
42.9419
41.1304
41.2241
42.2973
42.2364
43.2777
43.0711
43.5908
43.5373
42.9859
43.2687
41.8475
41.6985
41.4726
41.2644
42.2654
42.1491
41.8928
42.5733
42.8921
43.4201
42.9044
42.7379
42.9508
42.5303
42.3668
42.3104
42.5656
42.532
43.2783
43.3547
43.8598
43.9809
42.776
42.8257
41.7425
41.6304
39.7845
39.9292
41.826
42.0774
43.2952
43.1089
43.2546
43.5343
43.3813
43.3734
42.4248
42.4986
42.3424
42.5012
43.2099
43.2057
42.9181
42.6389
42.2634
41.7102
41.2274
41.8528
42.5187
42.6019
43.0589
42.2946
42.0406
41.8475
42.8212
43.0257
43.1239
44.1993
43.9428
44.133
43.1778
42.0232
41.1685
41.473
42.4566
41.8564
41.7661
42.8084
43.4428
43.6894
44.2346
44.1939
43.0569
42.1716
40.8232
40.5603
41.2216
41.9075
42.5132
43.4052
43.6893
44.1514
43.1211
42.7134
42.7949
41.3803
41.0754
41.9458
42.5414
42.8357
43.4576
43.3683
43.4564
43.7073
42.853
42.2569
41.9908
41.7349
41.9748
41.4438
41.4823
41.7994
41.9491
42.9779
43.3302
44.0853
44.2851
43.3643
42.6577
42.8185
41.5913
41.4521
42.0754
42.0931
42.8854
42.7871
42.7211
43.2021
42.6646
42.7141
41.9633
41.7256
41.5575
41.7355
42.2579
42.7031
43.7441
43.8565
44.3535
43.9693
43.1243
42.5244
41.7747
42.2866
41.4348
41.2991
42.6758
42.7349
43.4073
43.4385
42.5885
42.7322
42.085
42.4776
42.1899
41.9127
42.6607
42.4217
43.008
43.1113
42.1101
42.5187
42.898
43.4456
43.1563
42.8373
43.5353
42.7316
42.3453
42.5504
41.7853
42.0928
42.9883
42.9593
43.3273
43.2734
43.1025
43.1688
41.7188
41.7334
40.6102
40.1003
42.4161
42.4669
42.6552
43.5781
43.0807
43.4202
43.5004
43.4381
43.5088
42.5518
42.4099
42.4321
42.662
42.5739
42.2954
42.679
42.5413
43.3288
41.7576
41.7346
42.8739
41.5922
41.6441
42.0398
41.916
41.9159
41.8199
42.3555
43.4162
43.5984
44.2011
44.2773
43.5876
43.4885
41.6337
41.5933
41.8813
42.1444
41.9967
42.1419
43.4756
43.3828
43.1891
43.0007
41.799
41.0486
40.423
41.0181
41.6518
41.8029
44.3884
44.3276
44.1442
44.142
41.8207
41.9531
42.5245
42.4332
42.0863
41.7074
43.0029
43.1043
42.8848
43.2384
42.1822
42.6307
42.5957
42.5729
41.8545
41.8106
42.5408
42.4482
43.3914
43.3308
42.5024
42.421
41.9968
41.8294
42.2852
43.1075
44.0768
43.5551
43.4574
42.6989
41.3198
41.6945
40.9899
42.5002
43.5335
44.4402
44.0138
43.2058
43.3657
41.3783
40.5981
41.9806
41.7977
41.5183
42.3504
42.4714
43.6915
43.6171
43.6751
43.6531
42.3292
42.4969
41.3572
41.7672
42.9534
43.1447
43.0466
43.627
43.522
42.2376
42.1436
42.5685
42.4695
42.1453
41.9899
42.0042
42.2472
41.9803
42.1274
42.7872
43.2243
43.7642
43.9388
43.0265
43.1534
41.5485
41.1748
42.0292
41.9327
42.7828
42.8621
44.088
44.0697
43.3594
42.5791
42.3945
42.2248
41.3875
41.9347
41.5218
42.189
42.6333
42.629
42.7047
42.2736
43.0428
43.1347
42.8511
43.3448
41.8728
42.5759
42.6565
42.5314
43.0899
41.7138
43.203
42.7767
43.7981
44.2933
42.2196
42.88
41.6464
41.9739
42.1758
41.9796
42.1775
41.5764
42.5955
42.4835
43.3939
44.1887
43.3821
43.5989
43.4306
41.9658
41.6473
40.9537
41.1677
42.3665
42.4894
44.1917
44.0386
43.7817
43.5914
41.4568
41.5518
40.4404
40.7908
42.0772
42.2647
43.307
43.226
43.5065
43.6048
43.4126
43.4657
41.8734
41.8761
41.7288
41.7606
42.5582
42.5742
42.9291
42.7528
42.4377
42.5852
42.3169
42.567
42.5928
42.6741
42.9458
42.9401
42.7279
42.8048
42.4987
42.8793
42.9694
43.2407
43.0218
42.9426
42.2454
41.5628
41.7598
41.1794
41.7391
41.6926
42.9444
43.2799
43.3029
43.8228
43.3563
44.0268
43.2869
42.7789
41.4538
41.3642
41.2501
41.6068
43.1851
43.4802
43.8019
43.5799
43.4173
42.8295
41.9739
41.6981
41.2378
41.9492
42.8953
42.6951
43.5586
43.3466
42.9756
43.1275
42.6663
43.0965
41.7774
41.1657
41.1655
41.0366
42.2283
42.6026
42.8818
43.3995
43.3255
43.8197
43.7407
43.0203
42.519
42.2441
41.7725
42.4002
42.7996
42.3892
42.7708
43.2217
43.1587
42.7729
41.8243
41.6594
41.4818
41.6097
42.0664
41.8456
42.6477
42.3847
43.4454
43.4907
42.9795
43.7212
42.9912
43.2722
43.2347
42.4883
41.9759
41.8664
42.8529
42.8208
42.16
42.6076
42.284
42.6552
43.3419
43.1887
42.2971
42.1294
42.1353
41.9688
42.2709
42.5567
42.6574
42.726
43.6709
43.4712
42.9844
42.7381
42.54
42.7382
41.0564
41.3536
41.6357
42.0084
43.4672
43.5526
43.2356
43.6013
43.0225
43.2257
41.7275
41.3114
41.9552
41.7041
43.0802
43.6174
42.428
42.6346
42.7
42.668
42.476
41.9996
42.5748
41.9827
42.1787
42.7289
42.3665
42.3417
43.3101
43.4177
43.038
43.1863
43.4188
43.6102
42.8324
