26.7726
26.7726
26.7726
26.7726
26.7726
26.7726
26.7726
26.7726
26.7726
26.7726
26.7726
26.7726
26.7726
26.7726
26.7726
26.7726
26.7726
26.7726
26.7726
26.7726
26.7726
26.7726
26.7726
26.7726
26.7726
26.7726
26.7726
26.7726
26.7726
26.7726
26.7726
26.7726
26.7726
26.7726
26.7726
26.7726
26.7726
26.7726
26.7726
26.7726
26.7726
26.7726
26.7726
26.7726
26.7726
26.7726
26.7726
26.7726
26.7726
26.7726
26.7726
26.7726
26.7726
26.7726
26.7726
26.7726
26.7726
26.7726
26.7726
26.7726
26.7726
26.7726
26.7726
26.7726
26.7726
48.4632
60.0646
72.562
76.3497
76.7908
75.575
69.825
65.0517
65.8894
65.509
63.7216
62.1156
60.2877
56.8452
52.4277
50.0838
45.5628
40.6002
35.7077
29.5589
29.9294
30.1701
30.2157
30.2962
30.3398
30.1214
29.7347
29.6726
29.2274
28.6718
28.0925
27.2439
27.3142
27.362
27.3747
27.3947
27.4081
27.3728
27.3059
27.3016
27.2241
27.1252
27.0212
26.8639
26.8778
26.8873
26.8899
26.894
26.8968
26.8901
26.8771
26.8765
26.8614
26.842
26.8217
26.7907
26.7935
26.7954
26.7959
26.7967
26.7973
26.796
26.7934
26.7933
26.7903
26.7864
26.7824
26.7762
26.7767
26.7771
26.7772
26.7774
26.7775
26.7772
26.7767
26.7767
26.7761
26.7753
26.7745
26.7733
26.7734
26.7735
26.7735
26.7735
26.7736
26.7735
26.7734
26.7734
26.7733
26.7731
26.773
26.7727
26.7727
26.7727
26.7728
26.7728
26.7728
26.7728
26.7727
26.7727
26.7727
26.7727
26.7726
26.7726
26.7726
26.7726
26.7726
26.7726
24.7682
21.272
17.6569
17.8536
16.7447
19.4463
20.6998
18.8137
17.4223
16.9674
16.3223
14.9825
14.1751
14.584
16.3105
16.179
17.3495
19.563
20.4126
21.3226
20.6019
20.3403
20.0424
19.477
19.1387
19.3821
20.1842
20.3054
21.0226
22.2386
23.3023
25.0195
24.8313
24.7725
24.7133
24.5954
24.5366
24.6332
24.873
24.959
25.1964
25.5564
25.892
26.3796
26.3402
26.3288
26.3179
26.2952
26.285
26.3079
26.361
26.3825
26.4356
26.5141
26.5877
26.6921
26.6841
26.6819
26.6798
26.6753
26.6733
26.6781
26.6889
26.6934
26.7043
26.7202
26.7352
26.7564
26.7548
26.7544
26.7539
26.753
26.7525
26.7531
26.755
26.7559
26.758
26.7613
26.7644
26.7685
26.7681
26.768
26.7679
26.7677
26.7678
26.7683
26.7691
26.7694
26.77
26.7707
26.7714
26.7726
26.7726
26.7726
26.7726
26.7726
26.7726
26.7726
26.7726
26.7726
26.7726
26.7726
26.7726
26.7726
26.7726
26.7726
26.7726
26.7726
26.7726
26.7726
26.7726
26.7726
26.7726
26.7726
26.7726
26.7726
26.7726
26.7726
26.7726
26.7726
26.7726
26.7726
26.7726
26.7726
26.7726
26.7726
26.7726
26.7726
26.7726
26.7726
26.7726
26.7726
26.7726
26.7726
26.7726
26.7726
26.7726
26.7726
26.7726
26.7726
26.7726
26.7726
26.7726
26.7726
26.7726
26.7726
26.7726
26.7726
26.7726
26.7726
26.7726
26.7726
26.7726
26.7726
26.7726
26.7726
26.7726
26.7726
26.7726
26.7726
26.7726
26.7726
26.7726
26.7726
26.7726
26.7726
26.7726
26.7726
26.7726
26.7726
26.7726
26.7726
26.7726
26.7726
26.7726
26.7726
26.7726
26.7726
26.7726
26.7726
48.4632
60.0646
72.562
76.3497
76.7908
75.575
69.825
65.0517
65.8894
65.509
63.7216
62.1156
60.2877
56.8452
52.4277
50.0838
45.5628
40.6002
35.7077
29.5589
29.9294
30.1701
30.2157
30.2962
30.3398
30.1214
29.7347
29.6726
29.2274
28.6718
28.0925
27.2439
27.3142
27.362
27.3747
27.3947
27.4081
27.3728
27.3059
27.3016
27.2241
27.1252
27.0212
26.8639
26.8778
26.8873
26.8899
26.894
26.8968
26.8901
26.8771
26.8765
26.8614
26.842
26.8217
26.7907
26.7935
26.7954
26.7959
26.7967
26.7973
26.796
26.7934
26.7933
26.7903
26.7864
26.7824
26.7762
26.7767
26.7771
26.7772
26.7774
26.7775
26.7772
26.7767
26.7767
26.7761
26.7753
26.7745
26.7733
26.7734
26.7735
26.7735
26.7735
26.7736
26.7735
26.7734
26.7734
26.7733
26.7731
26.773
26.7727
26.7727
26.7727
26.7728
26.7728
26.7728
26.7728
26.7727
26.7727
26.7727
26.7727
26.7726
26.7726
26.7726
26.7726
26.7726
26.7726
24.7682
21.272
17.6569
17.8536
16.7447
19.4463
20.6998
18.8137
17.4223
16.9674
16.3223
14.9825
14.1751
14.584
16.3105
16.179
17.3495
19.563
20.4126
21.3226
20.6019
20.3403
20.0424
19.477
19.1387
19.3821
20.1842
20.3054
21.0226
22.2386
23.3023
25.0195
24.8313
24.7725
24.7133
24.5954
24.5366
24.6332
24.873
24.959
25.1964
25.5564
25.892
26.3796
26.3402
26.3288
26.3179
26.2952
26.285
26.3079
26.361
26.3825
26.4356
26.5141
26.5877
26.6921
26.6841
26.6819
26.6798
26.6753
26.6733
26.6781
26.6889
26.6934
26.7043
26.7202
26.7352
26.7564
26.7548
26.7544
26.7539
26.753
26.7525
26.7531
26.755
26.7559
26.758
26.7613
26.7644
26.7685
26.7681
26.768
26.7679
26.7677
26.7678
26.7683
26.7691
26.7694
26.77
26.7707
26.7714
26.7726
26.7726
26.7726
26.7726
26.7726
26.7726
26.7726
26.7726
26.7726
26.7726
26.7726
26.7726
26.7726
26.7726
26.7726
26.7726
26.7726
26.7726
26.7726
26.7726
26.7726
26.7726
26.7726
26.7726
26.7726
26.7726
26.7726
26.7726
26.7726
26.7726
26.7726
26.7726
26.7726
26.7726
26.7726
26.7726
26.7726
26.7726
26.7726
26.7726
26.7726
26.7726
26.7726
26.7726
26.7726
26.7726
26.7726
26.7726
26.7726
26.7726
26.7726
26.7726
26.7726
26.7726
26.7726
26.7726
26.7726
26.7726
26.7726
26.7726
26.7726
26.7726
26.7726
26.7726
26.7726
26.7726
26.7726
26.7726
26.7726
26.7726
26.7726
26.7726
26.7726
26.7726
26.7726
26.7726
26.7726
26.7726
26.7726
26.7726
26.7726
26.7726
26.7726
26.7726
26.7726
26.7726
26.7726
26.7726
26.7726
48.4632
60.0646
72.562
76.3497
76.7908
75.575
69.825
65.0517
65.8894
65.509
63.7216
62.1156
60.2877
56.8452
52.4277
50.0838
45.5628
40.6002
35.7077
29.5589
29.9294
30.1701
30.2157
30.2962
30.3398
30.1214
29.7347
29.6726
29.2274
28.6718
28.0925
27.2439
27.3142
27.362
27.3747
27.3947
27.4081
27.3728
27.3059
27.3016
27.2241
27.1252
27.0212
26.8639
26.8778
26.8873
26.8899
26.894
26.8968
26.8901
26.8771
26.8765
26.8614
26.842
26.8217
26.7907
26.7935
26.7954
26.7959
26.7967
26.7973
26.796
26.7934
26.7933
26.7903
26.7864
26.7824
26.7762
26.7767
26.7771
26.7772
26.7774
26.7775
26.7772
26.7767
26.7767
26.7761
26.7753
26.7745
26.7733
26.7734
26.7735
26.7735
26.7735
26.7736
26.7735
26.7734
26.7734
26.7733
26.7731
26.773
26.7727
26.7727
26.7727
26.7728
26.7728
26.7728
26.7728
26.7727
26.7727
26.7727
26.7727
26.7726
26.7726
26.7726
26.7726
26.7726
26.7726
24.7682
21.272
17.6569
17.8536
16.7447
19.4463
20.6998
18.8137
17.4223
16.9674
16.3223
14.9825
14.1751
14.584
16.3105
16.179
17.3495
19.563
20.4126
21.3226
20.6019
20.3403
20.0424
19.477
19.1387
19.3821
20.1842
20.3054
21.0226
22.2386
23.3023
25.0195
24.8313
24.7725
24.7133
24.5954
24.5366
24.6332
24.873
24.959
25.1964
25.5564
25.892
26.3796
26.3402
26.3288
26.3179
26.2952
26.285
26.3079
26.361
26.3825
26.4356
26.5141
26.5877
26.6921
26.6841
26.6819
26.6798
26.6753
26.6733
26.6781
26.6889
26.6934
26.7043
26.7202
26.7352
26.7564
26.7548
26.7544
26.7539
26.753
26.7525
26.7531
26.755
26.7559
26.758
26.7613
26.7644
26.7685
26.7681
26.768
26.7679
26.7677
26.7678
26.7683
26.7691
26.7694
26.77
26.7707
26.7714
26.7726
26.7726
26.7726
26.7726
26.7726
26.7726
26.7726
26.7726
26.7726
26.7726
26.7726
26.7726
26.7726
26.7726
26.7726
26.7726
26.7726
26.7726
26.7726
26.7726
26.7726
26.7726
26.7726
26.7726
26.7726
26.7726
26.7726
26.7726
26.7726
26.7726
26.7726
26.7726
26.7726
26.7726
26.7726
26.7726
26.7726
26.7726
26.7726
26.7726
26.7726
26.7726
26.7726
26.7726
26.7726
26.7726
26.7726
26.7726
26.7726
26.7726
26.7726
26.7726
26.7726
26.7726
26.7726
26.7726
26.7726
26.7726
26.7726
26.7726
26.7726
26.7726
26.7726
26.7726
26.7726
26.7726
26.7726
26.7726
26.7726
26.7726
26.7726
26.7726
26.7726
26.7726
26.7726
26.7726
26.7726
26.7726
26.7726
26.7726
26.7726
26.7726
26.7726
26.7726
26.7726
26.7726
26.7726
26.7726
26.7726
48.4632
60.0646
72.562
76.3497
76.7908
75.575
69.825
65.0517
65.8894
65.509
63.7216
62.1156
60.2877
56.8452
52.4277
50.0838
45.5628
40.6002
35.7077
29.5589
29.9294
30.1701
30.2157
30.2962
30.3398
30.1214
29.7347
29.6726
29.2274
28.6718
28.0925
27.2439
27.3142
27.362
27.3747
27.3947
27.4081
27.3728
27.3059
27.3016
27.2241
27.1252
27.0212
26.8639
26.8778
26.8873
26.8899
26.894
26.8968
26.8901
26.8771
26.8765
26.8614
26.842
26.8217
26.7907
26.7935
26.7954
26.7959
26.7967
26.7973
26.796
26.7934
26.7933
26.7903
26.7864
26.7824
26.7762
26.7767
26.7771
26.7772
26.7774
26.7775
26.7772
26.7767
26.7767
26.7761
26.7753
26.7745
26.7733
26.7734
26.7735
26.7735
26.7735
26.7736
26.7735
26.7734
26.7734
26.7733
26.7731
26.773
26.7727
26.7727
26.7727
26.7728
26.7728
26.7728
26.7728
26.7727
26.7727
26.7727
26.7727
26.7726
26.7726
26.7726
26.7726
26.7726
26.7726
24.7682
21.272
17.6569
17.8536
16.7447
19.4463
20.6998
18.8137
17.4223
16.9674
16.3223
14.9825
14.1751
14.584
16.3105
16.179
17.3495
19.563
20.4126
21.3226
20.6019
20.3403
20.0424
19.477
19.1387
19.3821
20.1842
20.3054
21.0226
22.2386
23.3023
25.0195
24.8313
24.7725
24.7133
24.5954
24.5366
24.6332
24.873
24.959
25.1964
25.5564
25.892
26.3796
26.3402
26.3288
26.3179
26.2952
26.285
26.3079
26.361
26.3825
26.4356
26.5141
26.5877
26.6921
26.6841
26.6819
26.6798
26.6753
26.6733
26.6781
26.6889
26.6934
26.7043
26.7202
26.7352
26.7564
26.7548
26.7544
26.7539
26.753
26.7525
26.7531
26.755
26.7559
26.758
26.7613
26.7644
26.7685
26.7681
26.768
26.7679
26.7677
26.7678
26.7683
26.7691
26.7694
26.77
26.7707
26.7714
26.7726
26.7726
26.7726
26.7726
26.7726
26.7726
26.7726
26.7726
26.7726
26.7726
26.7726
26.7726
26.7726
26.7726
26.7726
26.7726
26.7726
26.7726
26.7726
26.7726
26.7726
26.7726
26.7726
26.7726
26.7726
26.7726
26.7726
26.7726
26.7726
26.7726
26.7726
26.7726
26.7726
26.7726
26.7726
26.7726
26.7726
26.7726
26.7726
26.7726
26.7726
26.7726
26.7726
26.7726
26.7726
26.7726
26.7726
26.7726
26.7726
26.7726
26.7726
26.7726
26.7726
26.7726
26.7726
26.7726
26.7726
26.7726
26.7726
26.7726
26.7726
26.7726
26.7726
26.7726
26.7726
26.7726
26.7726
26.7726
26.7726
26.7726
26.7726
26.7726
26.7726
26.7726
26.7726
26.7726
26.7726
26.7726
26.7726
26.7726
26.7726
26.7726
26.7726
26.7726
26.7726
26.7726
26.7726
26.7726
26.7726
48.4632
60.0646
72.562
76.3497
76.7908
75.575
69.825
65.0517
65.8894
65.509
63.7216
62.1156
60.2877
56.8452
52.4277
50.0838
45.5628
40.6002
35.7077
29.5589
29.9294
30.1701
30.2157
30.2962
30.3398
30.1214
29.7347
29.6726
29.2274
28.6718
28.0925
27.2439
27.3142
27.362
27.3747
27.3947
27.4081
27.3728
27.3059
27.3016
27.2241
27.1252
27.0212
26.8639
26.8778
26.8873
26.8899
26.894
26.8968
26.8901
26.8771
26.8765
26.8614
26.842
26.8217
26.7907
26.7935
26.7954
26.7959
26.7967
26.7973
26.796
26.7934
26.7933
26.7903
26.7864
26.7824
26.7762
26.7767
26.7771
26.7772
26.7774
26.7775
26.7772
26.7767
26.7767
26.7761
26.7753
26.7745
26.7733
26.7734
26.7735
26.7735
26.7735
26.7736
26.7735
26.7734
26.7734
26.7733
26.7731
26.773
26.7727
26.7727
26.7727
26.7728
26.7728
26.7728
26.7728
26.7727
26.7727
26.7727
26.7727
26.7726
26.7726
26.7726
26.7726
26.7726
26.7726
24.7682
21.272
17.6569
17.8536
16.7447
19.4463
20.6998
18.8137
17.4223
16.9674
16.3223
14.9825
14.1751
14.584
16.3105
16.179
17.3495
19.563
20.4126
21.3226
20.6019
20.3403
20.0424
19.477
19.1387
19.3821
20.1842
20.3054
21.0226
22.2386
23.3023
25.0195
24.8313
24.7725
24.7133
24.5954
24.5366
24.6332
24.873
24.959
25.1964
25.5564
25.892
26.3796
26.3402
26.3288
26.3179
26.2952
26.285
26.3079
26.361
26.3825
26.4356
26.5141
26.5877
26.6921
26.6841
26.6819
26.6798
26.6753
26.6733
26.6781
26.6889
26.6934
26.7043
26.7202
26.7352
26.7564
26.7548
26.7544
26.7539
26.753
26.7525
26.7531
26.755
26.7559
26.758
26.7613
26.7644
26.7685
26.7681
26.768
26.7679
26.7677
26.7678
26.7683
26.7691
26.7694
26.77
26.7707
26.7714
26.7726
26.7726
26.7726
26.7726
26.7726
26.7726
26.7726
26.7726
26.7726
26.7726
26.7726
26.7726
26.7726
26.7726
26.7726
26.7726
26.7726
26.7726
26.7726
26.7726
26.7726
26.7726
26.7726
26.7726
26.7726
26.7726
26.7726
26.7726
26.7726
26.7726
26.7726
26.7726
26.7726
26.7726
26.7726
26.7726
26.7726
26.7726
26.7726
26.7726
26.7726
26.7726
26.7726
26.7726
26.7726
26.7726
26.7726
26.7726
26.7726
26.7726
26.7726
26.7726
26.7726
26.7726
26.7726
26.7726
26.7726
26.7726
26.7726
26.7726
26.7726
26.7726
26.7726
26.7726
26.7726
26.7726
26.7726
26.7726
26.7726
26.7726
26.7726
26.7726
26.7726
26.7726
26.7726
26.7726
26.7726
26.7726
26.7726
26.7726
26.7726
26.7726
26.7726
26.7726
26.7726
26.7726
26.7726
26.7726
26.7726
48.4632
60.0646
72.562
76.3497
76.7908
75.575
69.825
65.0517
65.8894
65.509
63.7216
62.1156
60.2877
56.8452
52.4277
50.0838
45.5628
40.6002
35.7077
29.5589
29.9294
30.1701
30.2157
30.2962
30.3398
30.1214
29.7347
29.6726
29.2274
28.6718
28.0925
27.2439
27.3142
27.362
27.3747
27.3947
27.4081
27.3728
27.3059
27.3016
27.2241
27.1252
27.0212
26.8639
26.8778
26.8873
26.8899
26.894
26.8968
26.8901
26.8771
26.8765
26.8614
26.842
26.8217
26.7907
26.7935
26.7954
26.7959
26.7967
26.7973
26.796
26.7934
26.7933
26.7903
26.7864
26.7824
26.7762
26.7767
26.7771
26.7772
26.7774
26.7775
26.7772
26.7767
26.7767
26.7761
26.7753
26.7745
26.7733
26.7734
26.7735
26.7735
26.7735
26.7736
26.7735
26.7734
26.7734
26.7733
26.7731
26.773
26.7727
26.7727
26.7727
26.7728
26.7728
26.7728
26.7728
26.7727
26.7727
26.7727
26.7727
26.7726
26.7726
26.7726
26.7726
26.7726
26.7726
24.7682
21.272
17.6569
17.8536
16.7447
19.4463
20.6998
18.8137
17.4223
16.9674
16.3223
14.9825
14.1751
14.584
16.3105
16.179
17.3495
19.563
20.4126
21.3226
20.6019
20.3403
20.0424
19.477
19.1387
19.3821
20.1842
20.3054
21.0226
22.2386
23.3023
25.0195
24.8313
24.7725
24.7133
24.5954
24.5366
24.6332
24.873
24.959
25.1964
25.5564
25.892
26.3796
26.3402
26.3288
26.3179
26.2952
26.285
26.3079
26.361
26.3825
26.4356
26.5141
26.5877
26.6921
26.6841
26.6819
26.6798
26.6753
26.6733
26.6781
26.6889
26.6934
26.7043
26.7202
26.7352
26.7564
26.7548
26.7544
26.7539
26.753
26.7525
26.7531
26.755
26.7559
26.758
26.7613
26.7644
26.7685
26.7681
26.768
26.7679
26.7677
26.7678
26.7683
26.7691
26.7694
26.77
26.7707
26.7714
26.7726
26.7726
26.7726
26.7726
26.7726
26.7726
26.7726
26.7726
26.7726
26.7726
26.7726
26.7726
26.7726
26.7726
26.7726
26.7726
26.7726
26.7726
26.7726
26.7726
26.7726
26.7726
26.7726
26.7726
26.7726
26.7726
26.7726
26.7726
26.7726
26.7726
26.7726
26.7726
26.7726
26.7726
26.7726
26.7726
26.7726
26.7726
26.7726
26.7726
26.7726
26.7726
26.7726
26.7726
26.7726
26.7726
26.7726
26.7726
26.7726
26.7726
26.7726
26.7726
26.7726
26.7726
26.7726
26.7726
26.7726
26.7726
26.7726
26.7726
26.7726
26.7726
26.7726
26.7726
26.7726
26.7726
26.7726
26.7726
26.7726
26.7726
26.7726
26.7726
26.7726
26.7726
26.7726
26.7726
26.7726
26.7726
26.7726
26.7726
26.7726
26.7726
26.7726
26.7726
26.7726
26.7726
26.7726
26.7726
26.7726
48.4632
60.0646
72.562
76.3497
76.7908
75.575
69.825
65.0517
65.8894
65.509
63.7216
62.1156
60.2877
56.8452
52.4277
50.0838
45.5628
40.6002
35.7077
29.5589
29.9294
30.1701
30.2157
30.2962
30.3398
30.1214
29.7347
29.6726
29.2274
28.6718
28.0925
27.2439
27.3142
27.362
27.3747
27.3947
27.4081
27.3728
27.3059
27.3016
27.2241
27.1252
27.0212
26.8639
26.8778
26.8873
26.8899
26.894
26.8968
26.8901
26.8771
26.8765
26.8614
26.842
26.8217
26.7907
26.7935
26.7954
26.7959
26.7967
26.7973
26.796
26.7934
26.7933
26.7903
26.7864
26.7824
26.7762
26.7767
26.7771
26.7772
26.7774
26.7775
26.7772
26.7767
26.7767
26.7761
26.7753
26.7745
26.7733
26.7734
26.7735
26.7735
26.7735
26.7736
26.7735
26.7734
26.7734
26.7733
26.7731
26.773
26.7727
26.7727
26.7727
26.7728
26.7728
26.7728
26.7728
26.7727
26.7727
26.7727
26.7727
26.7726
26.7726
26.7726
26.7726
26.7726
26.7726
24.7682
21.272
17.6569
17.8536
16.7447
19.4463
20.6998
18.8137
17.4223
16.9674
16.3223
14.9825
14.1751
14.584
16.3105
16.179
17.3495
19.563
20.4126
21.3226
20.6019
20.3403
20.0424
19.477
19.1387
19.3821
20.1842
20.3054
21.0226
22.2386
23.3023
25.0195
24.8313
24.7725
24.7133
24.5954
24.5366
24.6332
24.873
24.959
25.1964
25.5564
25.892
26.3796
26.3402
26.3288
26.3179
26.2952
26.285
26.3079
26.361
26.3825
26.4356
26.5141
26.5877
26.6921
26.6841
26.6819
26.6798
26.6753
26.6733
26.6781
26.6889
26.6934
26.7043
26.7202
26.7352
26.7564
26.7548
26.7544
26.7539
26.753
26.7525
26.7531
26.755
26.7559
26.758
26.7613
26.7644
26.7685
26.7681
26.768
26.7679
26.7677
26.7678
26.7683
26.7691
26.7694
26.77
26.7707
26.7714
26.7726
26.7726
26.7726
26.7726
26.7726
26.7726
26.7726
26.7726
26.7726
26.7726
26.7726
26.7726
26.7726
26.7726
26.7726
26.7726
26.7726
26.7726
26.7726
26.7726
26.7726
26.7726
26.7726
26.7726
26.7726
26.7726
26.7726
26.7726
26.7726
26.7726
26.7726
26.7726
26.7726
26.7726
26.7726
26.7726
26.7726
26.7726
26.7726
26.7726
26.7726
26.7726
26.7726
26.7726
26.7726
26.7726
26.7726
26.7726
26.7726
26.7726
26.7726
26.7726
26.7726
26.7726
26.7726
26.7726
26.7726
26.7726
26.7726
26.7726
26.7726
26.7726
26.7726
26.7726
26.7726
26.7726
26.7726
26.7726
26.7726
26.7726
26.7726
26.7726
26.7726
26.7726
26.7726
26.7726
26.7726
26.7726
26.7726
26.7726
26.7726
26.7726
26.7726
26.7726
26.7726
26.7726
26.7726
26.7726
26.7726
48.4632
60.0646
72.562
76.3497
76.7908
75.575
69.825
65.0517
65.8894
65.509
63.7216
62.1156
60.2877
56.8452
52.4277
50.0838
45.5628
40.6002
35.7077
29.5589
29.9294
30.1701
30.2157
30.2962
30.3398
30.1214
29.7347
29.6726
29.2274
28.6718
28.0925
27.2439
27.3142
27.362
27.3747
27.3947
27.4081
27.3728
27.3059
27.3016
27.2241
27.1252
27.0212
26.8639
26.8778
26.8873
26.8899
26.894
26.8968
26.8901
26.8771
26.8765
26.8614
26.842
26.8217
26.7907
26.7935
26.7954
26.7959
26.7967
26.7973
26.796
26.7934
26.7933
26.7903
26.7864
26.7824
26.7762
26.7767
26.7771
26.7772
26.7774
26.7775
26.7772
26.7767
26.7767
26.7761
26.7753
26.7745
26.7733
26.7734
26.7735
26.7735
26.7735
26.7736
26.7735
26.7734
26.7734
26.7733
26.7731
26.773
26.7727
26.7727
26.7727
26.7728
26.7728
26.7728
26.7728
26.7727
26.7727
26.7727
26.7727
26.7726
26.7726
26.7726
26.7726
26.7726
26.7726
24.7682
21.272
17.6569
17.8536
16.7447
19.4463
20.6998
18.8137
17.4223
16.9674
16.3223
14.9825
14.1751
14.584
16.3105
16.179
17.3495
19.563
20.4126
21.3226
20.6019
20.3403
20.0424
19.477
19.1387
19.3821
20.1842
20.3054
21.0226
22.2386
23.3023
25.0195
24.8313
24.7725
24.7133
24.5954
24.5366
24.6332
24.873
24.959
25.1964
25.5564
25.892
26.3796
26.3402
26.3288
26.3179
26.2952
26.285
26.3079
26.361
26.3825
26.4356
26.5141
26.5877
26.6921
26.6841
26.6819
26.6798
26.6753
26.6733
26.6781
26.6889
26.6934
26.7043
26.7202
26.7352
26.7564
26.7548
26.7544
26.7539
26.753
26.7525
26.7531
26.755
26.7559
26.758
26.7613
26.7644
26.7685
26.7681
26.768
26.7679
26.7677
26.7678
26.7683
26.7691
26.7694
26.77
26.7707
26.7714
26.7726
26.7726
26.7726
26.7726
26.7726
26.7726
26.7726
26.7726
26.7726
26.7726
26.7726
26.7726
26.7726
26.7726
26.7726
26.7726
26.7726
26.7726
26.7726
26.7726
26.7726
26.7726
26.7726
26.7726
26.7726
26.7726
26.7726
26.7726
26.7726
26.7726
26.7726
26.7726
26.7726
26.7726
26.7726
26.7726
26.7726
26.7726
26.7726
26.7726
26.7726
26.7726
26.7726
26.7726
26.7726
26.7726
26.7726
26.7726
26.7726
26.7726
26.7726
26.7726
26.7726
26.7726
26.7726
26.7726
26.7726
26.7726
26.7726
26.7726
26.7726
26.7726
26.7726
26.7726
26.7726
26.7726
26.7726
26.7726
26.7726
26.7726
26.7726
26.7726
26.7726
26.7726
26.7726
26.7726
26.7726
26.7726
26.7726
26.7726
26.7726
26.7726
26.7726
26.7726
26.7726
26.7726
26.7726
26.7726
26.7726
48.4632
60.0646
72.562
76.3497
76.7908
75.575
69.825
65.0517
65.8894
65.509
63.7216
62.1156
60.2877
56.8452
52.4277
50.0838
45.5628
40.6002
35.7077
29.5589
29.9294
30.1701
30.2157
30.2962
30.3398
30.1214
29.7347
29.6726
29.2274
28.6718
28.0925
27.2439
27.3142
27.362
27.3747
27.3947
27.4081
27.3728
27.3059
27.3016
27.2241
27.1252
27.0212
26.8639
26.8778
26.8873
26.8899
26.894
26.8968
26.8901
26.8771
26.8765
26.8614
26.842
26.8217
26.7907
26.7935
26.7954
26.7959
26.7967
26.7973
26.796
26.7934
26.7933
26.7903
26.7864
26.7824
26.7762
26.7767
26.7771
26.7772
26.7774
26.7775
26.7772
26.7767
26.7767
26.7761
26.7753
26.7745
26.7733
26.7734
26.7735
26.7735
26.7735
26.7736
26.7735
26.7734
26.7734
26.7733
26.7731
26.773
26.7727
26.7727
26.7727
26.7728
26.7728
26.7728
26.7728
26.7727
26.7727
26.7727
26.7727
26.7726
26.7726
26.7726
26.7726
26.7726
26.7726
24.7682
21.272
17.6569
17.8536
16.7447
19.4463
20.6998
18.8137
17.4223
16.9674
16.3223
14.9825
14.1751
14.584
16.3105
16.179
17.3495
19.563
20.4126
21.3226
20.6019
20.3403
20.0424
19.477
19.1387
19.3821
20.1842
20.3054
21.0226
22.2386
23.3023
25.0195
24.8313
24.7725
24.7133
24.5954
24.5366
24.6332
24.873
24.959
25.1964
25.5564
25.892
26.3796
26.3402
26.3288
26.3179
26.2952
26.285
26.3079
26.361
26.3825
26.4356
26.5141
26.5877
26.6921
26.6841
26.6819
26.6798
26.6753
26.6733
26.6781
26.6889
26.6934
26.7043
26.7202
26.7352
26.7564
26.7548
26.7544
26.7539
26.753
26.7525
26.7531
26.755
26.7559
26.758
26.7613
26.7644
26.7685
26.7681
26.768
26.7679
26.7677
26.7678
26.7683
26.7691
26.7694
26.77
26.7707
26.7714
26.7726
26.7726
26.7726
26.7726
26.7726
26.7726
26.7726
26.7726
26.7726
26.7726
26.7726
26.7726
26.7726
26.7726
26.7726
26.7726
26.7726
26.7726
26.7726
26.7726
26.7726
26.7726
26.7726
26.7726
26.7726
26.7726
26.7726
26.7726
26.7726
26.7726
26.7726
26.7726
26.7726
26.7726
26.7726
26.7726
26.7726
26.7726
26.7726
26.7726
26.7726
26.7726
26.7726
26.7726
26.7726
26.7726
26.7726
26.7726
26.7726
26.7726
26.7726
26.7726
26.7726
26.7726
26.7726
26.7726
26.7726
26.7726
26.7726
26.7726
26.7726
26.7726
26.7726
26.7726
26.7726
26.7726
26.7726
26.7726
26.7726
26.7726
26.7726
26.7726
26.7726
26.7726
26.7726
26.7726
26.7726
26.7726
26.7726
26.7726
26.7726
26.7726
26.7726
26.7726
26.7726
26.7726
26.7726
26.7726
26.7726
48.4632
60.0646
72.562
76.3497
76.7908
75.575
69.825
65.0517
65.8894
65.509
63.7216
62.1156
60.2877
56.8452
52.4277
50.0838
45.5628
40.6002
35.7077
29.5589
29.9294
30.1701
30.2157
30.2962
30.3398
30.1214
29.7347
29.6726
29.2274
28.6718
28.0925
27.2439
27.3142
27.362
27.3747
27.3947
27.4081
27.3728
27.3059
27.3016
27.2241
27.1252
27.0212
26.8639
26.8778
26.8873
26.8899
26.894
26.8968
26.8901
26.8771
26.8765
26.8614
26.842
26.8217
26.7907
26.7935
26.7954
26.7959
26.7967
26.7973
26.796
26.7934
26.7933
26.7903
26.7864
26.7824
26.7762
26.7767
26.7771
26.7772
26.7774
26.7775
26.7772
26.7767
26.7767
26.7761
26.7753
26.7745
26.7733
26.7734
26.7735
26.7735
26.7735
26.7736
26.7735
26.7734
26.7734
26.7733
26.7731
26.773
26.7727
26.7727
26.7727
26.7728
26.7728
26.7728
26.7728
26.7727
26.7727
26.7727
26.7727
26.7726
26.7726
26.7726
26.7726
26.7726
26.7726
24.7682
21.272
17.6569
17.8536
16.7447
19.4463
20.6998
18.8137
17.4223
16.9674
16.3223
14.9825
14.1751
14.584
16.3105
16.179
17.3495
19.563
20.4126
21.3226
20.6019
20.3403
20.0424
19.477
19.1387
19.3821
20.1842
20.3054
21.0226
22.2386
23.3023
25.0195
24.8313
24.7725
24.7133
24.5954
24.5366
24.6332
24.873
24.959
25.1964
25.5564
25.892
26.3796
26.3402
26.3288
26.3179
26.2952
26.285
26.3079
26.361
26.3825
26.4356
26.5141
26.5877
26.6921
26.6841
26.6819
26.6798
26.6753
26.6733
26.6781
26.6889
26.6934
26.7043
26.7202
26.7352
26.7564
26.7548
26.7544
26.7539
26.753
26.7525
26.7531
26.755
26.7559
26.758
26.7613
26.7644
26.7685
26.7681
26.768
26.7679
26.7677
26.7678
26.7683
26.7691
26.7694
26.77
26.7707
26.7714
26.7726
26.7726
26.7726
26.7726
26.7726
26.7726
26.7726
26.7726
26.7726
26.7726
26.7726
26.7726
26.7726
26.7726
26.7726
26.7726
26.7726
26.7726
26.7726
26.7726
26.7726
26.7726
26.7726
26.7726
26.7726
26.7726
26.7726
26.7726
26.7726
26.7726
26.7726
26.7726
26.7726
26.7726
26.7726
26.7726
26.7726
26.7726
26.7726
26.7726
26.7726
26.7726
26.7726
26.7726
26.7726
26.7726
26.7726
26.7726
26.7726
26.7726
26.7726
26.7726
26.7726
26.7726
26.7726
26.7726
26.7726
26.7726
26.7726
26.7726
26.7726
26.7726
26.7726
26.7726
26.7726
26.7726
26.7726
26.7726
26.7726
26.7726
26.7726
26.7726
26.7726
26.7726
26.7726
26.7726
26.7726
26.7726
26.7726
26.7726
26.7726
26.7726
26.7726
26.7726
26.7726
26.7726
26.7726
26.7726
26.7726
48.4632
60.0646
72.562
76.3497
76.7908
75.575
69.825
65.0517
65.8894
65.509
63.7216
62.1156
60.2877
56.8452
52.4277
50.0838
45.5628
40.6002
35.7077
29.5589
29.9294
30.1701
30.2157
30.2962
30.3398
30.1214
29.7347
29.6726
29.2274
28.6718
28.0925
27.2439
27.3142
27.362
27.3747
27.3947
27.4081
27.3728
27.3059
27.3016
27.2241
27.1252
27.0212
26.8639
26.8778
26.8873
26.8899
26.894
26.8968
26.8901
26.8771
26.8765
26.8614
26.842
26.8217
26.7907
26.7935
26.7954
26.7959
26.7967
26.7973
26.796
26.7934
26.7933
26.7903
26.7864
26.7824
26.7762
26.7767
26.7771
26.7772
26.7774
26.7775
26.7772
26.7767
26.7767
26.7761
26.7753
26.7745
26.7733
26.7734
26.7735
26.7735
26.7735
26.7736
26.7735
26.7734
26.7734
26.7733
26.7731
26.773
26.7727
26.7727
26.7727
26.7728
26.7728
26.7728
26.7728
26.7727
26.7727
26.7727
26.7727
26.7726
26.7726
26.7726
26.7726
26.7726
26.7726
24.7682
21.272
17.6569
17.8536
16.7447
19.4463
20.6998
18.8137
17.4223
16.9674
16.3223
14.9825
14.1751
14.584
16.3105
16.179
17.3495
19.563
20.4126
21.3226
20.6019
20.3403
20.0424
19.477
19.1387
19.3821
20.1842
20.3054
21.0226
22.2386
23.3023
25.0195
24.8313
24.7725
24.7133
24.5954
24.5366
24.6332
24.873
24.959
25.1964
25.5564
25.892
26.3796
26.3402
26.3288
26.3179
26.2952
26.285
26.3079
26.361
26.3825
26.4356
26.5141
26.5877
26.6921
26.6841
26.6819
26.6798
26.6753
26.6733
26.6781
26.6889
26.6934
26.7043
26.7202
26.7352
26.7564
26.7548
26.7544
26.7539
26.753
26.7525
26.7531
26.755
26.7559
26.758
26.7613
26.7644
26.7685
26.7681
26.768
26.7679
26.7677
26.7678
26.7683
26.7691
26.7694
26.77
26.7707
26.7714
26.7726
26.7726
26.7726
26.7726
26.7726
26.7726
26.7726
26.7726
26.7726
26.7726
26.7726
26.7726
26.7726
26.7726
26.7726
26.7726
26.7726
26.7726
26.7726
26.7726
26.7726
26.7726
26.7726
26.7726
26.7726
26.7726
26.7726
26.7726
26.7726
26.7726
26.7726
26.7726
26.7726
26.7726
26.7726
26.7726
26.7726
26.7726
26.7726
26.7726
26.7726
26.7726
26.7726
26.7726
26.7726
26.7726
26.7726
26.7726
26.7726
26.7726
26.7726
26.7726
26.7726
26.7726
26.7726
26.7726
26.7726
26.7726
26.7726
26.7726
26.7726
26.7726
26.7726
26.7726
26.7726
26.7726
26.7726
26.7726
26.7726
26.7726
26.7726
26.7726
26.7726
26.7726
26.7726
26.7726
26.7726
26.7726
26.7726
26.7726
26.7726
26.7726
26.7726
26.7726
26.7726
26.7726
26.7726
26.7726
26.7726
48.4632
60.0646
72.562
76.3497
76.7908
75.575
69.825
65.0517
65.8894
65.509
63.7216
62.1156
60.2877
56.8452
52.4277
50.0838
45.5628
40.6002
35.7077
29.5589
29.9294
30.1701
30.2157
30.2962
30.3398
30.1214
29.7347
29.6726
29.2274
28.6718
28.0925
27.2439
27.3142
27.362
27.3747
27.3947
27.4081
27.3728
27.3059
27.3016
27.2241
27.1252
27.0212
26.8639
26.8778
26.8873
26.8899
26.894
26.8968
26.8901
26.8771
26.8765
26.8614
26.842
26.8217
26.7907
26.7935
26.7954
26.7959
26.7967
26.7973
26.796
26.7934
26.7933
26.7903
26.7864
26.7824
26.7762
26.7767
26.7771
26.7772
26.7774
26.7775
26.7772
26.7767
26.7767
26.7761
26.7753
26.7745
26.7733
26.7734
26.7735
26.7735
26.7735
26.7736
26.7735
26.7734
26.7734
26.7733
26.7731
26.773
26.7727
26.7727
26.7727
26.7728
26.7728
26.7728
26.7728
26.7727
26.7727
26.7727
26.7727
26.7726
26.7726
26.7726
26.7726
26.7726
26.7726
24.7682
21.272
17.6569
17.8536
16.7447
19.4463
20.6998
18.8137
17.4223
16.9674
16.3223
14.9825
14.1751
14.584
16.3105
16.179
17.3495
19.563
20.4126
21.3226
20.6019
20.3403
20.0424
19.477
19.1387
19.3821
20.1842
20.3054
21.0226
22.2386
23.3023
25.0195
24.8313
24.7725
24.7133
24.5954
24.5366
24.6332
24.873
24.959
25.1964
25.5564
25.892
26.3796
26.3402
26.3288
26.3179
26.2952
26.285
26.3079
26.361
26.3825
26.4356
26.5141
26.5877
26.6921
26.6841
26.6819
26.6798
