41410.4
59453.6
85732.7
99485.7
109658
113514
122772
122664
120958
112711
102012
93463.7
89273.1
84388.8
81028.2
79151.8
75475.1
69695.1
61426.2
55149
49963.2
46288.3
43460.8
43872
46920.2
64800.2
90777.9
102356
113913
119410
125059
122652
119779
107938
96320.5
89288.7
84061.5
82382.8
78535.6
80190
77015.5
72030.7
67312.9
60855.3
55619.2
50997.4
47565.9
45270.2
48383
64916.4
91055.5
102021
101453
102830
119116
106298
81473.4
75003.6
67270.9
61745.2
60069.5
55082.1
53785.2
51820.5
49220.8
45354.1
38464.4
34335
31852.6
28444.1
27960.3
29380.7
32338
44782.7
65160
74067.3
80437.9
80415.6
83413.1
84793.4
81315
73975.3
66555
61711.5
58145.5
53628.8
51279.2
48923.4
46283.6
42702
37990.3
33373.5
30673.2
28032.5
26527.6
26178.8
30784.7
44053.8
62682.3
70084.4
76064.5
74958
72677.4
79244
74980.8
63487.8
54476.1
51138.5
51265.6
49326.5
46928.2
46398.9
44664.7
42590.1
39372.4
36232.9
34004.9
29333.9
28015.1
26969.6
25728.6
27591.3
31454.1
36188.7
39750.1
42938.6
47159.7
48890.8
51229.5
49557.6
48216.6
46392.5
48494.7
45925
45613.7
45172.7
45939.2
48668
44866.8
40357.2
37522.6
33910.2
28543
25969.8
24802.1
25395.5
29015
32984.1
39098.8
44756.3
49036
53261.8
55035.2
55288
54602.4
54493.1
54553.7
54274
52620
51428.5
47533.7
42460.4
37865.3
35589.9
31999.4
29972.2
28900.2
28501.1
32438.9
49461.2
67889.4
75509
80523
81577.8
85024.3
86160.2
82759.9
72696.1
64397.9
60648
58350.3
54538.7
52054.3
48751.1
45148.2
42130.7
36189.4
33105.5
29914
27277.2
27026.3
26245.2
32329.2
50078.8
68732.7
75319
92221.7
100539
104006
107104
103350
88486.3
74831.5
74798.9
69512.6
68124.4
66013.2
67083
63436.5
58264.3
49253.2
43793.9
39106.3
35678.6
35011.9
30168.8
32005.2
54237.3
80516.7
88020.6
96246.4
97177.8
101151
101657
95109.6
85348.9
77682.6
75995.1
71526.7
65109.2
63147.5
62795.6
59416.7
55802.4
49038
44824.2
41262.3
38502.8
36738.2
36125.8
41135.7
65474.6
82467.6
93079.4
102599
108058
112838
111399
103743
93405.3
86868.7
84286
80778.9
78999.2
77799.6
75494.8
74831.1
67754.9
62394.3
56962.4
53557.7
50272.1
48009.5
45399.9
52307.5
70881.9
89448
80168.8
87495.9
85857.7
90273.3
87279.4
80299.1
67974.6
61223.9
57414.2
56959.3
52867
52518.3
49083.9
49012.3
43615.8
44068.3
39605.6
37475.4
33046.6
32713.7
29702.7
31027
32024.4
37573.6
40847.8
45148.6
48153.8
54414.2
55386.8
58545
54325.5
56527.5
52735.5
55192.6
52802.9
53506.1
51269.5
50421.7
47555.4
43531.9
42098.5
35893.3
34565.5
29827
30632
28932.1
31481.9
33070.4
38476.7
44300.9
49149.8
52912.1
57696.3
57669.5
58079.9
56645.2
56181.1
55270
53634.6
54419.3
53052.1
50954.8
45809.1
40245
36423.2
32862.7
30332.6
29028.6
28847.2
33673.1
55223.2
72267
80883.8
87918.2
89166
91226
91778.5
85757.2
78133.2
69761.9
66419.7
61680.7
58289.4
55792.7
54811.3
50043.8
45475.8
41406.6
38624.8
33913.8
30401.2
29635.6
29031.5
32506.2
53181.1
70535.3
80362.2
86554.1
87539.8
90532.9
91474.9
84942.9
73482.2
65249.9
64664.4
60923.6
56993.5
54305.6
51523.3
49976.2
45549.6
40666
35652.2
31671
29047.4
26784.4
26418.4
31950.6
51543.4
68466.5
77996.5
84568.4
83362.6
92336.4
90560.8
83445.9
74962.7
67144.7
63641.4
60730.1
57745.6
54525.3
51384.2
49264
44518.7
40001.4
37012.2
34134.2
30817.5
28610.7
28921.1
34124.6
54369.5
72559.6
79603.4
87629.3
87152.6
93421
94073.6
85660.9
74872.9
66375.7
62939.2
62600.8
58782.2
56805.9
54459.8
50150.2
44525.7
41474.1
39190.3
36423.6
35010.5
35310.1
35726.7
40796.2
59540
77516.5
85856
92292.5
90515.6
93223.2
92415.4
84355.2
75752.4
67520
64695.4
60892.1
57914.3
53136.8
51770.2
50282
46538.4
42618.4
39521.9
35830.2
32806.9
30951.5
29855.9
29966.8
31805.2
34528.6
38559.2
42701.3
45711.8
50264.9
53492.4
54346.7
52282.9
50309.9
50900.3
52256.6
50330.9
49473.2
48249.2
46865
43687.7
41034
38033
35908.9
31592.4
28955.8
28677.9
28201.6
28829.8
28703.7
32662.6
37707.6
42564.1
46889.9
49070.4
52395.3
55136.8
54640.4
54671.1
55312.8
53356.3
51979.4
50312
46292.1
43253.4
40307
37171.7
33305.2
30880.8
29176.6
29477.1
33781.5
55709.8
72836.5
79390.3
83848
82586.9
89311.5
90090.8
83655.4
75037.8
64345.9
60905.8
57935.3
54901.8
53220.2
53116.7
48399
44900.4
41647.1
38520.4
36196.7
33423.1
32938.3
28815.3
33304.3
53794.6
72324.9
80303.9
85672.8
83661
88313.7
91324
85076.4
73140.5
64014.1
60864.8
57203.4
55244.7
52074.3
50279.2
49256.6
44207.2
40711.1
36846.2
31198.7
27474.1
26455
25532.1
31036.3
50650
68305.6
75805.9
79526.8
76540.7
81551.4
80618.8
73336.4
63554
55092.6
52813.3
50660.8
47754.2
45400
44384.7
42154.2
38311.9
34952.7
30711.8
27493.6
25398.3
24573.9
23953.9
30497.8
51378.8
69994.2
74193.3
77678.3
75699.2
79756.1
79761.1
73637
62498.9
55072.9
54448.9
50863.8
49944.9
48313.9
45433.6
46743.8
43379.6
39902.5
35692.4
30818.6
31599.9
27567.4
28136.7
33632
49471.3
64139.7
70816.2
72766.9
68427.8
68818.3
68556.8
62721.6
53987.6
48479.4
42758
42220.3
38303.6
36347.3
37033.2
34643.1
34068.9
30985.3
29025
27472.9
24427.7
24529.7
21979.3
24037.6
25361
26291.5
31008.2
31011.5
35254.9
35150.5
37300.2
38076.4
37752.2
37177.5
35015.1
37228.6
34992
35011.1
34800.1
32280.4
33392.9
29156.6
26090
27186.7
22876
23709.9
21917.5
21782.3
23156.7
24021.9
27853
28611.3
32932.5
31246
36040.1
34510.4
36601.5
32838.8
37653.1
33750.1
36951.3
35758.7
32441.9
30715.4
28830.6
26542.7
26224.9
23487.3
20869.4
19798.8
19097.2
23428.7
37113.1
51213.1
55277.7
61563.4
57839.5
62107.4
62452.7
57675.5
49158
43284.8
37339
37805.6
36243.7
37187.3
32884.5
33438.3
29468.7
29721.6
25637.2
25900.1
21456.6
22950.4
20403.9
26631.8
36782.6
50708.2
51507.2
58424.2
52840.3
59090.6
59571.9
52964.5
46270.4
36645.3
35733.1
33247.4
33239.9
33710.3
31312.3
30134.8
28624.1
25512.1
25495
21786.7
20951.5
19712.3
18701.4
23591.5
35423.7
44136.1
47695.2
47137.8
46683.7
47433.1
50014.9
46478.6
39610
35301.4
33985.4
34710.9
32660.6
33871.4
30761.8
30199.1
27877.2
24632.6
23710.4
20482.3
17392.2
18204.7
16945.4
18923.8
26469.4
32930.7
36777.7
37958.7
37925.1
39971.2
40344.6
37008.8
30730
28009
26971.9
27949.2
27066.5
26401.1
25821.9
24671.6
22633.4
21251
20521.9
18799.4
17496.2
16064.1
15887.4
17293.7
21541
24396.7
26817.6
26400.6
24812.9
24986.4
24604.7
22802
22827.5
22535.2
21558.4
20892.2
20476.8
20362.4
20327.9
19343.4
19172.3
19308.2
18235.2
17360.1
15575.5
14152.2
14173.6
15184.3
21113.8
22428.7
24044.6
24845.3
25715
26737
27779.4
28273.9
28976.3
28739.7
28455
28431.9
28827.2
27726.7
27933.4
27631.8
26679.7
25649.1
24691.3
24209.6
23880.9
22541.6
21776.7
21336.5
21393.8
22726.8
23928.4
24332
20298.6
18775.4
19348
20638.2
22230.2
21667.7
23316.1
22862.1
23406.9
22697.6
22619.5
22160.2
20476.1
19904.4
17994.5
16211.6
15064.1
14051.7
13486.7
13983.5
14715.4
16112.6
16822.2
18654.7
19229
20141.4
21200.8
21890.4
22225.1
22939.5
23633.1
23304.5
23417.8
22635.1
22240.1
21501
20152
18642.5
17647
15913.8
14536.8
13743.1
13321.3
14209.9
14941.6
16298.7
18673.3
21439.6
23718.7
23734.6
24990.9
25603.2
24600.7
25684.4
27233.8
27314.2
26203.3
25719.3
24921.4
24970.1
23696.5
22344.5
20946.8
19607
17946.6
17526
17418.1
17959.7
19334.4
21867.1
24377.8
26851.2
27849
30094.4
30372.3
28899.5
28352.6
28100.6
28215.1
27934.2
27383.8
27738.9
28204.7
26286.6
24353
22965.4
22478.5
19878.3
18504.5
17322.7
16273.4
16296.6
18311.1
21070.1
23790.4
23778.6
25567.2
27734.6
28055.1
28079.7
27576.1
28270.9
27378.5
26483.7
27544.5
27031
26585.7
26611.2
24389.7
22038.8
21501.1
19083.1
18216
17021.1
15807.9
16374.8
17422.7
19861.1
22401.8
23639.3
24356.7
25165.5
25465.1
26454.9
25020.6
23902.1
23502.6
22863.7
21647.5
21278.6
20755.2
20181
19797.1
18850.1
18191
16869.6
15704.1
14784.6
13976.6
14012.7
14051.7
14764.4
15900.6
17985.6
20102.6
22012.3
22828.6
24594.3
25318.8
24799.8
26044.5
25734.6
26225.9
25705.9
26067.6
25751.9
23849.4
21562.9
20420.5
19032.9
17862.7
16548.4
16170.5
15980.7
16184.8
18150.4
19275.6
20394.2
22102
24495.6
26081.5
26150.4
27837.7
27521.4
26461.2
26606.7
27233.5
27635.4
26539.8
25321.2
23790.4
22250.6
21003.3
19804.8
17871.8
17230.2
16807.7
16693.4
16996.9
19416.1
22224.6
23807.8
25447
27278.8
29072.4
30504.3
30682.7
30168.2
29859
28894.8
28499.4
28814.2
27101.3
26732.1
24864.1
22244.8
20747
18484.3
16768.1
16424.6
15743
18206.6
27849.8
35989.4
39735.4
44037.8
46568.7
48831.3
50967.1
48968.2
42708.2
37191.5
34996.9
35480.4
33813.4
30848.8
29975.6
29963.9
27607.8
24792.2
23303.7
20890.7
18515.4
18332
18569.8
22750
37968.3
50746.8
57359.3
62248.8
63316
65428.4
65533
62734.5
52272.4
43950.1
42766.9
40088.3
37992.8
37914.2
36212.3
35050.6
31179.7
27818.5
26068.8
23589.5
21468.3
20843.1
20406.7
25379
41403
53865.4
58150.8
63871.6
65286
71860.9
70495.5
65613.9
53550.7
44919.7
43110.5
39991.8
39544
38222
38141.7
35597.5
31792.4
28448.6
26367.9
23087.9
21508.5
20063.6
20411.7
24864.7
42038.1
55457.8
60748
67098.5
68015.2
70865.5
70720
63011.9
51604.3
44103.8
41607.8
41004.4
40550.4
40956.7
38546.7
36440.9
34790
32128.1
30236
27345.9
24921.5
22680.4
21741.2
21444.7
22939.3
26122.3
29728.8
33702.9
35258.4
37460.6
39637.5
40900.3
40550
40380.3
40032.2
40349.4
38902.1
40225
38955.1
35681.5
34216.8
32224.9
29815.9
28167.1
26203.6
24066.7
23397.9
23111.6
23747.8
26277.7
30809.7
34010.5
37324.7
40785.3
43454.4
45943.7
48492.2
46261
46770.5
44970.6
47440.1
44408.4
43246.7
40382.5
37690.5
35836.9
30440.1
27988.3
24342
24663.9
24693.2
29764.6
51098.8
65434.8
75500.2
