76.2062
86.0792
84.5209
67.3315
39.6508
14.2825
-44.929
-56.5602
-3.75412
2.4076
71.7315
117.508
124.765
133.298
138.925
106.296
85.8481
59.862
17.9881
8.13107
16.6024
-1.08656
32.7533
51.9425
44.0464
114.517
165.99
189.909
160.031
153.703
149.847
128.268
127.694
107.872
67.928
80.2218
83.3783
148.403
164.18
210.658
182.217
192.036
181.094
177.319
179.24
167.479
146.785
140.585
120.472
148.896
141.258
154.428
114.007
120.452
133.473
165.033
174.119
165.818
129.403
125.77
122.019
127.969
129.069
116.263
92.4348
81.403
91.9584
119.331
96.5826
110.384
88.1189
87.0901
105.922
105.902
95.59
77.8557
65.6699
61.9235
70.5987
98.6258
90.9477
95.8666
63.5896
58.03
81.9869
70.271
66.0472
47.1711
35.1261
33.7586
41.5797
61.902
57.2639
55.5678
64.1887
73.6701
83.3521
80.3025
64.1569
37.9863
23.6614
6.07851
15.8714
2.11982
-2.84342
6.7769
13.1284
38.1233
63.6963
89.7329
96.9721
85.0809
60.4903
37.597
24.4328
-4.64421
-28.2338
-33.5265
-36.1692
-18.8228
9.30817
29.5938
43.2235
71.9676
83.946
93.8741
92.8234
91.2059
63.0315
31.9604
2.42347
-41.1677
-37.1377
-29.2724
1.09931
9.78373
24.6492
70.7551
87.705
118.257
121.92
100.001
79.6804
-1.40807
-21.3549
-44.2971
-25.5132
8.33549
37.1514
57.0281
69.0532
88.6029
90.2232
77.6991
80.8464
78.4569
78.8733
67.476
77.4285
93.625
117.205
105.777
113.352
101.466
111.418
131.258
135.079
152.559
157.252
179.642
178.319
155.09
145.454
113.379
123.644
125.206
149.802
165.289
165.551
204.651
206.674
203.135
175.73
144.5
115.515
91.015
97.0509
77.2771
101.982
138.954
149.471
158.014
152.1
134.021
106.914
116.568
83.9907
67.2881
61.4097
73.9283
91.5549
87.3167
77.6617
56.2849
50.9182
56.2929
54.2395
78.8614
54.1519
91.3307
87.4103
76.2078
71.4271
58.0503
23.1995
-6.32802
-20.4725
-36.227
3.08465
80.3383
84.2233
118.198
109.389
74.9904
61.9554
44.2787
-3.5134
-37.3386
-34.5377
-13.8084
32.2072
70.7987
110.27
114.803
126.569
106.768
98.2767
53.0799
8.43521
-31.9908
-48.1973
-43.742
32.8494
94.2627
104.534
84.8251
96.5038
72.6455
120.756
124.421
100.525
51.675
-4.1676
-2.44642
2.47831
13.9985
20.3343
39.4907
24.801
60.428
116.111
129.73
155.721
145.945
109.104
111.865
95.6105
113.93
83.143
79.4216
95.6614
125.971
155.297
198.503
218.439
223.757
217.07
194.838
198.342
192.888
179.38
164.327
157.89
178.831
200.986
224.061
208.281
192.645
186.653
162.555
173.291
159.748
165.984
159.16
145.414
154.961
152.568
171.125
155.106
134.288
130.429
99.8121
104.271
104.676
103.626
96.954
85.609
75.962
87.9217
89.3188
71.9249
46.8827
34.9475
38.173
52.7308
65.7065
46.7655
38.1957
30.9587
13.7578
24.472
15.9097
23.4305
5.92351
11.6619
14.271
25.1707
56.2246
44.1455
36.4843
28.1844
4.69125
23.1274
17.495
1.83582
-3.11085
24.8123
30.6519
54.459
37.2273
37.0083
39.2671
36.3942
1.48227
4.86732
8.3586
18.6964
35.3894
40.1745
35.3791
77.8142
71.0299
84.819
30.4724
34.1708
-17.8607
4.40279
16.13
20.3488
56.01
65.5052
73.1611
80.9114
77.3072
97.6922
52.5647
48.9814
-13.3584
14.9703
53.3843
78.1106
105.246
100.531
89.5472
103.786
120.544
114.974
117.793
120.425
115.34
135.297
144.894
162.514
174.253
183.843
173.031
184.473
180.29
170.987
168.051
157.046
162.771
161.201
166.623
170.681
168.666
178.544
175.775
188.66
177.139
164.652
152.062
127.651
131.428
125.941
130.708
119.166
116.011
114.154
109.981
119.767
111.665
112.142
107.367
93.6616
87.9115
82.6723
80.774
55.2902
41.0844
32.198
31.8975
40.3166
47.9715
52.1333
49.6047
58.3896
60.8647
51.8372
34.8091
22.2594
-3.70832
-11.2534
-5.78316
-1.78984
13.6704
33.792
38.2753
32.6577
28.7808
17.9834
16.7935
10.5839
-1.29445
4.75634
2.18041
0.247919
11.7712
16.8994
19.7428
18.7523
19.7426
6.80909
13.5495
14.7687
7.69521
15.6483
10.3121
6.4411
12.0142
4.1886
6.57625
1.11356
10.6789
18.2232
35.1651
32.2775
21.9536
20.0799
5.56205
13.0323
20.2953
9.19421
16.2292
8.33068
9.47017
29.9774
37.1929
21.1162
11.4039
7.81594
14.2347
26.4403
32.9412
18.0349
-3.79073
-4.5477
-8.95986
15.5901
35.5887
53.0268
41.408
33.0825
20.8878
29.2268
31.0098
14.2398
0.650276
-1.12123
-15.9494
33.1984
54.2366
77.8912
71.976
68.7133
12.9785
43.0524
52.968
40.7609
26.2058
6.28762
0.727359
61.5291
110.724
138.674
74.0702
77.9033
3.20745
45.2422
58.2768
72.4108
61.0574
60.5849
55.8839
85.2424
136.116
157.603
114.317
133.503
34.6131
70.4434
91.5638
78.7947
96.8174
81.557
65.6594
58.3287
78.1926
49.4392
60.85
81.8795
92.622
128.034
114.027
151.531
157.389
158.494
189.845
150.121
143.616
156.882
148.656
143.88
135.464
141.15
149.304
196.108
179.896
196.632
200.17
177.596
196.171
215.958
206.67
203.547
192.466
169.006
143.622
162.528
152.905
177.014
181.47
150.835
148.503
176.495
192.841
179.693
165.042
130.227
129.497
142.18
132.048
108.953
95.8331
98.2398
113.943
135.76
147.186
125.523
116.66
87.1151
87.1037
83.871
89.4866
69.9003
49.9403
31.4514
30.7676
56.7768
85.4618
87.5969
86.1009
58.1045
50.7544
56.1444
62.418
44.2354
20.3493
4.68611
16.1497
25.9153
35.9898
24.3112
18.337
26.5914
37.2377
48.26
51.3632
49.643
46.6421
44.1627
48.2975
40.7651
38.3845
9.49647
-9.47415
-29.0412
-24.9562
-5.75237
31.3246
54.9825
66.6977
87.9102
79.9766
62.9959
43.161
-0.525776
-9.31929
-32.9594
-27.4212
-22.2784
-3.1417
35.0755
68.5249
96.5249
88.3317
84.8976
48.8216
8.41453
8.01633
3.27099
38.7399
47.9778
56.4064
55.4895
65.0364
65.9688
54.7117
53.6399
37.4671
51.1333
59.7448
84.2921
115.9
106.581
131.776
88.6723
69.0409
58.344
55.5607
52.3309
43.0766
80.9459
116.937
171.809
234.56
205.529
198.018
100.656
93.7338
82.3898
43.6157
89.4422
89.2402
93.466
153.231
183.684
242.777
183.444
174.137
129.842
104.113
152.265
205.867
245.505
236.259
217.919
221.397
201.157
216.35
234.733
252.683
197.778
217.874
218.282
214.705
258.181
273.853
257.511
255.418
274.336
233.33
225.556
252.834
216.566
190.855
223.219
211.142
163.647
208.012
197.342
200.778
207.682
194.107
218.554
225.482
219.884
207.675
205.266
187.543
184.738
182.703
139.523
170.243
166.462
171.884
197.477
210.625
184.41
198.195
188.663
150.98
134.723
116.698
133.57
136.451
137.384
129.055
125.377
166.332
156.346
174.775
133.463
100.255
122.46
105.565
113.663
89.9868
94.8329
78.9487
96.5664
86.7015
80.1307
104.348
86.4343
85.8681
107.994
105.94
92.4654
93.7928
55.5554
8.64042
13.2369
-11.1937
64.0336
57.2113
56.9989
41.4839
75.4163
121.589
87.8756
105.357
37.3458
19.6647
45.0836
2.29437
51.842
4.89328
49.3725
38.221
67.4916
75.9985
68.1191
102.845
76.9829
66.143
98.1528
61.3332
109.136
21.4401
18.9707
-25.2824
19.3208
42.4106
31.8822
22.3484
82.9956
99.4561
162.738
120.572
118.364
24.6886
69.7675
52.9884
43.8578
51.1002
21.329
19.6956
65.479
66.9693
167.734
140.56
145.964
75.7347
114.947
113.569
124.447
139.187
45.0016
88.0223
145.243
176.425
223.882
176.415
199.078
128.345
190.699
117.554
83.8943
218.02
179.469
240.598
235.155
181.172
215.455
245.46
243.76
215.853
234.406
176.091
186.73
226.859
192.191
249.74
220.64
157.056
217.823
209.315
197.113
218.096
240.725
243.869
249.637
235.678
201.452
194.671
196.52
163.445
169.005
166.285
175.298
187.994
196.398
166.266
177.898
186.101
170.819
170.579
150.11
145.207
165.224
159.431
149.215
150.42
147.941
124.398
136.111
119.78
98.8225
112.551
98.0801
112.525
102.434
106.427
108.153
100.67
118.952
109.526
107.327
86.7342
65.0003
75.474
60.468
73.1679
60.9912
57.6553
56.4559
46.2793
67.7341
65.3954
68.8774
64.6547
61.1568
82.9493
79.09
87.0775
64.8018
36.3998
18.3533
17.6066
18.5568
-1.29239
2.00245
26.7342
50.9866
85.5726
114.464
110.231
79.6117
42.3395
7.90374
4.18112
-1.5193
19.6435
3.25205
16.5905
40.2014
53.1351
98.9785
72.5204
47.9922
11.2575
23.9695
60.0225
62.1358
56.6381
24.3122
47.0291
45.7516
60.0804
77.0771
33.5268
30.8819
-7.93414
37.232
62.8157
108.809
124.952
100.172
92.5503
69.4179
96.2534
83.6403
84.7274
73.0632
27.3832
93.3537
120.111
154.859
173.353
158.496
179.712
180.301
192.819
184.608
173.036
156.314
153.976
179.292
183.561
197.807
202.261
196.934
197.538
178.994
179.277
179.585
186.482
195.406
193.6
179.276
177.418
181.11
162.162
152.308
132.637
108.799
116.53
130.573
140.404
137.619
152.762
134.109
128.527
123.309
95.5545
92.2846
79.1679
66.6103
60.7028
51.8719
42.9622
35.6638
60.4068
51.2724
50.2988
66.5889
48.6259
70.2838
69.4588
45.3416
22.3042
19.9725
11.72
1.36562
6.88153
-16.2469
-16.6446
22.3101
28.1926
75.8544
79.6354
72.7282
41.7643
25.1639
-0.777793
-5.87554
19.0867
17.3583
18.6162
34.2386
31.5503
42.153
39.0097
49.6761
31.5256
24.8296
19.9033
22.5227
38.5052
44.3184
52.0748
54.2405
48.5429
45.5843
31.3103
31.766
3.05871
6.46057
21.4965
41.4299
78.4906
111.439
85.8473
61.2504
32.7291
6.76894
-6.67333
58.8846
73.112
76.8556
89.3603
79.3007
61.0275
68.5598
43.5128
57.9367
39.0574
23.3792
-14.8386
9.71981
31.1428
92.2467
143.798
136.604
118.174
132.801
93.2004
107.841
109.521
72.9318
52.4882
65.3724
78.5615
116.567
140.358
157.34
138.092
169.998
183.943
190.234
169.14
135.348
118.88
123.752
143.468
168.887
170.665
166.004
133.069
132.99
150.699
160.142
157.274
175.59
189.091
197.254
203.118
181.772
144.062
118.189
103.962
87.5159
100.36
99.8112
106.806
121.888
130.604
153.557
163.617
155.477
135.994
114.004
85.6093
62.536
84.4294
71.4247
62.8973
66.4098
35.9057
48.0001
70.8745
75.6938
64.9379
88.8076
93.0393
96.2124
107.307
77.6541
32.6532
25.0227
1.77704
2.01127
1.91495
-4.92327
1.44887
34.4798
47.107
67.5309
77.9928
76.8493
54.3159
45.376
10.9434
-8.41919
-7.32241
-14.2757
-15.8371
4.25049
25.8947
41.4965
47.2354
58.6333
56.0028
63.8003
42.4858
29.6472
10.7535
-8.63431
-16.248
-14.6767
21.2197
29.2027
54.4908
64.6756
65.4668
76.9112
30.0739
51.6934
9.54576
-6.83533
-12.0798
-37.453
-0.205098
6.1281
45.6823
65.112
64.6228
84.7894
51.9912
68.4162
39.0123
27.3315
-1.15492
-40.5453
-10.0189
3.65735
27.6568
63.1107
59.5547
49.7403
44.8416
43.3655
58.1963
59.3906
48.7194
35.2217
39.3639
36.4492
35.8989
50.9289
40.9354
9.72712
25.0661
17.7131
36.163
84.0452
97.016
98.1191
86.1431
88.765
99.6411
98.8987
88.6742
81.684
81.6567
96.7688
132.059
159.561
151.501
156.248
135.692
151.443
173.127
190.945
188.17
185.93
188.139
196.877
193.788
195.678
191.199
185.519
185.25
188.717
186.912
192.815
186.75
183.572
169.619
169.711
168.627
159.295
149.101
140.49
141.966
148.709
154.489
157.603
140.241
141.95
119.572
116.042
116.008
106.752
81.3385
72.3889
77.1643
82.0644
85.0628
87.6279
68.8696
70.6159
63.7576
61.3296
59.24
49.5375
35.7194
39.3187
43.0221
46.9049
44.6329
23.478
6.30144
5.25056
8.58803
11.5213
19.4843
33.4808
30.249
35.3619
32.5068
36.4872
31.779
12.9405
-7.42121
-22.3999
-13.945
3.19079
14.542
22.7432
24.2418
58.7776
62.5645
59.7074
24.0857
-2.16648
-12.1039
0.580209
4.411
10.2353
15.6644
38.8824
53.3543
67.5275
50.4248
49.4829
27.3948
7.31491
1.80935
12.4777
30.4099
43.2128
33.7235
17.2524
29.7875
48.8309
45.9581
52.3451
17.5968
-8.91813
18.7216
47.4052
79.2174
90.2233
52.674
38.0276
26.146
13.0698
6.94474
20.5854
-2.96797
9.87422
34.7348
47.7392
75.7319
82.6693
57.239
54.6031
41.8652
40.8605
52.3005
60.8049
49.7496
36.8886
69.0036
106.988
139.354
157.245
131.393
128.92
144.385
133.459
129.105
135.139
149.093
147.036
169.861
180.728
171.862
175.081
176.153
186.038
182.289
183.457
182.676
186.748
199.794
209.866
205.31
191.939
163.078
145.654
137.498
144.815
138.07
137.562
143.668
157.164
154.472
163.477
154.499
136.658
110.388
95.4075
94.1297
91.3842
98.7266
94.7719
65.8867
57.15
59.542
90.2062
80.145
69.1598
65.4521
55.4986
74.6253
82.1446
74.2684
55.5631
26.136
17.2437
4.01291
7.60546
4.0135
1.78238
30.9777
49.5518
65.9013
72.0844
50.797
22.9826
6.54925
4.37489
7.0619
13.9581
24.9719
7.17114
14.404
34.3827
48.0112
63.3184
47.4323
13.0953
10.5555
11.5859
38.8324
36.8353
32.2351
20.0431
31.7991
42.5776
18.28
5.57789
14.9239
7.21972
48.0586
64.3569
64.4779
60.9045
59.6082
61.2902
67.8581
66.561
47.4253
43.0152
49.3784
34.3951
58.7606
86.6266
66.7134
56.9986
34.8986
39.4644
66.828
86.6109
62.5234
81.5316
72.2483
87.0345
94.2577
127.542
87.7897
110.079
70.236
104.028
119.929
100.445
100.538
96.1199
28.4696
79.5872
1.42332
85.5879
52.8792
127.056
138.793
145.936
153.746
144.739
123.814
143.025
133.089
137.271
96.2434
185.968
168.628
193.089
168.501
168.201
174.695
184.435
195.619
197.979
160.704
187.385
175.484
189.382
189.141
207.9
201.245
189.628
181.341
175.225
186.486
188.639
171.326
165.234
159.113
182.293
176.772
175.671
162.687
140.386
126.477
136.717
155.006
143.095
126.467
121.74
131.865
124.783
122.558
110.119
68.449
77.051
72.0026
93.1885
105.416
118.199
112.222
86.3023
82.1297
67.1495
66.8738
58.7735
24.6618
29.4592
25.5335
63.4732
58.3192
77.347
56.1697
51.0938
70.2224
52.5551
71.4114
70.3773
47.5444
43.6359
35.9444
25.0001
19.0366
42.7166
11.9955
3.44031
11.7628
35.6557
77.9183
105.961
107.782
79.1525
60.4557
33.505
1.19868
-2.45402
-10.0498
-12.7436
13.9099
16.4424
22.5707
28.8295
57.7915
88.0092
99.6585
83.2309
81.1779
68.5482
58.473
46.9907
19.9359
-1.21531
11.4853
-20.2123
2.0405
19.8939
69.8025
123.051
151.627
147.328
127.432
123.185
98.4672
63.9472
17.9575
-25.2244
10.8555
72.1384
119.119
142.464
176.063
168.86
154.85
162.28
96.1228
74.3751
39.377
15.9576
35.3784
102.427
148.733
182.758
155.979
118.73
148.311
158.221
181.148
181.541
177.967
191.511
188.682
208.32
231.708
217.632
202.717
168.834
173.276
181.591
197.147
211.961
205.374
201.314
208.506
203.254
202.872
187.42
176.391
159.295
171.302
160.999
187.597
196.5
177.55
157.694
154.784
153.815
158.845
151.385
137.833
131.681
134.916
131.737
141.773
125.895
104.049
96.8345
94.8365
83.6348
93.4634
87.34
76.201
74.9823
82.5358
84.274
74.7062
66.1366
31.7471
23.6102
30.1476
17.577
46.3628
37.7956
43.3475
37.4906
44.9866
58.3644
42.6243
41.5173
-2.47324
-22.1355
2.2118
2.17178
25.104
11.1426
37.6176
41.9708
57.3295
59.2908
33.7419
19.3833
-13.8481
-15.7952
-13.0625
-6.81052
21.9836
35.1925
46.9259
53.0647
61.6026
74.1651
41.2491
29.761
8.23898
-8.43853
-8.24383
19.7004
6.79085
35.4
53.3033
44.8043
28.292
51.058
33.2391
50.4911
70.3696
64.7568
39.171
47.7569
14.6935
53.9039
54.6175
37.9584
9.51225
32.908
40.911
65.534
103.129
85.4124
80.8243
116.111
46.7443
71.8043
50.1836
21.9163
-0.856645
26.3605
55.0834
98.0935
144.877
118.999
72.6135
84.7088
51.8294
99.1458
89.5891
52.5413
26.366
28.1355
53.8469
88.8737
132.311
164.755
140.159
86.9934
58.5775
50.2826
137.934
154.616
159.297
127.752
128.543
133.084
107.096
132.375
164.229
163.441
184.415
171.431
215.346
208.41
218.809
182.629
171.398
184.355
182.382
209.492
198.777
182.921
191.9
185.298
211.835
199.009
203.983
186.123
182.344
178.909
157.776
170.081
176.643
173.968
182.012
173.037
158.899
144.136
150.928
132.881
134.266
138.021
140.794
142.23
127.093
112.225
114.511
106
103.614
103.573
105.348
80.0486
94.8591
93.3618
75.6996
81.7696
83.1944
92.3868
89.0279
63.5942
33.9258
45.438
65.0553
67.4191
63.3486
79.3966
65.2842
56.5006
32.2823
41.8695
65.4393
94.6647
75.7765
66.779
38.7731
29.6887
42.5714
50.7988
18.594
40.2083
33.3218
69.7676
61.07
81.0224
62.6912
79.7099
75.9564
61.1794
69.0342
33.2585
43.8116
19.6252
0.0833234
19.4855
38.3804
101.495
73.6638
68.4945
42.4725
36.1977
82.9943
91.9777
127.468
64.8365
62.4443
30.3262
13.0142
15.2391
8.21658
44.9048
48.2047
60.0589
86.174
111.67
146.556
137.157
145.783
85.4331
61.7304
68.4966
65.6329
35.1867
39.1533
34.6476
80.9535
126.522
178.629
210.888
189.463
135.508
116.998
68.7204
80.2599
118.353
165.204
113.368
167.535
145.443
186.213
184.172
146.953
135.672
143.674
175.332
243.458
244.071
212.385
220.431
235.763
224.645
254.849
254.759
245.13
233.928
219.73
196.826
179.439
188.629
187.828
204.092
213.515
208.357
225.675
222.71
218.095
206.314
187.194
186.675
183.282
170.285
168.633
157.121
180.883
184.914
198.079
173.971
166.418
179.94
164.782
155.114
153.744
141.557
144.481
118.408
123.355
86.03
86.7498
86.5811
94.5828
115.694
124.458
139.232
129.408
91.0689
85.3951
59.9379
56.7997
45.516
43.9274
23.7789
30.0378
40.4908
76.3705
