21.4133
22.4006
19.2037
17.2801
16.2466
16.292
17.5541
17.6171
19.3555
19.7595
19.5187
18.2824
19.5936
21.4664
20.8799
16.4037
14.1855
18.1506
19.4093
18.1693
16.4953
17.7737
16.95
12.2968
12.4972
12.9452
16.7378
17.0757
17.9805
17.4252
18.2499
17.2576
17.4515
16.4536
15.3414
16.4911
16.8996
19.7464
18.6087
13.4827
12.6181
14.419
16.5336
15.1405
15.7614
18.2538
20.2354
16.6299
13.541
15.1721
18.4729
21.1249
18.0464
17.8201
18.0585
19.3107
19.2753
15.716
14.3737
18.0479
17.3873
14.0392
15.9589
17.8677
20.344
14.9035
11.272
13.2735
12.3477
10.9076
11.7743
18.2885
19.6654
14.3775
7.13805
8.69204
10.5063
10.89
11.8691
14.7786
20.0805
17.2279
13.6738
9.5161
11.3983
15.4593
11.9889
9.25925
11.9733
18.5482
17.694
11.7603
8.61376
8.65271
9.68887
10.3231
14.717
14.7493
17.8439
13.3589
11.3817
9.85369
3.09081
1.91963
3.12234
9.64717
18.0947
18.2069
12.4387
11.1215
9.50272
7.87998
7.39934
13.2716
22.5904
25.225
19.0225
14.6375
13.9719
13.0514
6.72959
8.6955
14.1215
13.4046
14.5906
16.8104
12.451
6.17294
2.11045
2.76051
9.45764
15.4494
14.3414
11.5641
10.2563
8.56119
9.05502
8.14804
8.17907
13.7478
16.0608
7.77605
-0.42116
0.509118
7.06335
8.46524
8.47813
12.7489
18.0361
13.3509
8.20144
7.88664
9.27354
7.25697
8.88441
11.6426
16.2517
13.1468
13.5143
9.35476
3.35806
-2.99348
-0.0296014
9.54793
20.8342
20.8643
13.8523
6.39846
-0.868588
1.11571
6.59278
11.0296
10.0525
12.5478
16.4324
14.226
4.01898
2.32226
9.01341
17.0349
16.7399
18.37
19.6067
20.3366
16.1813
10.206
5.77382
4.64317
9.91388
16.5135
10.0014
2.9105
2.13319
5.03511
8.685
7.84821
8.68189
11.2114
15.5022
19.2715
16.8865
6.24644
0.714621
2.5808
9.59265
11.7202
12.1632
13.1348
12.392
7.60993
7.50906
10.5826
19.2303
30.3706
28.801
20.1667
13.6941
11.5403
13.3046
16.3936
20.8556
21.6389
19.5516
16.8628
16.4654
20.2457
19.2654
10.5241
9.01706
17.8463
19.0044
19.0294
16.2012
14.9119
10.841
2.55921
6.64744
13.2458
17.913
25.2325
27.3633
18.6993
17.5766
19.7999
16.2837
14.5561
20.8241
26.7183
20.9513
16.7297
13.6395
14.1949
11.4091
12.9615
20.098
25.4537
26.4425
29.6388
28.9319
20.3964
16.9011
20.5805
24.3656
19.1418
14.7635
20.4192
25.2533
25.2979
13.9632
13.577
18.2861
21.3461
20.0633
24.2284
25.1309
24.1402
26.8803
20.4159
17.1736
17.7883
21.16
17.2244
11.4303
13.3527
17.3251
18.988
16.6905
18.9146
17.4522
10.3168
6.25972
11.2364
24.9335
26.0218
21.6502
12.8929
15.0507
14.8368
7.8666
5.53213
13.5227
25.1276
24.4995
15.5151
11.1021
14.9797
17.1247
15.4345
12.2534
18.567
26.1927
26.6213
22.3
17.8797
15.3677
16.9477
16.3172
17.1764
20.7946
25.5271
26.5482
19.2017
13.2248
12.7544
12.768
18.2447
17.1628
20.7314
23.8109
20.244
17.0939
21.7034
21.7679
16.49
15.1773
20.0239
21.7238
16.9885
13.0473
14.8233
15.3422
16.6233
15.8622
19.0604
22.7099
24.011
21.2822
18.1105
17.9965
19.813
22.3211
21.2927
19.418
20.4014
20.5148
16.4442
10.1492
10.1868
15.6294
19.0312
22.2778
21.6256
19.9452
16.552
13.5435
16.1181
16.6323
14.512
18.1795
19.6667
15.7054
14.8168
12.7304
12.0064
12.847
13.3475
14.6379
12.0828
17.0406
22.6185
19.6206
16.971
16.8754
17.9875
17.2156
17.2741
17.6791
16.327
14.4948
15.4765
15.9224
16.8778
17.217
15.3897
18.5939
18.7988
17.1444
18.8952
21.3448
21.9962
20.0238
16.7992
16.2446
15.2299
14.8863
17.2837
18.5794
17.853
18.8976
16.61
12.5383
11.8889
14.6425
18.6688
16.5287
15.6072
16.0835
16.0154
14.8395
13.8913
11.1759
14.5023
17.7932
16.1702
16.3858
14.5671
11.4238
10.55
12.0238
15.5841
16.2903
16.4984
17.4781
16.1112
13.5537
14.6989
18.723
21.5416
21.9966
19.1873
17.6017
12.4101
11.7438
16.852
17.3143
16.2072
17.2976
17.2673
16.936
13.7809
11.9565
12.4546
13.9097
16.5416
16.5247
13.4697
15.061
16.0389
13.5713
12.1119
9.79836
15.7468
19.9147
19.1588
17.8208
13.2375
12.2665
13.6118
13.094
15.1837
15.5785
14.502
13.6252
13.017
11.1847
12.4391
12.6995
14.9093
14.505
14.8707
12.5202
8.60934
6.9424
7.47438
6.51123
6.07063
7.27358
10.7676
5.0978
3.44883
4.67371
6.1405
5.21751
7.54812
6.75613
6.68106
5.88908
10.9213
13.192
9.77246
7.61253
6.36809
7.8278
9.02742
6.4738
6.39042
8.73202
9.84316
8.11923
7.6531
13.0179
15.1372
13.5849
10.481
11.29
16.1494
17.455
14.5258
12.1112
13.4269
17.9536
16.2128
6.48011
4.58086
12.1189
19.3289
17.0737
13.8862
18.3614
21.6696
19.9466
15.7051
10.5289
13.2495
13.2893
8.39674
5.86788
8.53183
11.3735
9.79136
5.13894
6.43099
10.5663
16.305
13.0347
5.43676
7.53692
12.2899
9.48916
10.5058
14.4046
13.3212
7.0707
-2.24864
1.33217
9.26894
14.9887
15.9563
11.5943
11.9358
16.2586
14.7762
13.0458
10.7915
15.1157
15.5507
9.47217
5.57461
12.4274
16.2966
12.8576
8.44745
10.3702
17.9835
16.3015
11.6443
9.48539
10.3702
9.86768
12.7379
18.2732
18.031
18.733
16.9862
13.5284
13.0036
17.3334
20.7951
20.117
16.5343
19.6788
18.6598
19.0329
19.5298
19.5644
11.0647
14.0857
18.0985
23.2054
19.9101
14.2624
13.5065
16.1431
12.8807
9.30342
15.4562
18.6758
16.128
15.5974
18.5866
18.3099
18.8177
18.2052
18.9445
13.8566
10.9196
12.9672
16.8995
20.4625
28.0166
25.2016
12.9082
12.3421
21.1054
27.7701
23.7668
24.0195
27.9451
23.9842
11.7209
10.1066
13.9953
20.0716
19.4615
19.7692
21.711
22.5109
15.0507
12.6889
12.7475
13.964
16.0497
19.1795
21.733
19.5167
16.0077
14.757
12.7282
15.032
20.8154
18.4517
15.3579
20.0566
21.5436
13.5355
6.05703
8.7197
16.4966
15.9726
13.9115
17.865
22.3046
19.2546
13.1274
12.2291
17.098
15.905
16.1246
18.7185
18.5504
18.6594
16.4328
15.6078
15.4236
14.4842
15.8135
18.7649
17.8677
18.7717
17.9049
14.2001
14.9144
18.4004
22.2654
16.0328
15.7709
24.2481
24.599
18.1602
13.8591
16.7199
21.7973
16.1619
13.9451
15.8116
17.6071
18.0864
20.4444
19.3647
18.9877
17.0942
20.8208
22.6458
20.8053
19.696
17.2798
15.7725
14.9882
16.8292
20.803
17.3407
18.4028
20.2819
19.3478
15.1201
17.2676
19.6209
19.1571
13.8028
13.0592
14.1502
11.9716
12.2431
15.4256
20.1408
18.5758
17.329
19.4995
19.1176
17.0501
19.3314
20.7731
21.5752
19.3197
16.4469
16.2149
17.8362
16.3554
16.9625
17.6856
17.3017
17.6104
17.108
17.7579
20.3314
20.8852
17.2978
16.1519
14.698
18.6149
19.7556
15.2773
12.8779
15.8481
16.3067
15.5541
14.9374
15.3472
16.4211
12.9109
13.3158
16.3977
20.7025
21.0865
20.5072
19.4631
18.777
15.1697
12.3308
13.5858
18.9059
21.1507
14.9332
10.9772
11.8131
13.5205
15.8454
12.475
12.3305
18.0251
21.2518
15.0442
10.9116
9.9747
13.4034
10.4094
8.65817
13.4387
14.6306
13.8736
12.2061
9.29875
11.0204
11.6169
13.5566
14.7755
13.8352
15.0089
15.2451
9.56566
9.6841
13.628
15.4614
13.2746
11.2827
15.4763
17.3073
14.4098
9.9581
10.2087
15.954
15.7563
13.6387
14.5357
17.536
19.4495
20.1177
15.0318
12.7321
12.7528
14.7093
15.6628
14.3821
13.7246
12.381
7.85176
6.95343
12.0801
15.968
15.8375
14.0297
12.8805
13.8432
11.9911
10.7999
9.83904
9.12117
7.4133
9.56326
11.9663
12.4176
9.25199
7.00469
7.42776
9.04204
15.5272
18.6822
17.8948
14.6221
9.42118
5.77533
8.18489
12.9746
16.5535
15.1047
11.0884
9.59109
9.85815
7.85039
9.47907
9.57173
12.2723
11.4216
12.8485
12.4774
12.1463
8.59794
5.77746
7.29245
13.211
15.3499
14.3615
11.3231
13.5122
13.9346
8.29376
3.69566
7.45839
15.1825
19.2994
15.1437
11.4915
12.808
11.4598
10.9099
14.2223
17.9083
21.6756
16.7278
9.92258
6.50167
4.75618
7.02228
10.778
11.5356
10.5015
8.70038
5.79539
4.58067
4.97426
5.16314
6.86388
9.33406
13.9467
17.7613
16.5286
9.71555
1.83565
3.57728
7.12401
11.6336
10.6878
15.879
18.8824
18.9256
12.0243
12.1586
15.378
18.5707
18.0472
18.7402
23.8038
24.8297
20.7896
16.4889
15.9146
10.4401
8.80476
11.5375
15.8426
14.4908
20.2546
17.7131
13.0289
9.9344
9.30856
12.2112
12.0332
15.1061
20.2072
20.4266
13.8668
8.99292
8.17987
15.7372
14.6946
13.7327
12.9464
15.0412
15.922
9.06452
5.15498
12.0713
8.67331
16.0999
24.0162
20.9015
17.487
12.1559
7.89161
9.96108
15.8098
15.1047
16.8019
16.3151
13.4469
7.56893
10.3156
11.5094
11.3376
14.668
19.6885
20.6164
18.356
19.436
22.5768
19.0335
13.8108
16.546
24.5209
24.574
22.5485
23.9624
23.0089
21.6955
20.599
17.9522
18.6984
17.6013
19.3103
22.9488
21.0221
17.8597
21.0185
22.525
22.2025
15.7086
16.2192
18.7751
14.7115
14.3029
18.7582
17.4828
9.73117
6.52461
10.3408
16.0007
15.063
17.1375
16.8813
17.8825
18.0968
13.1723
13.416
16.2644
18.6974
18.2545
17.1989
16.4768
16.177
13.7296
13.7509
16.8476
17.712
22.1641
25.2294
24.0163
24.7167
17.4864
13.9396
12.2477
20.2844
23.6122
17.3064
11.5208
13.2893
15.7836
15.578
15.2971
12.3007
18.8001
22.2051
20.5011
21.5851
22.0546
23.5355
18.5456
18.495
23.7279
20.2656
16.9882
15.9269
19.4136
15.1191
11.9684
13.9112
21.7177
21.7814
15.8395
16.134
17.7219
24.9274
21.9424
20.4653
15.8749
14.4183
15.4296
15.5808
13.5742
13.4024
14.8901
16.2063
15.0552
15.1835
12.3212
15.6448
18.4327
24.9222
27.4395
23.2049
16.7758
16.026
18.5194
13.235
9.55755
12.1695
27.0761
25.7609
18.3033
11.811
11.102
13.5662
13.4446
19.821
23.1234
26.0848
20.0742
16.2319
9.4268
11.3478
12.7469
13.0984
14.534
18.7334
18.2061
15.8278
12.3436
14.8049
13.7291
14.6829
15.4429
18.2281
18.511
16.9561
15.9258
14.8358
16.832
10.2968
12.4286
11.5949
16.4716
18.1995
19.5695
16.3198
13.398
15.5832
19.7069
17.6571
16.26
17.463
19.3838
18.4577
15.4513
15.2845
16.3827
14.6326
15.595
16.6638
14.1995
16.1368
17.5135
17.8193
16.8567
17.5115
18.3961
15.3543
13.2873
15.6647
17.2343
16.4599
17.1951
17.095
16.8994
14.1908
14.8554
17.1532
17.6729
18.3901
19.3341
18.1879
19.0359
16.4347
14.4463
14.6084
16.7132
18.4612
18.3257
16.0879
17.5552
15.2348
13.9968
13.5552
13.3438
18.3768
16.8603
12.9011
13.836
14.6542
11.5434
12.0614
14.5243
19.8106
19.936
16.5616
15.0896
11.6204
9.89349
11.7449
11.445
13.4352
15.9605
13.8097
8.83671
7.272
8.93293
9.95293
10.0183
14.4825
19.8972
18.15
16.3666
14.5042
14.5393
16.7052
15.5651
12.6558
14.3797
18.6677
19.8543
18.4717
17.0525
14.7723
12.4585
14.5091
15.3285
16.0601
18.3848
17.7895
15.0767
13.536
11.2066
9.81487
6.92742
5.91633
11.2798
13.7763
11.3644
9.24339
10.0193
10.2756
11.7952
11.4936
11.4288
13.8768
12.7933
9.55864
7.62291
7.47979
8.43517
9.84686
9.80848
9.03901
7.93152
5.44856
7.80902
7.91566
9.63588
8.14694
7.93194
5.783
6.1184
6.02903
2.49498
-0.0140481
4.30195
11.0882
8.36162
6.7398
9.66007
13.4906
17.5133
13.7384
12.651
16.574
18.9879
12.0095
8.73088
7.00359
8.74228
9.96979
12.2768
17.7374
15.2387
10.1945
5.81317
8.30973
15.8721
19.3613
16.4563
8.82428
7.76475
10.1433
3.74274
-3.43409
1.15157
9.43893
10.0517
8.69336
10.3796
13.4657
11.8798
11.768
16.3102
20.4038
18.7935
19.4232
19.3327
16.9725
12.1249
10.285
7.51179
6.73398
6.12872
9.46673
16.4118
15.9728
18.0155
20.1595
16.8138
19.1444
20.6276
21.6156
18.7738
18.4831
15.0268
15.4456
12.5401
14.7505
19.1345
13.9216
4.43746
5.78439
21.3584
27.0601
17.2829
15.6533
19.5374
20.2192
11.0961
11.9749
17.3076
17.3138
13.7773
9.38656
9.15931
6.12558
9.7225
10.593
15.377
17.5695
17.2007
15.769
13.6042
13.2985
16.2565
18.6639
18.497
22.2674
25.7721
21.4749
15.5088
12.1822
15.531
19.2299
18.9354
22.2841
25.8138
26.5046
18.8982
18.405
18.9558
14.2507
16.7158
24.0892
25.1123
22.1888
20.6818
18.9917
16.8059
14.5353
10.0764
14.5954
19.6551
23.6835
19.6243
15.2161
14.0096
17.2945
15.0567
11.9576
16.9216
22.1821
22.7636
23.7211
21.7382
16.8752
13.6925
17.3353
17.5351
17.3956
20.2205
19.6477
17.17
18.639
22.2779
19.2831
17.9518
19.4068
21.7359
19.2334
16.6797
16.8907
17.3489
16.8361
17.1025
21.0088
16.231
14.9274
16.0047
17.9885
19.1567
21.4372
20.3076
20.0538
18.8778
15.4076
16.3118
21.5196
24.1906
18.8303
16.942
15.5174
19.5058
22.8222
23.0027
18.2516
14.9043
14.2118
19.3092
17.6083
19.5784
18.1926
12.7772
11.7323
16.0595
14.4036
15.0467
16.0685
20.1358
17.2964
14.7269
16.4488
16.0343
15.2178
20.4968
22.1568
19.6944
19.5791
16.9712
16.8879
15.1867
16.4557
18.3581
15.5318
15.4304
17.6816
20.348
20.4252
18.3253
16.5966
14.7533
12.5088
13.8114
15.4236
17.28
16.0332
12.93
13.6483
16.4351
15.4615
16.5884
15.7644
16.4948
15.9078
20.0427
20.48
18.271
14.7173
14.9514
15.1799
15.751
15.2624
15.1143
15.6087
17.9041
16.7811
15.0909
15.5419
14.7819
14.1776
13.3918
14.6331
15.8343
14.3885
12.7977
13.0505
12.5693
12.7681
11.0125
11.9079
16.3201
17.4139
15.1611
13.9112
14.5273
15.568
16.0754
17.0312
17.0245
17.6535
19.0821
16.6292
12.4105
12.0009
14.4293
15.9453
15.5121
14.8775
16.5356
15.3665
15.8002
17.2985
16.7119
16.8113
19.6168
19.6451
19.8907
15.506
9.83574
10.7294
13.827
15.8597
16.9583
15.9815
14.2266
12.6836
12.5887
15.9672
17.1438
19.5508
22.4153
19.9705
15.8188
13.3246
12.7149
13.8775
12.1621
12.553
11.8774
10.7074
12.6404
16.4351
13.2542
11.5356
13.678
16.1947
15.9834
16.0694
18.2982
18.6617
15.8715
9.21812
6.89749
8.21858
8.69421
11.6544
13.5157
12.6212
11.3574
9.82606
10.9288
15.5233
14.1398
13.409
17.6252
19.67
13.9495
11.945
11.516
13.653
13.3723
13.8584
13.8999
14.7261
12.4718
15.491
19.0102
13.0919
10.8946
13.4039
15.5388
12.1614
10.1548
10.1023
10.8224
8.07355
7.06561
13.1571
12.8409
12.8246
12.0387
11.9581
6.8584
4.85949
11.4079
16.3156
13.3984
7.83814
7.76588
9.82634
6.13296
5.12427
6.98321
12.1711
10.9816
14.6376
13.712
11.1847
3.73349
3.93948
11.66
9.89381
11.3051
11.6273
8.46199
8.39818
9.726
7.87513
8.69403
11.6507
11.4008
12.8646
14.6208
14.9703
9.71075
10.955
17.2968
13.7816
11.447
12.4156
16.8982
14.1784
11.1318
13.2378
15.5953
12.214
10.9205
11.241
15.5327
13.4253
11.6139
9.88684
9.19091
9.11808
12.8427
14.7453
14.1382
9.55358
9.9961
13.9618
11.7651
11.9026
13.5551
16.844
14.9809
8.6966
6.02975
4.31371
4.3583
7.71594
16.2337
16.5556
11.6362
9.15046
5.74115
5.79138
10.6116
18.2435
19.9673
17.0861
13.0554
14.3949
13.2222
7.72247
7.26745
11.2251
14.6111
12.9458
14.1153
22.0368
26.734
20.1665
9.75244
14.2427
24.8037
26.8893
23.0375
21.2251
19.0005
15.1621
10.3662
7.42443
6.59075
13.6344
24.3508
22.4942
20.5277
21.9687
22.4797
19.1123
18.5948
21.775
24.8904
19.2568
14.7423
13.0347
13.3288
8.46685
2.56022
7.81084
20.4137
22.5236
19.6488
12.8263
14.4789
16.9053
20.2967
16.7284
17.2071
21.1336
22.0742
13.6688
11.065
14.3391
18.1658
19.5217
14.1251
18.6792
25.1285
25.5518
24.3774
20.5861
17.8804
16.2938
17.8441
20.3858
24.1342
20.687
16.9346
15.7769
17.356
18.1089
17.8264
14.0552
15.7124
22.128
21.0407
10.928
11.6665
15.955
21.1936
18.2314
15.9676
16.1714
18.3095
17.5398
17.6201
20.0874
20.8285
18.5872
16.2775
21.9184
22.1624
16.0023
11.9446
12.6808
15.62
14.6761
14.5691
19.5755
23.3985
20.8237
16.6473
13.616
18.2719
21.9104
18.4994
16.7527
15.5291
20.026
19.961
9.69601
5.19004
5.95943
15.2038
20.3194
18.3176
18.2184
19.4311
15.0558
16.6346
22.3594
22.3233
21.0355
15.5384
15.5977
20.3691
17.4462
14.5026
13.2188
16.266
19.0218
22.5822
22.2126
23.6845
21.6431
19.3575
17.5607
15.9176
17.058
19.3208
18.8107
16.7086
12.3231
11.612
10.5425
13.1269
10.5422
12.0788
15.7662
20.2548
20.8081
18.3993
16.4918
13.8776
17.5727
15.6371
13.9631
14.8381
17.0186
19.6319
19.8118
16.6263
14.9297
13.6219
13.7884
17.089
17.7036
16.7684
15.5467
14.6738
17.4596
16.0648
13.4287
10.2299
10.2932
16.8269
17.8719
15.6463
12.8166
14.4302
16.8711
15.8461
13.6536
16.9022
17.4898
18.1343
16.0329
15.1045
14.5207
16.502
21.327
21.0826
16.6275
14.5557
15.5866
18.3129
16.2974
11.8886
9.46254
13.1226
14.323
15.2621
15.3141
14.199
11.4995
12.3755
12.8771
12.5919
15.7044
18.607
19.4182
13.5798
11.5527
12.671
11.9755
14.6523
17.041
14.1341
10.5606
11.6703
17.845
19.2183
18.01
15.7717
15.9628
16.951
18.0617
19.9469
18.451
19.1173
16.4047
12.28
9.92259
10.7431
14.176
16.0914
14.5907
15.5171
14.0883
13.1359
16.269
17.6495
14.9116
12.4898
10.2831
14.3922
14.7065
11.8712
6.0658
2.50987
7.67046
10.4877
11.7484
14.1881
16.8881
17.6526
16.8611
12.5675
12.4834
13.3487
16.3839
14.4005
13.4144
12.1122
14.078
13.742
13.5335
13.4635
9.122
7.82999
14.337
19.5792
21.6988
19.9067
15.7686
11.2966
9.93934
9.31725
14.2568
15.3569
19.341
20.8275
14.7414
8.22925
3.46582
7.31506
11.0007
12.605
12.5587
11.7937
11.2441
11.3784
10.2544
9.67074
9.39189
13.4002
18.2766
16.8699
9.55209
6.72082
4.43583
8.49668
9.29887
9.93944
8.09945
7.91009
9.83834
9.59028
10.4312
12.6982
13.3079
17.0082
20.8652
19.6862
16.7861
14.4098
8.58462
6.54551
9.6537
11.8582
12.0617
11.9363
12.0909
7.58428
6.89654
8.75501
11.5623
9.54503
9.10518
10.5142
13.1233
14.7421
11.0984
5.48513
5.28168
10.2383
12.2864
9.31812
10.6506
16.8637
16.343
12.2982
9.29685
7.2795
7.75546
8.47754
9.4455
14.4648
16.1955
20.422
18.1339
17.2377
12.9551
9.64013
13.1102
22.1759
22.9325
17.1963
11.4466
8.85043
13.5031
15.3675
5.94865
-1.08239
7.32201
19.885
17.087
14.1305
11.9094
15.5409
13.2615
8.6487
11.0468
14.7856
11.8869
13.6709
19.1106
19.3185
11.7364
9.99596
14.0604
16.7229
14.5792
12.5883
12.6902
17.0619
21.3971
19.1419
15.7007
16.4809
23.1492
23.516
18.9084
15.5322
19.763
23.7645
22.32
24.247
21.847
17.5091
15.8256
15.1769
17.3048
23.0335
21.8216
23.0167
22.4509
18.0851
13.8348
14.6996
17.3872
19.0941
18.6898
20.0648
20.2125
23.4955
23.128
17.1245
14.6928
16.0258
17.2124
16.1442
14.4046
16.0446
16.6788
11.603
14.7531
15.7337
15.9487
14.9751
18.4381
27.5096
26.8056
21.2175
17.2883
18.2411
17.632
15.4465
14.0432
17.5025
18.6819
16.442
16.9754
14.1167
18.7913
23.1327
25.1131
26.1308
27.0276
28.9042
26.3776
21.5729
19.5925
19.5435
19.3541
15.4323
17.2824
21.4299
20.4515
12.9601
12.0135
15.8708
15.8943
15.8632
14.761
22.5106
22.0968
18.7796
12.9822
12.7487
10.504
9.88577
8.07957
9.97269
13.2454
19.7972
18.6729
13.5057
13.0294
12.4068
11.9933
18.5073
27.3656
29.592
28.9835
20.8955
20.3999
17.9237
16.9342
14.4777
15.0284
17.7731
24.3198
22.4006
15.1167
11.2052
13.7357
16.0297
17.9696
25.6877
26.7401
24.8373
19.0195
14.8907
13.9504
15.0916
13.6993
15.6517
17.1835
18.7561
17.2922
14.7579
15.0064
13.6901
12.2774
13.9312
16.0806
16.3754
16.6331
17.0296
15.5693
11.4286
15.799
15.7334
14.0349
14.2365
19.9881
19.874
19.3724
16.4677
14.8028
13.5846
12.8368
14.9567
16.251
16.2095
15.7705
18.3391
20.6989
19.3778
16.6711
16.6061
18.0171
18.6489
17.6916
14.6874
13.3232
11.8906
12.0771
15.9864
14.9446
12.6678
13.176
17.4683
19.6871
20.3334
21.4993
22.7001
20.213
18.8889
18.9964
16.1379
14.1538
15.5203
18.553
16.3648
13.3222
12.8436
13.8885
14.7294
18.0259
18.9332
19.2841
19.2508
15.5769
12.2545
10.9381
10.4219
12.3543
12.7418
10.0501
9.64905
10.6785
13.2476
11.8366
10.4475
12.3148
15.7617
17.745
17.3303
14.1609
11.7332
10.4116
11.4801
13.3568
11.7928
13.6617
14.6575
13.0118
12.9598
13.926
12.4938
13.9341
16.6257
18.038
14.6769
13.5206
11.8063
12.8939
15.417
16.3791
16.5916
17.6789
15.7571
13.7691
13.9573
12.0394
12.6144
15.4272
17.2844
14.1193
11.4894
12.0999
13.1352
11.5974
11.0932
11.9544
14.9056
15.4431
15.1147
14.0799
12.8942
16.2736
17.5969
12.2124
10.9867
14.1658
15.6376
15.7294
16.9005
13.64
10.2473
7.76234
8.83189
11.1468
15.8052
17.2612
14.2911
13.1463
11.9506
10.8297
6.95541
6.13958
8.87175
10.0848
9.41287
9.12334
8.87468
8.85727
8.40491
6.37127
8.10154
14.1761
16.2621
16.2092
15.8936
17.4753
12.575
12.1351
15.0598
12.6329
11.3255
13.7541
16.5301
15.6299
11.4169
11.359
12.1588
12.5913
15.5966
15.4813
13.1846
13.6273
13.2463
11.7567
9.38006
7.84319
8.67785
7.68459
8.85124
9.7049
7.28527
6.27648
3.3966
4.97556
12.2122
11.5767
8.92235
10.6644
16.3303
16.8141
11.6717
6.57162
9.01777
10.8823
10.8889
14.0011
16.0493
16.8819
14.2054
6.34337
4.21312
6.45186
9.45772
12.4256
13.8586
16.8898
19.3491
16.74
9.55679
7.34702
9.4071
14.6394
15.743
16.3299
14.5432
10.8453
8.47644
3.81486
10.8465
20.5767
20.5116
19.1958
16.9678
18.8966
22.389
21.1515
16.358
17.8521
20.2136
18.6052
16.8007
15.4288
17.8971
14.301
14.2854
14.4354
16.1873
18.6507
17.059
17.2785
16.7598
17.0259
17.148
14.5105
11.9668
17.2081
21.1449
15.0644
12.584
12.5703
14.9279
14.933
14.5703
14.504
12.7405
13.1994
12.9149
18.2206
21.4079
21.1775
19.4641
19.8083
19.3591
19.3368
18.9187
16.1578
14.56
14.1824
15.9633
19.0492
15.0344
15.642
18.8515
12.9023
12.3158
21.7241
24.4963
22.6704
21.0948
17.7618
16.987
12.4584
14.0378
19.8285
20.9196
24.3472
18.4778
13.252
12.5531
12.6328
13.8999
16.5404
18.3836
22.5733
20.4011
16.386
18.0721
13.2804
17.4358
15.0883
15.9362
20.4746
19.1215
16.3323
17.3564
12.1757
12.5637
15.9851
16.482
18.5736
19.7033
18.173
17.8788
15.4601
19.7714
20.5049
15.9973
16.9767
20.2589
20.8897
12.2743
12.795
17.4631
20.2187
18.1236
22.288
20.6433
15.8413
12.7544
10.816
19.4778
22.8584
16.651
15.9439
17.7476
19.6117
20.9902
18.516
13.1117
13.5097
20.4161
23.6361
18.3668
17.1223
18.9756
14.257
13.7701
19.1697
22.562
21.4905
16.568
15.1573
15.9544
15.4899
15.907
18.1637
19.5707
18.4088
15.4913
13.2854
15.5561
18.7043
18.1307
13.6814
10.0812
14.9076
18.6681
21.5897
16.8312
12.3334
13.2129
16.8429
12.7699
15.8928
18.9577
20.0043
20.3474
19.5328
15.5822
12.9604
16.1964
21.5795
23.5616
22.5
18.8379
18.7366
18.7748
17.1766
16.6582
17.6917
17.9311
21.2275
22.1161
18.5218
12.7383
11.5567
15.174
18.9218
19.3784
19.5519
17.1779
14.8165
10.055
10.6722
11.3449
11.5775
13.6307
15.2915
16.4583
15.1378
13.0293
13.7346
15.7667
15.8936
14.5393
13.1547
17.5215
17.7268
14.9334
12.4613
9.55306
12.6218
17.7868
18.9548
17.193
16.6408
19.0775
18.4475
17.0464
17.0482
14.9167
15.1136
14.6708
13.0163
13.8802
13.3433
12.4088
13.1436
13.213
14.48
16.586
16.0375
18.3999
19.6485
19.1537
16.0781
14.2214
12.3267
11.8593
12.8894
11.6686
13.0747
13.5057
13.2651
11.5265
12.1318
14.1409
15.6441
16.8163
16.6126
14.705
15.258
18.0562
19.2439
15.3379
12.6292
12.2226
13.5216
10.4774
11.4853
12.2558
12.0166
12.2214
12.4701
14.59
15.5133
15.6657
14.335
13.9474
12.9205
11.2977
9.0422
7.10349
9.072
7.11744
4.71002
4.37113
4.47759
6.64745
8.43053
8.95646
9.50542
12.1459
11.5363
11.1614
11.5152
14.3733
14.1212
10.7115
8.82588
9.35583
8.92171
10.2451
8.06303
9.47743
12.7431
12.6301
9.86134
