6.93181
8.96555
10.2137
10.9092
12.0822
12.8734
13.564
12.2464
11.3828
9.05476
7.34816
4.11462
1.98728
4.29733
7.3145
9.4686
11.4432
12.1019
14.2073
14.5564
13.8878
10.3855
8.76202
6.36751
4.00877
6.6156
8.4408
9.98333
10.9744
11.9828
12.9458
12.2648
10.6017
7.37464
6.31375
5.8936
5.07694
6.26521
9.76497
12.3687
13.0805
14.7866
15.3759
15.5848
12.2812
8.9638
6.72732
4.2715
3.24235
3.47278
6.46184
8.66463
9.46186
10.8529
13.0973
14.7075
14.5998
11.2729
7.69261
5.77974
6.07953
7.99957
8.85121
10.6007
10.8978
11.828
12.411
12.6888
12.0588
10.7344
8.21278
5.61386
4.79066
5.77218
9.11612
11.3815
11.9197
11.992
11.7357
12.2833
11.6181
9.24447
5.54685
4.32774
4.34817
4.83533
7.48899
11.0073
13.6243
14.3993
13.9584
14.8504
14.2993
11.2841
7.22416
5.39223
4.08871
5.05208
7.03976
10.3333
10.8456
11.7355
12.3207
13.5097
12.8125
10.5199
7.09835
4.88886
4.38202
5.11267
8.97554
12.2434
12.4572
11.5571
11.6658
12.928
11.1568
9.71161
6.41898
4.24615
3.30798
4.6689
7.17163
9.9877
10.5878
11.6413
11.7093
12.3563
12.0193
11.0192
8.68939
7.00402
5.62748
6.60354
9.91475
12.1997
12.7353
14.4703
14.3661
12.498
12.1441
12.361
8.38927
3.62134
2.39673
3.04988
6.1199
9.70187
11.1396
12.7865
13.4561
13.0152
11.7541
11.6787
9.23341
5.25237
3.76529
5.89997
7.85233
9.6195
12.7796
14.2025
14.5171
12.5165
10.8451
8.46987
5.54377
4.91647
4.81914
8.36133
9.24186
10.9646
12.3566
13.767
13.7094
11.8552
10.1606
8.10622
5.75372
3.93466
3.64211
6.0183
7.75021
10.0569
10.625
11.7515
13.5494
13.8262
12.7323
11.4263
10.2013
7.21295
5.60425
6.3317
7.66541
9.81596
10.4653
11.8624
12.5374
12.6549
11.3763
11.9341
10.5808
7.01457
6.11445
7.44012
9.80852
10.8963
11.5216
13.4319
13.4675
12.4981
10.4304
9.77996
8.55115
5.2939
2.52873
4.2052
6.61055
8.34493
11.361
13.232
14.8113
13.7239
12.3631
9.98027
8.25981
6.69184
4.79805
6.35138
8.8415
11.2956
12.6293
12.8453
14.3324
14.0021
11.861
8.11757
6.17642
5.07329
4.84234
5.49772
8.76621
10.9859
11.6192
12.0021
13.6167
14.5319
13.5162
9.76611
6.79548
6.4185
5.2869
5.20285
7.82809
10.3388
11.3589
13.1636
14.0072
13.7527
13.1217
11.901
9.42003
7.06308
5.66919
6.30247
8.90888
10.5929
11.6291
11.9529
12.7629
11.9406
11.2343
10.5884
8.2066
4.44814
4.96639
6.97796
8.40463
10.3823
12.7433
13.1389
13.8673
14.1151
12.4963
10.3763
7.43406
4.1649
4.23432
6.12361
7.73831
8.70283
11.2128
14.0829
13.9227
13.7165
11.7259
10.1792
6.97406
4.44146
1.74868
3.89157
6.88219
9.16318
10.11
12.289
13.6926
12.7807
11.239
10.1447
7.26058
4.09402
5.04008
6.75682
9.25353
11.1745
12.1105
12.6375
13.1752
12.2004
9.77371
8.58649
6.77947
3.24587
2.81757
5.56593
7.7919
8.73076
10.8425
12.4647
12.9538
11.8101
11.717
11.8028
9.98259
8.00127
6.18372
6.85104
8.31015
9.66233
10.6648
12.6992
13.1363
12.0328
11.2636
9.96619
7.32487
6.51507
6.75773
7.83781
9.25602
10.792
12.7895
14.6814
15.2535
15.2894
13.4157
9.69171
5.77841
4.18831
4.50358
5.14825
7.03183
9.49854
11.545
12.9091
14.9384
14.8197
13.4941
12.0303
9.84362
6.06874
6.38453
8.07155
10.9523
11.2387
12.1798
12.486
12.8382
12.8822
12.2907
9.53094
5.64756
3.33786
3.07637
5.80502
6.61171
7.13114
10.4817
12.5922
13.8038
12.9295
11.6151
10.098
8.76391
6.57081
4.76376
7.07925
8.30518
9.98546
10.5212
10.6448
12.7765
13.4442
12.219
8.38843
5.91688
4.82636
5.82693
7.50197
8.39406
9.96224
10.0369
13.0471
14.1382
15.6514
12.9853
9.94725
6.50238
5.43526
5.2781
4.74251
8.27722
9.71859
10.7945
12.2528
14.0948
14.4098
14.5891
13.0727
8.78029
5.64309
4.43032
5.48206
8.38814
9.43368
10.4517
11.3036
12.3038
12.8952
12.9824
11.4903
7.95494
5.201
3.30719
3.57885
6.36584
9.45758
10.7061
11.9543
12.6515
12.8139
12.2835
11.2539
8.37204
5.90245
4.2693
5.58119
8.41219
10.5063
12.7745
14.1496
14.6628
13.6952
13.5002
11.1291
6.64505
3.00829
1.26631
2.87878
4.86401
6.38875
9.16969
10.6531
12.7415
13.966
13.3285
10.2543
7.76245
6.52211
6.17473
7.52536
9.38998
12.5798
14.1675
14.5026
14.8134
14.771
11.6886
7.60593
5.51262
2.78686
1.61378
2.51123
5.73786
7.99713
9.58411
12.0326
13.0359
13.2992
12.6015
12.4179
10.4775
7.18301
6.15244
6.87586
10.3273
11.601
11.755
12.3905
13.6483
14.1523
13.8248
11.3086
6.88068
3.02583
1.53997
3.24493
3.96237
6.99716
10.6234
12.7695
14.498
14.6627
13.6549
10.7989
7.36323
4.61425
2.66462
3.61398
6.76092
10.1913
11.9237
12.1102
12.758
13.3523
10.6733
8.30273
6.30071
4.29902
3.85801
6.4518
10.4401
12.1674
12.7363
12.938
13.1318
13.5753
10.9229
8.68844
6.19192
3.93468
2.66177
4.57365
8.8877
10.6196
11.6877
13.6259
14.5239
14.5609
13.2252
11.8515
9.28791
6.13694
4.14513
5.14082
8.70904
10.0685
11.6152
12.2758
13.6554
13.423
11.9545
9.77153
7.4972
5.19711
4.85581
5.64961
7.16898
10.0926
12.6357
13.4437
13.7301
13.6224
11.6986
10.5504
7.54298
4.31435
4.58028
5.74267
7.81246
10.5384
11.7168
13.1494
13.1042
12.7946
11.5246
10.7331
7.26953
4.69441
4.17987
6.40009
8.99704
10.3275
11.8938
13.3675
14.4041
13.1305
11.0266
10.0351
7.76738
5.19503
4.34272
5.15564
7.35631
8.97107
11.5118
13.3876
14.6312
15.3531
13.4667
10.9181
8.43578
6.41218
4.53709
6.07334
7.96863
8.29588
10.7699
13.2305
13.9487
13.2084
12.1288
10.2107
7.00935
3.85638
2.82952
6.36221
7.90126
9.24332
10.4945
11.8247
12.2834
12.9558
13.0172
10.6663
7.36505
4.32154
3.2428
5.86138
7.13357
8.5722
10.1759
11.9329
12.5421
12.2068
10.6633
9.6229
8.81673
6.65146
3.58312
4.44474
7.61319
10.9432
11.8006
13.3223
13.1804
12.2186
11.6146
10.3865
8.26853
6.38869
5.02525
6.10314
8.85969
10.9025
12.6567
13.8378
14.0278
13.9138
13.7078
10.4984
7.41169
5.567
4.76699
5.92015
7.43494
10.3764
12.9461
13.3609
13.3135
13.4579
13.8786
10.4178
8.00348
5.44435
5.01914
5.40738
7.46081
10.4101
12.4321
13.5586
14.2918
13.8616
12.045
10.7418
8.35754
5.31795
4.84407
4.93213
6.92958
8.55893
10.7899
11.6208
12.3816
12.689
12.1315
10.2042
6.77178
4.9173
4.36684
6.73746
8.08511
9.79631
12.6468
13.9704
14.2204
12.7162
12.6878
11.549
8.13702
4.98221
3.12652
6.21409
8.15226
10.7047
11.8688
13.2354
13.2415
12.0958
11.0922
9.62153
7.48964
4.48069
3.97552
6.44164
7.74901
10.166
13.6184
14.9437
14.6695
11.66
11.3263
10.899
8.37574
5.26761
3.88549
6.31916
6.79515
9.74733
11.9394
13.734
15.0561
14.1622
13.3784
11.411
9.1219
5.55202
5.64068
5.16171
4.68169
7.71807
11.5086
13.1887
14.2157
13.5002
11.3039
9.47414
5.76241
3.64902
2.82126
4.10181
6.26235
9.37299
11.7312
13.1341
13.5143
13.4396
12.7782
10.1923
6.23722
4.06792
4.57076
6.97425
8.41603
10.3475
12.9505
13.8056
12.3846
10.3983
10.351
8.5621
5.55504
2.69417
2.55603
4.39578
6.36471
10.0184
11.7384
13.3633
14.0489
15.069
13.7658
11.2632
9.31768
7.48627
6.26947
6.95144
7.24266
9.25961
9.99144
13.0294
12.9911
11.4877
11.8976
11.2904
8.02478
6.171
5.77718
6.76931
9.57744
11.186
12.0673
13.6575
14.0644
13.7905
13.0568
10.7632
7.71542
5.2614
4.24272
5.39802
6.14765
9.3537
12.6064
12.8016
13.5208
13.5239
12.8684
9.77903
7.36878
3.85158
4.18329
3.86722
5.43122
9.26191
11.2135
12.5766
13.2236
13.6542
12.1097
11.2572
9.01332
5.68713
5.23868
6.72922
8.62956
10.0945
11.6805
12.3279
12.216
11.2861
9.40692
8.76216
8.11473
4.96519
3.97783
5.95501
7.80056
9.73565
12.9774
14.9928
15.6567
14.6594
12.6604
11.2673
10.042
7.22934
4.5405
4.84368
7.37571
7.98282
9.75818
12.6592
13.699
13.6749
11.8516
9.08606
6.80819
5.61719
5.09715
6.85735
8.47684
9.81719
11.6356
13.4984
15.3635
15.8378
13.0795
8.65656
6.81858
5.54933
4.94191
5.06229
6.94725
9.86045
11.1031
11.8132
13.6595
14.1454
11.6629
9.09671
8.63143
5.79471
4.12884
5.81564
9.51866
10.4456
10.6211
11.098
12.4422
12.9225
12.7053
11.4811
9.05197
7.42806
6.67277
8.1682
10.3135
11.2558
11.8102
12.7326
12.9049
12.1272
10.8616
9.1667
6.16319
3.86133
1.60355
2.66134
5.64746
7.6592
10.5558
13.4866
14.9852
15.1688
14.2516
12.5247
9.70598
6.90268
5.80674
5.80382
7.24676
8.87369
11.5165
12.1821
11.8395
12.6695
12.4972
9.08031
5.94376
3.56525
3.50737
6.11709
7.73904
9.90821
12.1981
13.0457
13.5107
14.3358
