89033.4
99211.7
100794
92349.9
75654.6
56315.1
37182.9
21813.4
7493.72
1158.55
-408.104
3256.61
5553.1
14973.2
24181.8
30389.9
31240.8
33358.9
31731.3
33516.5
30442.3
45610.2
63826.7
69663.8
84680.2
80940.8
80355.3
73633.9
63843.8
55960.6
44529
29713.4
13409.1
8517.55
5815.74
8643.1
15147.3
22156.6
33208
32335.1
36608.2
36625.8
40281.1
45497
51174.6
64898.5
73120.3
87086
96134.5
98627.8
98137.8
87301.4
75628.3
59984.7
47383.8
32648.5
20626.8
12127.5
9280.33
12412.2
14956.9
23386.7
30417
36479
40448.2
39798.1
41273.8
42419.2
44437.6
50377
49591.2
52017.3
53058.9
52919.4
52777.5
48789.2
46361.2
40694.5
34659.5
29247.7
24369
20948.9
17830
20550.6
22163.6
25169.7
25302.4
26849.9
29104.9
30257.1
31017.9
29953.6
31860.1
35499.7
38762.5
44698.3
52927.7
63923.7
72208.7
75726.8
78487
79830.7
74356.1
69231.8
63090.4
58154.5
50969.5
43502.2
40964.1
37795
34535.8
30115.8
29326.3
29440.4
27852
27703.7
29349.6
45080.7
65106
86295
104259
112002
114111
107740
99264.1
90953.7
79892.4
61324.1
41249.1
27522.3
19566.1
18156.6
19432.6
26856.1
35592
39034.8
38487.3
37829.7
40411.7
43781.3
47401.2
58977.5
67608.2
81937.5
91451.9
95348.2
93990.8
85185.9
75259.9
64027.5
50943.2
36829.7
21633.8
11537.4
6950.25
10247.9
12976.6
22743.9
30460.1
35504.9
40071.2
36777.9
37348.3
38228.9
41530
56003.4
64865.6
79368.5
90167.1
93576.6
92034.8
82951.7
73235
58765.8
44760.4
29301.2
14767.5
4604.63
601.416
4589.98
10900
20604.1
28232.9
33218.8
35745
33353.7
35704
37568.7
43331.8
58482.8
70003.3
85989.9
95034.6
98244.1
94884.8
84588.2
72707.7
59440
45518.2
29382.5
15209.3
5466.34
4419.21
9954.87
15418.9
27187.5
36084.9
41664.8
43734.7
40980.3
43440.1
44496.4
48982.7
61299.8
69429.9
82626.7
89594.7
92971
90648.3
79995.6
66983
51908.5
38739.8
26356.3
12405.4
2943.18
2700.78
4944.05
12011.2
21918.9
29677.4
37820.8
37818.3
39772.7
39578.2
41483.4
43916.5
49977.2
48488
49594.7
49414.7
46059
47758.7
44014
40178.4
33785.7
27504
23379.2
19649.5
17873.5
16395.9
20495
21986.1
26386.2
29946.2
30183.3
33030.6
32538.6
34884.4
33620.4
36344.2
37799
45982.6
49590.9
56637.6
64391.2
69335.5
73845.8
71152.1
71342.7
66616.4
60491.2
55490.8
48723.4
48734.9
45632.4
42930.5
39034.9
38712.3
30629.5
33628
30512.7
30426.8
30580.7
30473.6
41865
66194.4
81228.7
106480
109560
114641
104928
96648.1
87747.4
72636.5
58693.7
36112.1
23464.5
15696.5
12901.1
19342.6
26856.5
37849.5
39793
44689.9
40214.2
41679.9
46480
47796.6
64278.2
68252.4
83611.6
90156.3
91023.8
89720.6
81502.9
73072.6
57616.8
46791.4
27599.2
15304.8
2640.52
614.498
5816.3
13454.5
22883.7
33006.9
36169.4
43910.3
38695
43011.1
45801.5
47270.8
61703.9
62806.1
79544.9
83938.1
86406.3
83782.8
74133.6
64072.8
51536.6
39278.7
25561.7
16147.7
8621.85
7317.67
15384.7
18070.2
33485.3
35209.7
41362.7
41112.1
39452.9
38519.1
40289
42436.1
51630.1
57709.3
65210.1
75361.9
77522
78973.3
74051.3
65791.7
54174.3
42372.7
28238.3
19627.3
9332.5
10361.3
13449.8
18933.8
27012.1
31202
33210.8
38088.4
35641
38149.7
37250.5
41691.3
48278
53508.6
59071.6
67559.2
72240.9
70151
61939.3
53487.5
40109.1
32676.2
23662.1
21861.7
19178.8
17940.5
20363.2
24228.7
30347.7
34575.8
40086.9
40848.1
40513.9
38793.6
36117.2
38184
44404.9
53301.1
62988
70287.1
71256.2
72251.3
70004.3
67984.1
66373.8
61187.1
57471.7
52024.2
48887.3
45787.1
46129
48297.7
51306.3
54427
53372.6
51416.6
48379.5
49622.5
49851.3
51514.9
53174.9
54927
57731.5
60171.4
63185
62917.6
57408.6
52206.9
48021
47581.2
46212.7
46679.5
45631.2
46392.4
44380.2
43957.1
44643.5
42472.3
40692.3
37363.5
33301.7
27269.9
20792.2
21910.6
26978
31825.1
35926.7
42597.8
47065.9
53751.5
56675.7
63188.3
64134.7
65081.6
60708.6
59054.1
57307.9
53498.1
48460.3
47439.5
46018
42950.6
37741.1
35050.9
31612
30206.9
27244.9
30472.7
31891
36961.8
39952.6
46434.1
48811
51809
51134.5
51817.5
49318.4
47515.4
43123.7
40490.9
37263
33614
29731.4
27227.6
25631.9
22566.7
22860.8
22777.5
24667.2
27942.8
29462.1
30198.3
34840.1
37449.3
41905.8
44511.2
46858.5
48989.9
52221.2
50997.8
54244.6
55605.7
55865.5
53315.9
52559.8
49041.9
50049
52024.7
50040.3
53582.7
55392.2
51147.4
52329
48659.3
52844.2
57386.8
60001.8
69683.4
77199.4
84666.5
87475.4
90137.6
87623.3
85864.6
80638.8
74024.6
69766.4
61992.2
56744.7
56153.4
55618.4
55604.9
57035.6
57920
58889.1
53600.1
50155.9
46215.5
46142.2
44473.5
45214.1
52039.9
58506.9
65250.2
71703.3
73537.7
74910
70825.2
67489.1
59818.2
54749.6
46461.2
39987.6
34905.5
31890.9
31457.9
30902.2
30299.9
34660.6
34484.3
34519.5
33701.6
32396.8
34394
36571.4
40216.8
44470.6
49578.4
58041.3
62412.4
67467.8
69250.7
70734.4
66906.8
62194.6
58454.2
53374.4
49304
44914.8
44475.8
46857.7
44630
42938.6
40802.5
39722
37565.9
34612.2
35163.3
38399.2
43248.9
50176.7
57465.8
68054.3
74847
79476.5
81917.8
81097
80476.8
73214
64476.8
58624.1
52997
50159.3
44762.4
43285.5
41349.6
39385
35264.9
33986.2
34005.3
33233.1
34449
35911
42766.9
52049.8
60773.4
70211.4
79037.3
82723.1
83847
81189.6
75523.3
71176.4
64288.4
55766.6
49508.5
45223.4
41429
39035.4
38515.4
37028
37093.2
32255.8
30482.2
29865
32660.7
43626.9
61678.4
78944
95891.9
106547
109033
107168
100635
95849.9
82523.7
63610.8
45029.8
31452.1
25916.1
20236.7
22241.1
29537.1
35426.6
37653.8
39173.8
40178.4
41204.5
43613.9
44826.2
61898.2
77330.7
91679.1
106607
111890
111196
101584
88274.6
76736.7
62468.1
42304.2
24506.6
11724.9
6010.68
8611.5
13944
26076.4
35917.2
39158.7
41746.6
41096.3
42880.4
44601.5
48737
63032.8
75236
86230.8
95324.8
99467.6
96592.3
90295.1
78987.7
68644.2
52845.3
32279.2
15852.9
3630.96
1627.35
3799.01
10771.3
22958.7
30783.1
35179.2
37869.6
39183.4
41120.1
43630
47049.1
60916.5
70225.9
84142.9
94493.3
100854
99675.1
91221.1
79006.4
64398.8
46778.3
28049.7
9626.67
451.219
-1381.44
4597.84
12000.5
26462.7
37265.3
46890.2
52949.8
57877.4
64868.2
67513.9
70866.4
74787.5
68473.6
66131.4
60960.4
58648.5
56099.7
49232.6
40959.1
32627.2
27937
25782.2
25798.9
27767.8
31732
35727.4
38904.3
43905.8
46561.1
48611
51004.3
53587.1
54680.7
53449.7
52119.2
51126.2
50393
49322.5
50869.1
50856.6
52118.4
52601.9
53482.9
56380.8
56911
59028.6
57379.9
57827.3
56002.9
54924
52622.1
50076.7
46946.4
43043.9
38909.5
34410.7
30654.5
27774.5
27307.4
41044.5
58318.2
78664.5
94326.4
103255
106975
101516
94692.3
86528.2
73199.6
57578.4
37838.9
27204.7
19195.2
17438.7
20181
27447.9
36790.8
37461.6
39648.6
37435.6
40220.4
41236.3
47101
60303.9
72034.6
85802.6
94503.9
100465
97329.2
88771.8
77691.7
65359.2
51393.4
34507.6
20056.3
10192.1
8041.88
8857.84
14093.2
23088.2
30569.6
34073.9
35375.1
36059.6
37207.3
39103.6
42862.2
58491.6
69197.7
83032.4
94573.2
98106.4
98508.1
88166.8
76302.9
61535
47562.1
30858
16370.4
7677.98
5091.71
8197.9
13644.6
23090.2
30970.7
34255.8
36422.8
34643
36821.5
37867.4
44851.6
58854.8
71170.8
86474.3
95197.6
99463.4
96149.3
86377.8
77426.7
64104.3
49822.8
31964.9
15762.5
6128.13
3576.14
7076.43
12925.3
21882.7
29179.5
33817.5
35742.8
36085.3
38269.6
39487.8
44136.9
57745.1
69300.1
83642
94335.7
96936.6
95938.1
85404.9
72695
59201.8
45899.5
29990.9
15133.3
3344.22
-781.911
3299.57
9240.05
19978.5
29277.9
35034.4
39507.4
38300.7
39183.2
42794.7
47504.9
51523.1
48918.8
54260.9
54945.9
57613.5
57640.8
56443.1
52535.4
42661.3
33207.7
28451.9
24526.9
20362.6
17158.6
20306.3
21387.6
25644.4
26688.7
30699.3
35117.8
35995.8
34762.9
33908.1
34205.6
37994.2
41317.5
51361.4
61921.1
72832.9
80029.4
84990.2
86388.7
83098.3
78820.8
70390.8
62481.8
52034
43876.4
38902.5
35838.2
35347.8
32574.2
32154.4
30789.4
27850.1
25185.7
24770.3
31877
46183.4
69694.8
91138.1
110491
118925
119351
111433
102495
92433.6
76279.4
56256.5
35731.5
22229.5
14982.3
12806.9
16801
24999.5
33346.6
36411.3
37991.2
37494.3
40022.2
42737.7
47633.1
60420.8
72038.4
84498.1
94302.8
98922.9
98048.4
90711.1
76732
63364.5
49489.3
34801.5
20880.6
12996.8
10131.5
12525.7
15833.4
23259.3
30987.1
34841.6
35976.7
35623.3
36654.6
39851
43650.9
58429.2
71691
86500.6
94877.7
97994.6
94194.2
86385.3
74758.4
62174
51515.8
35701.9
20509
11503.6
7993.96
11669.5
14088.5
22561.4
30378.9
34412
33954.4
32354.3
34953.9
38166.9
43962.8
57626.3
70041.4
84625.1
93469.9
96332.2
96457.1
88734.1
77470.3
65222.4
51902.2
36253.5
