75022.6
74024.4
72510.5
70899.3
69075.3
66920.8
64648.5
62401.9
60211
58352.6
56793.6
55628.7
54832.5
54859.3
55576.2
56982.9
58924.6
61187.5
63644.4
66162.2
68317.2
69814.7
70727
71330.2
71600.2
71440.6
71086.1
70433.1
69373.2
67989.2
66411.6
64300.4
62017.2
59760.7
57850.5
56262.3
55263.5
54913.7
55369.1
56401.2
57859.5
59641
61722.8
64159.8
66212.5
68189.4
70057.2
71778.7
72789.3
73102.2
72832.2
72181.7
70901.2
68856.2
66260.7
63626.5
61373.2
59393.6
58035.6
56992.8
56761.8
57008.3
57846.1
58829
59916.2
61510.4
63618.5
66136.5
68664.1
70813.3
72679.4
74181.6
75116.1
74945.4
73866.4
72349.9
70645.1
68527.2
65826.2
63348.2
61403.5
60131
59137.2
58412.5
58117.4
58393
59050.7
60069.8
61620.9
63601.9
66048.6
68570.1
71131.7
72997
74064.5
74433.2
74225.7
73296.4
71810.2
69852.5
67682.6
65469.2
63205.4
61089.3
59288.5
58101.4
57291
56787.4
56482.5
56684.9
57314.9
58444.8
60070.6
62228.4
64897.2
67689
70355.5
72419.5
73850.1
74420.2
74413.4
73585.1
72194.4
70246
67821.9
65081.5
62261.9
59728.4
57561.2
55965.2
55102.4
54800
54951.9
55632.3
56855.9
58604
60740.8
63287.1
66096.7
69016.3
71753.7
73778.7
74996.4
75572.9
75510.2
74576.7
72889.2
70732.1
68257.5
65439.8
62385.5
59507
57126.7
55409.8
54375.3
53916.8
54085.9
54962.9
56468.7
58497.4
60928.7
63780.7
66974.9
70185.4
73025.8
75071.3
76154.8
76544.5
76268.1
75145.2
73435.6
71347.4
69047.2
66526
63824.5
61147.4
58819.1
56940.9
55559.9
54536
54137.4
54558.2
55681.1
57363
59625.4
62352.2
65353.5
68304.6
70610.1
72194
73165.2
73696.6
73626.1
72941.9
71999
71044.4
69637.7
67837.5
65700
63406.7
61028.2
58695
56658.3
55036.6
54049.9
53852.6
54504.3
55734.4
57459.7
59568.8
62055.4
64707.3
67146.9
69168.6
71029.5
72589.8
73671.5
73994.8
73689.9
72934
71613.7
69502.4
66695
63719.3
61048.4
58905.8
57281.8
56248.3
55882.6
56161.7
57042.9
58276.5
59539.5
61158.2
63247.3
65855.7
68495.1
70735.1
72483
74066.6
75262.6
75381.9
74338.6
72650.4
70942.7
68732.6
65859
63112.8
61049
59818.8
58926
58201.8
57878.5
58204.4
58887.2
59945
61410.8
63316.4
65653.8
68146
70678.1
72615.7
73698.3
74155.6
74092.6
73272.8
71921.8
69945.5
67777.3
65670.8
63549.3
61639.5
60036.5
59033.4
58422.9
57987.4
57646.8
57775.3
58133.5
59013.1
60411.4
62361.2
64840.4
67550.4
70127.9
72255.5
73614.9
74169
73989.6
72932.1
71379
69346.8
66846
64135.8
61469.2
59258.4
57565.8
56301.2
55716.4
55549.5
55678.3
56276.1
57311.3
58845.7
60831.8
63253.9
65989.8
68870.7
71473
73315.6
74228.2
74668.6
74666.2
73664
71909.3
69818.8
67574.3
64986.5
62105.9
59459.3
57406.9
55992.3
55094.4
54599.1
54514.7
55190.6
56648.9
58639.9
61041.6
63877.8
67056.7
70297.4
72914.3
74636.9
75416.1
75617.4
75270.1
74123.3
72374
70401.1
68233.7
65862.2
63441.8
61048.4
58954.2
57150.2
55820.9
54838.1
54346.7
54558
55615.8
57406.2
59757.3
62587.3
65631.6
68453.7
70572.1
71949.3
72815.6
73007.8
72749.1
71979.6
71102.5
70240.1
68996.4
67330.2
65340.9
63319.5
61246.5
59060.3
57120.3
55628
54721
54612.8
55363.1
56780.3
58474.2
60553.3
62924.8
65613.3
67802.2
69546.3
70990.2
72403.8
73332.7
73425.6
72973.8
72089.2
70782.7
68744
66043.5
63002.4
60498.3
58538.9
57294.5
56470.8
56459.8
57118.2
58350.4
59761.8
61110
62596.6
64595
66991.2
69270.4
71160.8
72625.8
73932.8
74608.7
74597.3
73379.4
71721.7
69790.6
67712.1
65106.5
62593.9
60779.8
59808.5
59277.7
58820.8
58640
59093.9
59993.2
61093
62621.6
64400.4
66837.8
69187.9
71533.9
73190.1
73948.1
73932.8
73393.4
72201.5
70469.4
68309.2
66242.8
64222.9
62390.6
60958.6
59782.1
59104.9
58679.7
58490.5
58265.5
58458.8
58953.3
59854.2
61286.2
63188.7
65477.1
68015.5
70309.7
72228.3
73053.8
73401.8
73032.2
71989.5
70550
68651.5
66540.9
64445.5
62311.8
60427.4
58801.6
57514.7
56789.7
56477.1
56446.8
56935
57943.9
59462.3
61429.2
63526.3
65895.5
68336.7
70587.2
72088.2
72893
73163
73134.7
72444.6
71284.6
69822.2
67999.3
66149.2
63987.8
61703.5
59637.1
57923.9
56694.9
55677.8
55266.8
55491.5
56496.7
58024.8
60051.2
62503.7
65324
68167.5
70309.5
71713.7
72456.5
72689.3
72530.1
71837.4
70890.8
69919
68758.2
67209.8
65140.4
63099.4
61251.9
59605.7
58170.8
57116.5
56409.6
56280.2
56863.4
58107.9
59732.6
61781.5
64176.1
66635.9
68632.6
69884.5
70740.3
71584
72285.8
72263.1
71851.7
71374.1
70782.4
69473.1
67636.5
65767.6
64243.6
62847.4
61503.8
60318.9
59353.8
59048
59402.1
60209.9
61399.8
62931.3
64817.4
66683.4
68175.5
69181.1
69855.7
70362.2
70861
70964.7
70844.5
70525.9
70014.6
69288.9
68354.1
67143.7
65780.8
64510
63245
61923.3
60746
60018.5
59714.5
59855.8
60405.9
61283.8
62429.5
63602.1
64652.4
65600.8
66689.8
67678.3
68547.8
69221.3
69728.4
69989.9
69776.4
69107.2
68006.7
66794.9
65544.1
64089.2
62594.1
61385.1
60506
59928.9
59584.7
59641.9
60081.3
60772.3
61631.6
62770.8
64030.7
65204
66368.1
67541.9
68517.5
69116.3
69399.1
69425.5
69124.3
68609
67798.2
66682.5
65459.7
64369.9
63356
62233.8
61279.5
60531.1
60134.2
59942.3
60023.7
60442.5
61313.3
62722.3
64274.9
65849.6
67394
68820.9
69974.1
70744.2
71055.4
70833.3
70287.9
69578.6
68615.9
67220.7
65895.4
64758.2
63674.4
62627.2
61684.8
60927.3
60449.4
60285.2
60505.5
61008.8
61960.5
63306.7
64759.3
66347
67679.7
68876.2
69754.4
70366.9
70519.9
70344.3
70000.2
69332.2
68160.5
66891.1
65625.2
64288.7
62842.3
61540.2
60473
59607.8
59071.8
58851.3
59162.2
59893.7
61141.6
62553.6
64091.8
65667.5
67140.8
68264.7
69206.3
69775.7
70095.4
70177.7
69802.8
68991.7
67942.1
66753.6
65288.9
63610.7
62107.3
60788.8
59590.5
58803.7
58340.6
58281
58590.6
59421.5
60462.8
61754.5
63203.8
64689
66185.3
67546.7
68627.4
69342.1
69868
70196.4
70071.5
69453.1
68612
67528.3
66195.7
64612.9
62935.8
61366.6
60058
58998.8
58341.6
58131
58390.9
59100.7
60146.7
61562.6
63288
65123.3
66907.8
68565.3
69955.2
71052.2
71546
71645.7
71395.2
70735.4
69622.7
68180.3
66508.7
64764.9
63007.2
61442.8
60187.5
59266.1
58737
58742.7
59170.1
59908.9
60936.3
62259.9
63938.4
65682.7
67309.3
68754.5
70047.3
70987
71437.9
71312.2
70753.1
69670.8
68057.7
66295.8
64450.3
62814.6
61460.3
60309.3
59466.4
59080.8
59052
59261.3
59614.1
60410.8
61639.1
63396.4
65464.5
67536.5
69313.5
70950.1
72140.5
72410.1
71665.6
70217.4
68429.2
66282.2
63900
61653.8
59932.4
58965.2
58632.9
58427.7
58394.2
58896.2
59523.6
60205.4
61187.2
62492.2
64276.5
66417.2
68859.4
70928.1
72245.9
72994.2
73053.9
72148.5
70576.1
68333.6
65837.7
63467.4
61229
59288.8
57880
57260.2
57041.2
57094
57377.3
58195.3
59160.5
60398.7
62189.3
64290.8
66667
69241.7
71749.4
73641.3
74753.6
75002.3
74544.3
73063.9
71058.1
68492.4
65684.3
62913.9
60214.6
57877.9
56218.4
55267.4
54860.8
54994.2
55674.8
56966.9
58472.4
60241.3
62383
64733.5
67328.6
70150.5
72744.6
74650.8
75724.6
75972.4
75509.8
74065.6
71997.6
69516.7
66919.4
64395.6
61814.8
59292
57292.5
55776.9
54679.6
54101.3
54122
54685.6
55929
57656.9
59982.9
62744.4
65824.9
68934.3
71427.7
73151.5
74106.6
74204.5
73662.8
72609.9
71474.2
70355.1
68921.2
67176.7
65117.8
62882.4
60558.7
58144
56060.9
54548.9
53807.2
53678
54551.4
56024.5
58004.6
60437.4
63231.8
66208.8
68627.3
70642.4
72445.7
73942.5
74827
74959.9
74382.1
73446.6
71904.7
69386.4
66100.5
62759.6
59915.1
57746.1
56211.4
55368.7
55374.2
56077.9
57446.6
58968
60360
62094.1
64334
66987.6
69622.1
71709.6
73482.5
74979.7
75868.3
75586.9
74116.8
72160
70025.9
67446.2
64432.3
61668.5
59603.5
58399.7
57598
57034.3
56823.2
57366.1
58248.7
59552.8
61306.3
63676.4
66379
69217.5
72025.5
73947
74986.9
75232.3
74759.6
73411.5
71625.2
69375.9
66935.2
64545.6
62430.9
60483.4
58842.9
57880.2
57343.1
57080.9
57039.5
57439.6
58138.4
59351.4
61062.2
63326.4
65848.7
68691.2
71363.4
73498.5
74786.8
75211.1
74870
73678.4
71954
69669.3
66984.2
64099.1
61297.1
58844.5
56822.4
55471.3
54825.5
54718.6
55129.7
55993.1
57357.5
59204.3
61439.7
64004.1
66737.5
69655.7
72304.9
74155.7
75142.5
75547.4
75373.6
74360
72577.9
70255.1
67696.6
64880.9
61814.1
58758.6
56304.8
54685.5
53782.2
53296.2
53343
54271.1
56010.5
58288.4
