5.93573
5.78772
5.65881
5.67514
5.638
5.67232
5.47496
5.68816
5.67303
5.67404
5.57404
5.71103
5.69156
5.95069
5.78451
5.77584
5.93545
5.90104
5.82347
5.83128
5.8063
5.92217
5.96317
5.87321
5.91093
5.83528
5.73319
5.7893
5.80765
5.74656
5.77476
5.84445
6.07858
5.93456
5.74794
5.57758
5.72316
5.9156
5.94544
5.77514
5.76874
6.04888
6.14269
5.92839
5.70709
5.77677
6.05902
6.08477
5.95634
5.71605
5.84571
6.00599
5.87756
5.77574
5.79181
5.95336
6.03047
5.78213
5.75492
5.76969
5.73335
5.73529
5.70385
5.83336
5.82213
5.90797
5.71803
5.75553
5.71453
5.78256
5.80228
5.85092
5.96998
5.96094
5.87963
5.76988
5.7754
5.80113
5.80095
5.76898
5.7436
5.83975
5.87622
5.84021
5.78605
5.79744
5.91301
5.90388
5.82833
5.77235
5.80176
5.75866
5.70912
5.76602
5.73325
5.7464
5.73894
5.65735
5.5893
5.5754
5.56177
5.54322
5.58274
5.63162
5.66939
5.70342
5.69285
5.58921
5.53324
5.65389
5.71011
5.68264
5.60286
5.64214
5.68695
5.77996
5.73547
5.66162
5.7034
5.88957
5.86048
5.74318
5.63391
5.70878
5.82679
5.86344
5.75975
5.64147
5.72297
5.73778
5.66586
5.50464
5.53068
5.58514
5.66898
5.59875
5.57547
5.55241
5.55339
5.62518
5.56344
5.53454
5.59448
5.62295
5.66868
5.68829
5.69175
5.63122
5.77423
5.88792
5.82363
5.73855
5.7544
5.85328
5.76192
5.78942
5.79639
5.84422
5.89648
5.91702
5.79757
5.6558
5.69127
5.74624
5.62565
5.56932
5.61508
5.67617
5.67176
5.57571
5.59794
5.62841
5.63805
5.65223
5.65641
5.64882
5.71217
5.77235
5.6981
5.76058
5.79589
5.74814
5.79856
5.80496
5.81226
5.64975
5.66789
5.73321
5.67846
5.65348
5.63996
5.65784
5.57858
5.53473
5.49985
5.51145
5.51323
5.51545
5.61926
5.66797
5.66179
5.61345
5.55811
5.65692
5.63457
5.70514
5.65046
5.67973
5.81977
5.82452
5.82157
5.72713
5.71747
5.80389
5.78787
5.62033
5.53432
5.6633
5.71942
5.61692
5.56248
5.51766
5.63841
5.62295
5.46961
5.3066
5.36619
5.54943
5.48382
5.4653
5.53092
5.65694
5.6498
5.67082
5.5642
5.49323
5.73546
5.93137
5.85716
5.8706
6.01048
6.11983
5.98723
5.96402
6.05562
5.9676
5.8375
5.78595
5.8185
5.6869
5.80694
5.76334
5.74352
5.7179
5.73295
5.56606
5.3549
5.32813
5.33056
5.17591
5.28706
5.43074
5.40073
5.36455
5.41504
5.58444
5.51347
5.63226
5.71217
5.77112
5.84219
5.94783
5.87862
5.80898
5.87691
6.08277
5.94494
5.91218
5.83303
5.94204
5.77466
5.74045
5.76231
5.59819
5.66635
5.50838
5.52332
5.31153
5.33185
5.35019
5.2473
5.35484
5.54171
5.45762
5.44212
5.44149
5.7869
5.57695
5.52577
5.77527
6.11332
6.07474
5.89509
6.13536
6.32508
6.46196
6.24238
6.05259
6.18188
6.24966
6.15402
5.86435
5.87812
6.07477
5.95104
5.72835
5.67372
5.62245
5.58623
5.58868
5.53098
5.44482
5.49179
5.53226
5.61666
5.46434
5.52557
5.54341
5.69705
5.81205
5.85438
5.87093
6.00121
6.10291
6.04107
6.02399
6.09434
6.2285
6.29417
6.12646
5.99829
5.86156
5.82222
5.89619
5.78957
5.74676
5.73903
5.73344
5.77217
5.621
5.57917
5.5194
5.56437
5.60567
5.55633
5.6375
5.55573
5.61942
5.64568
5.83006
5.7822
5.73251
5.81374
5.88268
5.85446
5.7881
5.70296
5.74045
5.7368
5.83867
5.87884
5.78929
5.82583
5.68404
5.61578
5.56332
5.63812
5.55752
5.5049
5.53448
5.69117
5.75182
5.61461
5.58588
5.74479
5.74277
5.68811
5.63238
5.6871
5.80284
5.81442
5.77117
5.72109
5.85381
5.83539
5.82296
5.74846
5.78309
5.7782
5.66947
5.65143
5.70137
5.69903
5.72747
5.74331
5.7053
5.67462
5.73711
5.68218
5.69055
5.78604
5.83144
5.95416
5.8561
5.94217
5.96206
5.94873
5.96551
5.94979
5.87184
5.8762
5.96793
6.06519
6.02178
5.9306
5.92603
5.94389
5.95675
5.82199
5.65814
5.49031
5.58222
5.67033
5.52225
5.38301
5.42106
5.65481
5.69013
5.55148
5.48977
5.45143
5.54757
5.66293
5.62069
5.60986
5.59517
5.77287
5.85694
5.82658
5.77599
5.85834
5.88913
5.93976
5.92355
5.81795
5.77823
5.87225
5.83735
5.76035
5.75745
5.74449
5.68205
5.58579
5.65113
5.66184
5.50633
5.50587
5.67451
5.69863
5.66701
5.64677
5.62767
5.62744
5.73238
5.76442
5.69923
5.64396
5.75556
5.82632
5.6334
5.56973
5.67228
5.71351
5.75623
5.70722
5.71672
5.64651
5.69242
5.72845
5.71201
5.67752
5.70835
5.71048
5.69479
5.7841
5.73217
5.76786
5.71132
5.80459
5.89031
5.85059
5.83293
5.83541
5.85497
5.90578
5.79339
5.74115
5.72749
5.79113
5.65549
5.63847
5.61665
5.54842
5.54444
5.47094
5.59105
5.60346
5.51973
5.53282
5.53381
5.60956
5.65065
5.5687
5.60074
5.70841
5.84824
5.84709
5.89011
5.88821
5.90149
5.93231
5.87562
5.8609
5.84711
5.87785
5.88039
5.81501
5.76808
5.7341
5.7597
5.73471
5.79554
5.71535
5.60557
5.55331
5.50967
5.46294
5.40654
5.38322
5.41372
5.45084
5.50584
5.55481
5.52113
5.53691
5.64037
5.71903
5.65558
5.67862
5.66789
5.75543
5.73019
5.67002
5.69318
5.81717
5.90515
5.87836
5.8533
5.88984
5.80138
5.71718
5.71418
5.76524
5.7289
5.62481
5.6866
5.58966
5.5212
5.41142
5.49892
5.49973
5.46254
5.48605
5.51471
5.5603
5.52369
5.45516
5.47554
5.53103
5.64217
5.64529
5.6821
5.78368
5.85742
5.83775
5.81199
5.8545
5.90722
5.98797
5.87122
5.83963
5.79242
5.83266
5.85113
5.859
5.76004
5.79278
5.79266
5.66115
5.5535
5.49445
5.46547
5.52389
5.4105
5.44305
5.3746
5.35784
5.43852
5.32945
5.36835
5.44623
5.3717
5.37017
5.56252
5.70276
5.85548
5.73025
5.90985
6.04786
6.03686
5.86803
5.89072
5.97852
6.06082
6.014
6.01697
6.11118
5.99352
5.77061
5.75617
5.75148
5.65747
5.57313
5.55203
5.68049
5.42654
5.21505
5.20529
5.32164
5.38015
5.3549
5.31991
5.43892
5.37918
5.36735
5.35745
5.48175
5.60672
5.76111
5.88232
5.96765
5.94818
5.94916
6.11573
6.14856
6.17932
6.20851
6.27672
6.28335
6.06719
5.91804
5.98035
5.86387
5.83555
5.94047
5.99583
5.83539
5.69903
5.61792
5.62675
5.5788
5.63824
5.63665
5.72458
5.70949
5.69643
5.5387
5.62706
5.60619
5.64679
5.71603
5.88571
5.84239
5.79246
6.07129
6.18814
6.11597
6.01677
6.02086
6.06398
6.04175
5.98196
5.89783
5.88169
6.03568
6.1917
6.16528
5.97899
6.11263
5.89816
5.86318
5.7334
5.64893
5.68502
5.68615
5.72177
5.64223
5.67999
5.61139
5.73019
5.78375
5.68689
5.54413
5.42602
5.44806
5.5787
5.51162
5.52185
5.56975
5.79886
5.87955
5.64804
5.54341
5.68885
5.85284
5.83167
5.84564
5.76934
5.80602
5.81287
5.72604
5.63465
5.60589
5.5816
5.63146
5.71382
5.63977
5.60118
5.4787
5.39121
5.47948
5.59089
5.61017
5.43739
5.44855
5.61978
5.67337
5.72817
5.54751
5.60434
5.86301
5.87148
5.82178
5.6383
5.76497
5.83998
5.9535
6.05976
5.96335
5.89938
5.84773
5.95267
5.81185
5.69775
5.63281
5.68465
5.75005
5.70852
5.58911
5.54419
5.53166
5.67013
5.69162
5.6967
5.62135
5.69818
5.70736
5.80047
5.74148
5.72181
5.82645
5.96872
5.97225
5.80304
5.85892
5.74269
5.7891
5.89109
5.91558
5.88626
5.81854
5.85711
5.95569
5.80837
5.63567
5.60469
5.78985
5.92605
5.79938
5.6263
5.63009
5.63476
5.70414
5.67241
5.65019
5.67494
5.78065
5.84453
5.78543
5.67432
5.61216
5.7125
5.79633
5.82941
5.80031
5.7251
5.75401
5.77581
5.79569
5.70526
5.63553
5.7593
5.81026
5.78456
5.72086
5.6614
5.70407
5.76567
5.76197
5.80566
5.82411
5.81182
5.76596
5.73128
5.71026
5.72069
5.68102
5.74077
5.83695
5.90768
5.92356
5.81734
5.86937
5.92098
5.90068
5.84166
5.79661
5.82294
5.84581
5.77241
5.77603
5.80722
5.84237
5.79492
5.7332
5.73145
5.76146
5.68781
5.65019
5.66144
5.69166
5.73205
5.57612
5.52355
5.60777
5.59244
5.56111
5.57963
5.59475
5.65481
5.59992
5.65546
5.63417
5.65761
5.69592
5.70401
5.67204
5.73463
5.80355
5.7234
5.76688
5.83386
5.92183
5.90768
5.85292
5.88586
5.90593
5.87582
5.77472
5.65288
5.68714
5.73095
5.68428
5.51851
5.50491
5.53804
5.56037
5.47055
5.44761
5.506
5.56519
5.53986
5.47178
5.52992
5.59733
5.57904
5.5757
5.7359
5.81638
5.86449
5.80657
5.92404
5.93922
5.91607
5.82263
5.76719
5.82018
5.88949
5.82062
5.6792
5.6525
5.64223
5.49614
5.40891
5.44996
5.42811
5.33714
5.32289
5.43672
5.46283
5.48909
5.47725
5.63149
5.79291
5.8737
5.74271
5.67756
5.89225
6.07269
5.96909
5.87317
5.99529
6.10496
6.01141
5.80908
5.70268
5.71494
5.66525
5.50816
5.43298
5.3476
5.28876
5.18709
5.12163
5.19757
5.25189
5.2319
5.21401
5.34418
5.48703
5.51311
5.55549
5.6068
5.74314
5.92977
5.96259
5.86442
5.74783
5.90896
6.00202
5.97085
5.87608
5.83642
5.89026
5.9754
5.88042
5.688
5.58946
5.7464
5.72511
5.60426
5.45568
5.42866
5.47807
5.49808
5.5502
5.63829
5.73668
5.81848
5.85817
5.88524
5.95709
5.85979
5.8743
5.94957
6.10712
5.99335
5.9315
5.84426
5.89339
5.77378
5.78886
5.65959
5.43805
5.44577
5.55016
5.58662
5.50465
5.44586
5.43473
5.57964
5.47601
5.40672
5.14185
5.28759
5.40148
5.4628
5.45109
5.50854
5.72076
5.86765
5.89622
5.83819
5.92847
6.15874
6.22971
6.2927
6.21304
6.24293
6.30458
5.98898
5.98297
5.88421
6.00878
5.81178
5.60343
5.74031
5.58821
5.51019
5.53459
5.52157
5.51913
5.47378
5.4762
5.31632
5.12481
5.21137
5.28068
5.34768
5.24719
5.43768
5.60865
5.68615
5.81936
5.7234
5.90133
5.9826
6.1518
6.23945
6.13727
6.16247
6.19518
6.15823
6.07662
6.00081
6.07731
6.14427
6.08134
5.89982
5.82381
5.83351
5.73777
5.5914
5.67823
5.83275
5.71996
5.58158
5.60995
5.59328
5.67791
5.58604
5.57465
5.70366
5.82143
5.82071
5.71085
5.7628
5.84986
5.90051
5.90253
5.88549
5.90377
6.03475
6.10877
6.0081
5.84376
5.89365
5.98886
5.96839
5.83683
5.79164
5.79343
5.73406
5.62131
5.55433
5.52734
5.48894
5.57382
5.53719
5.44295
5.40918
5.62013
5.4621
5.49247
5.66932
5.7245
5.66491
5.66107
5.80416
5.81746
5.8644
5.79459
5.81015
5.84297
5.9904
6.00033
5.9685
6.00195
5.96365
5.91704
5.85037
5.77899
5.6754
5.62745
5.64271
5.5833
5.56149
5.56609
5.5871
5.69269
5.59311
5.62929
5.60876
5.69907
5.74052
5.75604
5.87765
5.88971
5.94037
5.9765
5.97453
6.02482
6.00644
6.11388
6.1215
5.97774
5.94284
5.97588
5.99374
5.83447
5.75862
5.78936
5.71427
5.59608
5.4818
5.50935
5.57074
5.49805
5.49046
5.56116
5.66608
5.69775
5.67478
5.64614
5.68518
5.73403
5.81862
5.7856
5.83347
5.90595
5.9351
5.90853
5.92937
5.89516
5.87369
5.92625
5.90809
5.80818
5.7773
5.80137
5.74849
5.68142
5.66672
5.7118
5.67559
5.62986
5.62199
5.55939
5.62631
5.60891
5.66137
5.65661
5.67564
5.7078
5.67583
5.64856
5.63474
5.5941
5.59065
5.64451
5.72677
5.68585
5.62768
5.6442
5.68179
5.69672
5.62135
5.68968
5.62059
5.68517
5.67583
5.66512
5.64657
5.67232
5.72563
5.70663
5.72195
5.73399
5.68809
5.63806
5.64563
5.72982
5.66307
5.63426
5.72102
5.7171
5.70762
5.63
5.63542
5.59522
5.67339
5.72346
5.66199
5.58339
5.60326
5.67345
5.61209
5.633
5.62916
5.63485
5.73069
5.79603
5.781
5.7236
5.80714
5.88047
5.89179
5.89539
5.84561
5.85402
5.81719
5.82722
5.72937
5.63219
5.65856
5.57676
5.66
5.61263
5.64342
5.54671
5.48751
5.521
5.49748
5.47091
5.44672
5.51844
5.57585
5.50645
5.46408
5.45915
5.49906
5.61852
5.63259
5.70956
5.80787
5.91104
5.85598
5.80799
5.85017
5.82437
5.81612
5.82833
5.75952
5.6175
5.58141
5.60122
5.51271
5.36688
5.40293
5.4117
5.49783
5.43286
5.41352
5.41995
5.41875
5.5136
5.60276
5.63892
5.60903
5.66887
5.87144
5.81539
5.73393
5.8144
5.96388
6.12628
6.01659
5.95242
5.9285
6.09779
5.92927
5.72773
5.67967
5.77332
5.71443
5.52433
5.54331
5.5272
5.56469
5.56663
5.65872
5.62198
5.57006
5.69017
5.78475
5.74122
5.70719
5.78926
5.97824
5.89247
6.01292
5.97564
6.02089
5.89081
5.83907
5.82411
5.78262
5.77477
5.65205
5.71285
5.73899
5.64157
5.53806
5.52418
5.54995
5.43425
5.47723
5.53767
5.44692
5.47549
5.52488
5.69521
5.63077
5.71332
5.86259
5.93562
5.93288
5.85406
5.90919
5.87906
5.83655
5.8126
5.76932
5.86497
5.8045
5.62119
5.54377
5.51492
5.6481
5.58362
5.62653
5.61197
5.60955
5.6255
5.54079
5.51821
5.47551
5.53455
5.56928
5.58212
5.64892
5.62537
5.6117
5.60025
5.64616
5.77875
5.66126
5.67225
5.62475
5.73855
5.52065
5.3999
5.45532
5.57356
5.57169
5.68025
5.78152
5.80923
5.79175
5.8349
5.9206
5.84608
5.92649
5.93914
5.97287
5.84713
5.87157
5.7849
5.84283
5.7985
5.95851
5.97652
5.97092
5.91387
5.98178
5.91269
5.79186
5.57226
5.54327
5.70837
5.73054
5.61649
5.41876
5.57792
5.78223
5.68172
5.62144
5.75105
5.95935
6.08164
6.01285
5.97155
5.89796
6.01525
5.85451
5.86982
5.824
5.84391
5.8869
5.83894
5.91472
5.84394
5.7011
5.75767
5.72074
5.89453
5.78943
5.62719
5.59682
5.71685
5.68816
5.53354
5.51598
5.56858
5.66589
5.67099
5.47947
5.43255
5.53077
5.64333
5.62535
5.46376
5.69492
5.76738
5.75408
5.56367
5.62775
5.70479
5.74661
5.736
5.7853
6.00651
5.98847
5.92292
5.80611
5.87512
5.8929
5.80669
5.72023
5.79425
5.87037
5.84447
5.75461
5.70412
5.69367
5.74898
5.57602
5.5196
5.56175
5.61916
5.59369
5.48164
5.52526
5.6212
5.70003
5.61411
5.53318
5.68036
5.83514
5.74515
5.78691
5.92453
5.99275
6.00115
6.07446
6.12322
5.9903
5.95911
5.91012
5.90092
5.78135
5.81594
5.73081
5.70328
5.72204
5.78961
5.58489
5.56154
5.50184
5.58914
5.53892
5.57049
5.66799
5.67431
5.72392
5.69074
5.73752
5.67267
5.74472
5.82514
5.7932
5.9935
6.0425
5.93607
5.92635
6.0246
6.1171
5.79652
5.80999
5.91075
5.92908
5.69774
5.58317
5.60593
5.60543
5.66387
5.58497
5.45982
5.44748
5.54655
5.60225
5.46723
5.42842
5.54514
5.7477
5.77841
5.73769
5.74397
5.72542
5.80281
5.81733
5.80164
5.86827
5.84444
5.94948
5.89721
5.82531
5.86779
5.78025
5.79683
5.78257
5.73862
5.75424
5.72195
5.70075
5.60966
5.62069
5.70874
5.67802
5.62103
5.6056
5.77078
5.81457
5.77565
5.70638
5.65856
5.75683
5.87151
5.74016
5.6272
5.59218
5.75334
5.75124
5.58435
5.60759
5.73155
5.82848
5.75383
5.59832
5.57224
5.60191
5.61688
5.58219
5.57519
5.6141
5.6661
5.7513
5.75336
5.71383
5.71403
5.75746
5.80785
5.78876
5.76523
5.76403
5.73701
5.74388
5.65237
5.62473
5.60643
5.64178
5.69971
5.70084
5.64438
5.58303
5.66341
5.75836
5.77365
5.6904
5.60979
5.70822
5.65335
5.60677
5.50532
5.51192
5.68633
5.69546
5.71311
5.62667
5.64412
5.68136
5.67798
5.6619
5.62616
5.66963
5.65931
5.68491
5.66624
5.56506
5.57751
5.53025
5.71833
5.84475
5.83059
5.78753
5.75127
5.84574
5.79271
5.78177
5.71339
5.74243
5.90203
5.88967
5.74285
5.60217
5.67376
5.68882
5.64269
5.67829
5.63235
5.54817
5.48198
5.4903
5.58561
5.49762
5.49064
5.44133
5.59759
5.74229
5.66255
5.533
5.60378
5.84901
5.87792
5.76418
5.69371
5.81612
5.87874
5.77542
5.71055
5.7627
5.75013
5.75981
5.84003
5.88237
5.7993
5.74816
5.78421
5.85239
5.77301
5.69144
5.60158
5.62519
5.71173
5.62579
5.48079
5.51877
5.62992
5.58979
5.55594
5.58901
5.66215
5.51825
5.51615
5.59658
5.63118
5.51956
5.53549
5.61733
5.67312
5.63685
5.70089
5.69107
5.58969
5.63452
5.71992
5.59007
5.59307
5.73919
5.66979
5.74143
5.77499
5.90857
5.73372
5.76909
5.91276
5.94124
5.85978
5.87444
5.79856
5.9079
5.93278
5.90608
5.6923
5.71381
5.87217
5.87939
5.75686
5.73276
5.79389
5.75947
5.76297
5.7273
5.75892
5.60151
5.65048
5.76842
5.83394
5.62527
5.64673
5.67491
5.82936
5.85833
5.77597
5.67127
5.76484
5.84237
5.94819
5.82833
5.65663
5.80862
5.94414
5.90832
5.7909
5.68665
5.7737
5.89591
5.89839
5.77805
5.63853
5.68487
5.78694
5.60354
5.53124
5.51576
5.50183
5.56038
5.76815
5.68694
5.55192
5.72058
5.87469
5.85686
5.76504
5.79731
5.89338
5.88731
5.90825
5.86432
5.79824
5.94988
5.90793
5.97674
5.93152
5.91353
5.8551
5.71013
5.80972
5.67295
5.47911
5.37044
5.47573
5.51046
5.30333
5.32874
5.42657
5.57516
5.59327
5.5217
5.59743
5.51675
5.64134
5.5551
5.56016
5.73576
5.77337
5.91455
5.93011
6.02761
6.02644
6.11199
6.12009
6.06356
6.05382
5.97269
5.90809
5.90151
5.85788
5.85104
5.78226
5.73537
5.72383
5.59866
5.44242
5.32448
5.44773
5.5122
5.58737
5.4882
5.6996
5.79251
5.68438
5.68389
5.66285
5.73938
5.79294
5.80921
5.81338
5.8165
5.84616
5.79479
5.7644
5.71592
5.78767
5.81112
5.65042
5.70935
5.68682
5.7737
5.76223
5.73514
5.81493
5.87535
5.94166
5.76415
5.66845
5.70346
5.79061
5.78943
5.71621
5.8733
5.94703
5.9716
5.96842
5.92054
5.89247
5.79492
5.78241
5.7336
5.69321
5.6962
5.56719
5.54694
5.55199
5.61188
5.54842
5.53468
5.68493
5.78427
5.77266
5.71188
5.7328
5.82258
5.83803
5.88702
5.90029
5.96154
6.03443
5.97596
5.92856
5.91164
5.9889
5.96033
5.8489
5.81914
5.81925
5.6996
5.57432
5.53042
5.54826
5.53305
5.51593
5.51558
5.57864
5.61498
5.55951
5.58965
5.6353
5.694
5.77539
5.74073
5.75562
5.73845
5.77505
5.82192
5.78127
5.81723
5.82018
5.8378
5.85413
5.82463
5.83521
5.76884
5.8058
5.79649
5.76175
5.67621
5.52106
5.56635
5.55515
5.61252
5.60534
5.54745
5.62182
5.66467
5.7376
5.63507
5.62609
5.72892
5.75505
5.75559
5.69654
5.61177
5.64363
5.66155
5.67464
5.54772
5.57551
5.63066
5.63451
5.59235
5.54433
5.59784
5.62957
5.69653
5.70045
5.69292
5.76343
5.75903
5.784
5.7572
5.77323
5.80914
5.79077
5.86112
5.82618
5.83488
5.79179
5.82597
5.7721
5.73362
5.71228
5.63987
5.60083
5.57774
5.56316
5.51462
5.44314
5.44341
5.44802
5.47947
5.51011
5.4298
5.47825
5.61929
5.64941
5.65222
5.64651
5.7402
5.85376
5.93168
5.94906
5.86917
5.91502
6.00014
5.98427
5.88879
5.82292
5.902
5.97095
5.88113
5.69145
5.59658
5.61309
5.5895
5.48876
5.39485
5.34215
5.37908
5.42145
5.35315
5.25936
5.27981
5.42035
5.4751
5.48674
5.45792
5.53431
5.64855
5.6693
5.65687
5.65508
5.68226
5.78954
5.87042
5.88812
5.86907
5.89661
5.96333
5.97185
5.97979
5.88293
5.84008
5.83594
5.81016
5.71005
5.65592
5.61834
5.56619
5.57152
5.58575
5.46202
5.46393
5.49451
5.49412
5.44092
5.45553
5.50792
5.5352
5.57321
5.65369
5.71053
5.76132
5.67789
5.57845
5.69847
5.83934
5.70393
5.63227
5.83897
5.97858
5.97372
5.76836
5.76269
5.81014
5.85602
5.74214
5.62772
5.63955
5.70776
5.71203
5.54624
5.46326
5.45928
5.42511
5.45347
5.46459
5.529
5.48901
5.54648
5.63101
5.68872
5.75313
5.81781
5.92316
5.85662
5.97678
5.85357
5.73058
5.69492
5.85223
5.87994
5.75154
5.88196
5.95325
5.92
5.75503
5.7402
5.79855
5.71516
5.79077
5.72016
5.81762
5.81037
5.66554
5.63497
5.62674
5.75964
5.77412
5.72391
5.8359
5.95249
5.88269
5.74312
5.72484
5.79679
5.91743
5.96853
5.8163
5.71746
5.69942
5.81463
5.77024
5.63581
5.65193
5.76495
5.73653
5.64748
5.51106
5.44097
5.54906
5.53847
5.48346
5.64023
5.73515
5.73915
5.69895
5.64547
5.74924
5.73195
5.78466
5.74774
5.71344
5.79628
5.79584
5.65556
5.59212
5.74685
5.84669
5.72445
5.72099
5.68764
5.68508
5.57352
5.70614
5.87628
5.71611
5.72054
5.69661
5.60421
5.56289
5.43318
5.42551
5.57586
5.64087
5.64337
5.61527
5.69653
5.74247
5.5931
5.57271
5.75208
5.62894
5.65254
5.74356
5.71359
5.72961
5.78608
5.83985
5.91983
5.85997
5.81886
5.89869
5.75513
5.65476
5.69269
5.67207
5.79157
5.69298
5.70065
5.87858
5.63255
5.62828
5.57533
5.65569
5.66138
5.52299
5.66784
5.7075
5.70486
5.64546
5.75822
5.78157
5.69596
5.74937
5.69228
5.86961
5.90404
5.82387
5.78256
5.68378
5.93404
5.87093
5.8184
5.76512
5.7851
5.99132
5.90797
5.82166
5.71518
5.85831
5.95723
5.81487
5.8021
5.73645
5.75433
5.82564
5.76688
5.87712
5.87466
5.8603
5.89339
5.93929
5.91665
5.69857
5.65182
5.75961
5.82511
5.71947
5.73117
5.77513
5.70359
5.7509
5.6859
5.69603
5.71847
5.72357
5.75061
5.73504
5.80196
5.727
5.7245
5.74271
5.89954
5.93527
5.75235
5.70043
5.7356
5.95109
5.86417
5.67349
5.76448
5.93325
6.01021
5.80025
5.63231
5.62423
5.75195
5.75571
5.61941
5.57646
5.68105
5.76642
5.71296
5.67061
5.69706
5.73502
5.71459
5.683
5.7054
5.67761
5.62207
5.61987
5.63782
5.74531
5.74325
5.72086
5.70088
5.75414
5.84417
5.73023
5.65703
5.61317
5.66706
5.77041
5.7392
5.67565
5.6194
5.7856
5.82357
5.76626
5.70798
5.75372
5.87978
5.87521
5.88984
5.80321
5.77769
5.84971
5.86838
5.81373
5.68792
5.69239
5.73191
5.76654
5.71991
5.59313
5.57069
5.65125
5.68524
5.59342
5.50105
5.51747
5.56254
5.50396
5.48185
5.48061
5.51919
5.57278
5.62593
5.60261
5.59531
5.66136
5.72179
5.76297
5.77311
5.872
5.92435
5.91061
5.88624
5.89207
5.84361
5.73891
5.6313
5.5898
5.60619
5.55941
5.54151
5.48311
5.53072
5.57531
5.54224
5.47445
5.49122
5.5449
5.54616
5.50668
5.53892
5.58114
5.61629
