1457.39
6.43154
6.12413
5.77378
5.5009
5.42904
5.48468
5.63481
5.93785
6.28523
6.44441
6.54546
6.45757
6.33315
6.03051
5.72675
5.50969
5.42544
5.50516
5.73201
5.99597
6.33708
6.58041
6.68116
6.61991
6.39751
6.0645
5.72307
5.50132
5.38977
5.46741
5.64815
5.97927
6.25205
6.50168
6.60827
6.50867
6.2286
5.95071
5.68528
5.51053
5.38461
5.45608
5.72755
6.0838
6.40657
6.59398
6.64526
6.59891
6.40812
6.06999
5.74729
5.49609
5.4436
5.54027
5.74999
6.01201
6.31019
6.50042
6.57668
6.46033
6.23713
5.90231
5.57939
5.39931
5.38439
5.44979
5.64642
5.96004
6.2605
6.52084
6.6112
6.55086
6.31666
6.06124
5.82093
5.61884
5.48312
5.58839
5.81858
6.15207
6.40208
6.57416
6.63219
6.56435
6.35159
6.03932
5.73686
5.49757
5.39722
5.48196
5.6885
5.93076
6.20142
6.42511
6.57505
6.49721
6.32334
6.02027
5.7631
5.5656
5.47996
5.53316
5.72553
5.98984
6.31753
6.55016
6.66757
6.58515
6.39239
6.10982
5.8443
5.60038
5.4886
5.55377
5.69189
5.98819
6.24566
6.41868
6.44717
6.40986
6.28021
5.98502
5.69198
5.49181
5.43482
5.50596
5.68265
5.99009
6.20636
6.46097
6.55612
6.49984
6.31778
6.03742
5.84137
5.68134
5.56929
5.64352
5.78425
6.03816
6.2642
6.46499
6.54147
6.46034
6.28534
6.04293
5.82752
5.57564
5.42999
5.46561
5.61663
5.87436
6.09313
6.30152
6.42663
6.42971
6.34444
6.08152
5.83005
5.62748
5.55131
5.55846
5.6755
5.9227
6.25955
6.48597
6.62397
6.57134
6.43708
6.21923
5.90802
5.64119
5.47709
5.47107
5.59342
5.81537
6.09086
6.29394
6.4707
6.50321
6.41254
6.11043
5.78659
5.56163
5.40748
5.41597
5.55104
5.85069
6.21726
6.5616
6.75956
6.7423
6.55683
6.28351
5.97807
5.68596
5.47571
5.46813
5.60667
5.8953
6.2031
6.46575
6.5951
6.54745
6.36471
6.07184
5.7126
5.3976
5.23275
5.28301
5.5299
5.85647
6.18653
6.49653
6.6961
6.71351
6.54703
6.19295
5.88997
5.62132
5.50563
5.52471
5.68354
5.95852
6.30574
6.60886
6.69519
6.6441
6.41754
6.08541
5.71382
5.38611
5.23913
5.21477
5.41464
5.79304
6.17629
6.50317
6.63474
6.6575
6.4837
6.17857
5.85365
5.55523
5.41694
5.47542
5.71654
6.06317
6.39048
6.62983
6.78392
6.73697
6.48801
6.06236
5.65783
5.40195
5.28968
5.32477
5.51751
5.86238
6.18611
6.48816
6.57986
6.50165
6.2866
6.0017
5.72895
5.50014
5.39757
5.53266
5.74844
6.10847
6.43402
6.72514
6.80385
6.65523
6.38501
6.06538
5.71393
5.42811
5.32582
5.44572
5.685
5.99902
6.31665
6.49292
6.55786
6.45508
6.27997
5.90964
5.58591
5.40736
5.39579
5.51202
5.74251
6.07732
6.44648
6.66985
6.73783
6.58893
6.33437
6.00415
5.68499
5.4957
5.4559
5.572
5.80765
6.10785
6.40419
6.52852
6.55754
6.44889
6.22395
5.91269
5.63692
5.47898
5.41356
5.48613
5.74785
6.06599
6.37399
6.61331
6.65564
6.5821
6.32307
6.0037
5.70196
5.48848
5.44342
5.57422
5.80335
6.09778
6.33943
6.58263
6.61408
6.51895
6.27691
6.04915
5.74238
5.48685
5.3872
5.47507
5.69921
5.99284
6.28581
6.54189
6.65258
6.58542
6.34425
5.99079
5.69654
5.47544
5.4085
5.49271
5.73004
6.02821
6.33754
6.53419
6.61036
6.49766
6.32751
6.05038
5.74095
5.54842
5.44945
5.50749
5.67635
5.99364
6.33236
6.56037
6.65461
6.58848
6.36566
6.03934
5.67059
5.48066
5.37424
5.44953
5.65867
5.98795
6.27421
6.45075
6.52804
6.51512
6.31557
6.04481
5.7285
5.53749
5.45024
5.52086
5.69942
5.95868
6.31463
6.55878
6.66809
6.59446
6.35661
6.0586
5.73027
5.55191
5.46062
5.48624
5.71994
6.00693
6.32166
6.5064
6.59432
6.50604
6.31036
6.06522
5.75996
5.51623
5.40482
5.48255
5.69438
5.96533
6.29703
6.48789
6.6201
6.56181
6.35377
6.0836
5.71291
5.49308
5.39434
5.48481
5.65745
5.87629
6.24909
6.53023
6.66034
6.59946
6.4228
6.18876
5.87723
5.61373
5.49092
5.5366
5.68425
5.9457
6.30896
6.55868
6.64143
6.57193
6.38326
6.12662
5.7665
5.44292
5.32118
5.37924
5.61217
5.88344
6.19165
6.44804
6.58417
6.55965
6.37165
6.09641
5.79679
5.56678
5.46378
5.53052
5.73859
6.05164
6.36833
6.631
6.78044
6.71414
6.44105
6.0808
5.78444
5.5632
5.40983
5.44125
5.66195
5.94
6.20425
6.43082
6.53844
6.49246
6.29047
5.9947
5.71927
5.48518
5.35555
5.4084
5.6549
5.99641
6.32212
6.56511
6.69252
6.68698
6.45286
6.11583
5.82015
5.58916
5.51859
5.54743
5.76756
6.06103
6.35295
6.57233
6.65997
6.56639
6.32965
6.00624
5.70144
5.43646
5.33631
5.39688
5.64848
5.91621
6.2197
6.42748
6.54899
6.52234
6.24838
5.96782
5.71155
5.51629
5.42941
5.51227
5.76907
6.07732
6.37232
6.62298
6.69304
6.61311
6.38591
6.13982
5.78823
5.55766
5.42289
5.47848
5.66365
5.93344
6.19749
6.43027
6.51349
6.48772
6.25235
5.95509
5.66686
5.41445
5.3592
5.40927
5.63517
5.91686
6.24465
6.53225
6.6146
6.57396
6.41308
6.15937
5.82008
5.59266
5.50828
5.50119
5.69325
6.00102
6.34406
6.50307
6.57592
6.53553
6.3364
5.98957
5.6746
5.44172
5.36338
5.41054
5.59411
5.90398
6.27351
6.52032
6.62975
6.54202
6.36174
6.07946
5.70703
5.48002
5.40891
5.43379
5.67206
5.97903
6.31556
6.50916
6.57755
6.59085
6.3716
6.03129
5.68888
5.49267
5.38348
5.48186
5.67595
5.99126
6.34313
6.59269
6.67748
6.56546
6.3209
6.05696
5.71787
5.4682
5.4133
5.47642
5.68055
5.95789
6.30258
6.51817
6.60316
6.54299
6.30557
5.97307
5.65202
5.43526
5.35268
5.45287
5.72814
6.0375
6.34476
6.61931
6.70032
6.60155
6.3357
6.06722
5.79759
5.54458
5.4412
5.5043
5.70989
6.01631
6.28808
6.5141
6.58225
6.52694
6.33169
6.04494
5.72899
5.49176
5.4211
5.51052
5.76804
6.05266
6.36091
6.57735
6.66342
6.57396
6.40421
6.09064
5.78654
5.56375
5.52221
5.59661
5.72097
5.93147
6.22319
6.48016
6.56067
6.45263
6.27391
6.03841
5.77161
5.54553
5.46005
5.5184
5.71765
6.0811
6.39776
6.57692
6.61706
6.61254
6.45358
6.15882
5.85295
5.61845
5.52464
5.5815
5.6954
5.90803
6.16085
6.40148
6.5355
6.49109
6.34366
6.04483
5.70138
5.50159
5.40116
5.44842
5.60579
5.93043
6.28924
6.54741
6.68388
6.60455
6.4682
6.20968
5.96276
5.73934
5.53611
5.56872
5.72135
5.99706
6.27195
6.45772
6.62657
6.56495
6.36454
6.09403
5.73011
5.43859
5.29915
5.39417
5.63095
5.90681
6.23224
6.5393
6.67034
6.62011
6.39543
6.07831
5.76438
5.5383
5.39938
5.48242
5.68483
6.00334
6.32672
6.57925
6.70683
6.64213
6.36975
6.04953
5.67798
5.40711
5.3227
5.40161
5.63767
5.97706
6.39474
6.63907
6.70777
6.59818
6.41752
6.07871
5.70558
5.50712
5.4357
5.50047
5.66384
5.96729
6.36647
6.55079
6.65654
6.55471
6.3691
6.01741
5.63268
5.38843
5.26484
5.33852
5.53931
5.89795
6.25796
6.49569
6.62803
6.53632
6.32345
6.02192
5.72521
5.50199
5.38508
5.51124
5.75883
6.06724
6.39037
6.62965
6.74192
6.67457
6.42063
6.0772
5.7291
5.47815
5.31412
5.35527
5.57492
5.89547
6.17261
6.44293
6.53
6.49036
6.19916
5.90701
5.61226
5.38743
5.28346
5.37961
5.65398
6.01553
6.31557
6.59885
6.7387
6.71684
6.48178
6.17274
5.84619
5.59077
5.49261
5.52445
5.77518
6.02484
6.36016
6.53668
6.62014
6.51211
6.20942
5.82358
5.50768
5.26888
5.20565
5.291
5.61967
5.9346
6.28688
6.50513
6.59951
6.47287
6.24115
5.98982
5.71999
5.5566
5.5218
5.65576
5.91527
6.22509
6.45987
6.62547
6.68273
6.60377
6.31607
5.96536
5.66991
5.48174
5.3818
5.46312
5.68894
5.99939
6.2756
6.47977
6.47571
6.3962
6.22398
5.96108
5.69569
5.49469
5.45658
5.54999
5.73247
6.01888
6.2884
6.517
6.62832
6.58531
6.41876
6.12292
5.8728
5.65452
5.57256
5.60226
5.77938
6.08922
6.32756
6.51327
6.59472
6.53526
6.36735
6.05852
5.81936
5.61206
5.52073
5.55096
5.62731
5.90018
6.13478
6.35593
6.47688
6.43727
6.3465
6.11282
5.8475
5.64695
5.51332
5.56911
5.70124
5.96719
6.26875
6.54026
6.69975
6.66204
6.53821
6.27995
6.01525
5.7605
5.58098
5.57788
5.65924
5.91402
6.20141
6.39866
6.53327
6.48687
6.40271
6.11729
5.75565
5.50466
5.3951
5.47627
5.61299
5.88134
6.19657
6.45742
6.64173
6.58505
6.41223
6.15436
5.9147
5.71796
5.56025
5.58838
5.75803
6.02309
6.34462
6.54681
6.65514
6.59074
6.37907
6.07039
5.74028
5.4647
5.31869
5.35081
5.58993
5.92066
6.23149
6.47903
6.58219
6.58804
6.44544
6.13149
5.761
5.54312
5.46044
5.54462
5.69234
6.01278
6.35852
6.66339
6.78961
6.71783
6.42685
6.11042
5.77748
5.52674
5.39367
5.42826
5.61879
5.91089
6.24482
6.4556
6.50379
6.44493
6.30574
5.99618
5.67263
5.4346
5.37141
5.46414
5.724
5.99456
6.31598
6.58053
6.70974
6.60291
6.42001
6.15299
5.84242
5.57069
5.48065
5.51029
5.67397
5.91091
6.22841
6.48391
6.60108
6.5105
6.28033
6.0301
5.77218
