46121.8
47724.8
49133.2
50142
46039.4
42086.5
39970.6
38718
38724.3
38479.1
39507.6
41294.9
43878.4
47506.8
50801.9
53428.6
55290.4
54796.3
52101.1
48095.3
44117.3
41386.8
40178.4
38938.6
36056.5
33380.9
29313.7
25978
23809.3
23083.9
25033.6
26956.3
28624.5
29323.5
29814.9
30117.2
31489.9
34706.8
37811.8
41295.9
46522.1
52238.2
57457.2
60752.2
62634.2
63083.3
60503.7
56891.6
52295.6
48986.5
46498.9
46650.8
48181
48463
49712.6
50365.1
51485.6
50469.2
47420.9
45125
44114.4
44542.3
48617.8
57195.6
64390.1
70901.3
79258.4
75542.9
67271.5
57607.7
50932.3
50053.3
50397.9
52202.8
56683.1
61712
65348.5
68216.5
68805.6
65409.3
60049.8
55680.2
53646.3
54523.1
57075.4
62974.4
69142.7
72874.5
75805.5
73921.1
65851.8
55892.4
47703.9
43817
43272.5
44076.1
45839.7
47704.8
52074.6
56923.8
58911.7
58864.1
53067.7
49539.6
45096.7
41805.3
42148.6
43774.7
48841
56875.8
63042.5
66635.8
69410.1
67183.4
59392.1
49882.1
43098.8
41461.2
42533.2
43114.7
44318.8
47112.4
50181.8
51923.2
46820.5
42737.4
40126.5
38051.3
37766.5
38434
39888.6
42628.9
48654.4
57639.9
64341.8
67986.7
70653.9
68249.2
60235.4
50501.9
43734.2
42268.5
43470.7
44776.3
45958.7
49892
53254.3
55275.6
50417.5
45495.9
43194.8
40686.7
40632.5
41677.5
43079.9
46200.9
52945.1
63068.1
68080.2
71178.4
73627.8
67493.4
57308
47288.7
41708.5
41910.5
43819.3
46054.8
48150.3
52053
54935.8
56344.6
50455.9
45236.7
42325.8
39829.8
40130.4
41703.8
44340
48648.2
54387.4
60711.1
64493.1
66349.4
65108.7
59712.3
54170.5
48524.3
45699
44420.8
42716.5
42270.7
41929.1
40283.2
38424.9
34960.2
32779.1
31176.6
30251.7
30949
31818.4
32303.6
32297.2
32724.8
35480
39473.8
42760.8
46476.8
50804.6
56038.9
59515.3
60693.4
60633.9
57938.5
55258.2
51807.6
48507.9
46531.5
44291.6
44283.1
44744.5
44411.5
44860.1
45119.5
46595.2
46008.7
43855
42528.5
42228.8
42950.5
46877.4
55793.1
63148.6
70120.1
79367
77373.2
69411.4
59610.2
52682
51440.7
52064.3
54441
59153.9
64318
67997.9
70567
70820.2
67709
62935.4
59058.6
57721.7
59000.9
61691.4
66700.9
72652.7
75165.4
77271.9
72354.2
64524.9
55685.3
47868.1
44902.6
44759.4
45657.9
47400.5
49555.1
53683.6
58392
60094.6
60828.6
55170
51635.9
47743.2
44624.8
44872.9
46938.7
51581.8
58289.2
63559.7
65261.2
67704.3
62183.6
54709.8
46235.3
40298.3
40390.8
41913
41679.4
43130.6
44675.9
46922.4
45364.7
39770.7
36987.7
34743.8
34597
35361.7
36042.2
37412.2
40384.3
45850.4
53145.5
60679.2
63110.5
66131.1
63008.4
56649.4
48361.8
42000.6
41709.5
43080.2
44182.2
46219.7
48363.8
50273.6
45449.7
40855.5
37413
36086.9
36348.9
37888.5
40120.4
42459.5
46485.4
52789.7
60758.7
65668.2
67282.6
68488.1
61355.8
52869.9
44543.8
39975.8
41096.2
42591.3
44091
45971.8
47951.6
49438.7
45223.9
40271.7
36640.6
34560.1
34739
35869.4
38194.8
40977.3
43969.3
48413.6
53973.1
57843.7
59190
57256.9
53715.1
50615.4
45899.4
41685.3
39758.5
39277.1
38634.9
35481.9
32051.2
27201.3
24155.4
22969.8
22661.5
24631.3
26817.5
28193.2
29699.1
30151.7
31119
33778.6
36464
39688.2
42728.1
46655.3
51038.2
55005.2
56695.8
56759.8
54445.9
52824.7
49672.6
46985.6
43560.7
39497.7
38497.6
38445.5
39567.2
41733.8
43566.6
45992.4
46067.9
44865.7
44093.1
44547.3
45151.8
48626
57028.3
62042.9
68018.8
76154.6
74596.8
66835.5
57835.8
52418.7
52157.1
53357.4
56351.6
61157.5
64904.8
67523.3
69489.9
66095.8
62210
58555
56357.6
56883
58456.4
62193.8
68112.2
72449.9
73953.2
75121
67954.6
59745.9
51431.2
45876.8
45197.6
45588.3
47161.1
48418.1
50884
55359.2
58164.4
59844.3
54416.8
50733.2
48335.5
45084.2
44862.2
45422.7
48312.2
53457.1
59386.8
63777
64724.2
64621.8
57938.4
51440.2
45150.1
42278.8
43877.7
43965.9
45693.7
45879.3
46872.8
45679.5
39940.5
37151.7
34722.3
34814.4
36953.2
38353.3
40089.2
41427.6
44807.1
48850.3
53622.8
59337.9
61256.2
63327.1
58816.7
54766
49878.1
44903.8
43553.5
42433.5
43043.9
42992.6
42231.9
39929.3
36159.2
34316.6
32416.8
31906.4
33857.5
34809.3
35559.7
37075.6
39061.5
42020.4
46215.7
50773.5
54511.1
57107.9
57177.2
55114.2
51428.2
46635
42861.4
41873.5
41246.3
39042.9
35853.8
31747.6
29863.3
29193.7
28431
29642.9
31540.4
33296
34019.6
34172.4
35217.8
38535.3
41967.7
45364.1
50163.1
55635.7
61339.3
65723.9
65643.7
63453.2
60861.3
58851.4
57892
57261.6
55907.1
54776.6
53588.6
52570.4
52222.6
53016.8
54002.6
54893.8
55920.7
57101.5
58629.5
60934.8
63921.3
67643.2
70567.7
72909.3
74717.7
73372.8
70788.5
67665.7
65679.6
65100.1
64423.2
63561.2
61774.6
59967
58306.8
57043.9
56578.7
56926.4
57796.3
58634.1
58223.4
56600
54369.1
52211.9
50957.2
50298.9
50639.4
51883.1
53766
56011.7
57657.9
58877.7
58992.7
58127.3
55700
52809.8
50179.6
47725.9
47006.9
47092.5
46907.2
48245.4
47575.5
45990.7
44430.1
42083
41436.6
40074.9
39889.4
41354
43684.6
47540.3
53050.6
60330.1
67096.3
71273.9
73885.7
73628.6
69406.6
63478
58638.9
56592.2
56803.4
59173.5
62626.1
65251.8
67673.6
67083.6
63776
58937.9
54724.7
53324.1
54359.1
57032.6
61458.9
66754.9
72978.2
77232.1
79665.6
74594.1
69281.9
64089.9
59411.6
57465.3
56742.8
57029.1
58047.5
60635.6
64947.8
67338.5
69032.7
70330.4
67463.6
62516.5
58266.9
56425
57311.6
59745.8
64568.5
68673.1
71832.8
74967.6
73605.5
69125.4
63494.9
59116.7
56679.3
54838.6
53973
53688.7
53496.9
55154.1
58247.6
60519.1
61059.7
58614
55547
51637.3
47828.4
46593.8
47498.9
50382.2
54431
59936.8
65386.8
68013.1
69958.4
66273
62261.3
57527
53751.4
51789.6
50354
49597.1
50140.3
49926.3
49888.2
50393.8
48663.1
46761.4
44462.5
42673.5
42102.1
41765.5
42681.7
45282.5
48711.1
52756.1
57835.2
62521.2
66267.6
68015
67343.5
64536.4
60841.1
56663.2
53201.7
51413.4
50588.4
51255.4
53006.2
55090.1
54129.2
53102.4
51149.7
48755.7
46317.9
44991.3
45463
47628.6
51166.8
56064.7
63355.6
69424.8
73797.6
76727.1
75156.9
69970.7
63844.3
59285.5
57227.1
56647.2
56826.1
58001.2
60744.2
63886.3
65193.4
67055.2
63953.4
60357.8
56541.8
53680.4
53658.5
54972.6
57934.4
63304.8
68525.4
72922.1
76379.4
76444.3
71077.5
64569.4
58622.8
54473.1
52482
51183
51439
55492.1
59814.9
63348.8
67319.6
67531.1
63577.9
57274.3
51871
49467.4
49201.6
52155.7
58876.9
66098.3
72249.7
79832.7
76989.4
69748.8
60925.3
53984
52261.4
52362.7
53822.9
57364.7
62990.1
67492.7
70438
73365.9
71385.3
67462.8
62994
59819.3
60001.6
61504.4
65001.5
70950.8
75200.2
77753.1
75875.7
67531.1
59393.3
51366.8
47114
47235
48640.7
50694.4
54981.1
61753.6
65909.8
69241.4
71444.2
68233.3
63235.4
58567.4
56408.4
56877.8
58418.1
63754.4
70284.2
74346.3
75831.2
74019.9
64714.2
54593.9
45980.2
41585.2
41920.6
43653.3
46174.9
48763.9
52517.5
56934.1
59223.5
58733.9
52515.8
49140.8
46816.8
45923.1
47187.8
48371.3
51330.4
57778.7
65778.8
69091.8
70476.8
69544.7
61843
51569.4
42903.4
39598.8
40932.9
43532.7
45764.5
47970.2
51304.3
54073.6
52229.8
45924.2
41285.4
39943.5
39584.4
41027.9
42935.6
45411.2
49560.5
55461.2
62055.4
64985.2
67141.8
65285.5
60389.3
54493.9
48813.7
47119.6
46851.8
45500.9
45477.5
45196.2
43684.3
41828.6
38413.3
37391.1
36060.2
35668.5
37248.5
37879.7
37836.1
37124.4
37318.8
39817.2
44100.4
48462.3
52988.1
59440.1
65086.7
68226.8
68705.5
66158.4
64251.5
60679.2
56855.1
54824.8
53136.2
51748.8
51336.7
53472.7
53183.6
54085.5
54819.3
55562.9
54502.6
52357.1
50920.5
50107.2
49923.6
54278.9
60819.8
68366.9
74984.4
82315
75592.8
67245.8
58176.3
51805.3
51477
52386.8
55368.8
59902.7
65350.2
70931.4
73931.6
77005
73195.3
69384.9
65514.6
62514.3
63334.8
64860.9
70067
76056.9
78215.4
79321.1
70890.7
63287.3
54357
46598.5
44456
44106.9
44951.8
46824.2
50201.7
55083.9
60503.9
62821
65281
59716.3
54713.4
49986.2
46207.6
46416.7
48238.8
53410.6
62255.3
66905
69397.8
71268.5
64797.6
55254.4
45868.8
40666.6
41038
42714.6
43585.3
45049
48001.4
50765.5
52232.3
46468.2
42588.6
40265.4
38546.1
38981.9
39749.4
41082.6
43771.2
49752.9
58805.5
64814
67642.8
70307.7
65375.2
56558.9
47051.4
41122.8
40773.9
42319.9
42964
44583.1
47588.9
50604.3
50771.3
44735.3
40697.9
38745.4
37188.4
37574.6
38815.6
40672.2
44139.6
50528.3
59417
65297.2
67490.6
