17.2572
13.156
16.1722
17.7243
20.5292
18.7851
18.2442
17.5124
17.2107
21.2039
19.5147
20.1989
17.7027
20.3152
19.8233
22.4879
19.0551
19.728
18.3638
16.8356
18.2379
13.7982
19.0674
17.0097
22.761
19.8374
21.6397
23.7972
20.5859
25.5515
18.702
22.2742
20.8804
21.7494
22.4834
17.5565
18.3557
18.3703
18.3136
17.5333
16.5846
19.1786
20.2258
20.0853
17.3144
18.6863
16.1616
18.9454
16.7361
18.9213
20.735
19.9147
21.2192
17.6363
18.6803
17.2239
17.539
16.7545
16.842
16.7413
17.1646
21.1718
19.2164
20.6105
18.302
17.3007
20.5658
18.7208
20.3041
18.1071
17.9535
19.0632
18.0193
18.3178
19.6274
20.8389
21.087
20.8244
19.4733
19.6127
21.2992
20.707
20.028
19.1033
18.6978
19.6861
17.9595
17.5725
17.4465
16.6311
16.6263
15.4393
14.9315
15.3705
14.8019
13.9654
15.4611
14.1411
15.7618
14.2076
15.0915
17.3529
16.6961
18.6818
18.108
18.342
19.3254
18.1316
19.556
16.6343
16.9566
17.6208
17.7342
18.1332
18.7542
18.3746
21.0109
19.1883
21.5115
21.1772
20.543
21.7975
20.7382
21.8166
19.2746
19.6399
20.5976
21.0792
21.1267
18.5981
19.9582
19.1524
18.2133
19.6088
17.8454
21.1396
18.6408
19.4655
20.6655
21.4856
22.3252
21.775
22.3351
20.3153
21.9423
21.0605
22.872
21.8897
18.7836
19.1733
16.8267
17.5983
16.9378
15.8942
16.3659
15.4593
13.6305
13.1696
13.0966
14.4377
14.2717
12.2981
11.445
11.2181
12.0915
12.5481
12.9131
11.7734
12.4708
12.7367
13.6552
14.3738
12.208
13.1316
11.834
13.0585
13.0088
11.5561
13.6284
12.8286
14.8285
12.58
11.0542
11.7283
11.9126
13.684
11.964
9.75821
9.73269
10.002
11.3015
10.309
6.74119
9.54168
8.25677
10.5832
6.64546
6.91394
9.36768
9.2109
10.7238
6.11795
10.338
10.2936
11.038
8.51538
8.48538
13.5493
15.0882
17.443
17.2675
17.5269
19.1803
18.6876
19.9328
19.3343
17.6399
15.2912
13.1396
12.5696
12.3099
13.6598
13.9457
13.3593
10.2334
9.66596
12.8081
13.7705
14.6542
13.6983
14.3868
15.9047
15.6849
17.0176
15.1551
13.351
12.7528
13.4417
13.6773
12.1262
11.5483
14.5543
11.6859
13.6308
10.1546
11.9813
11.7066
10.3354
12.4278
9.72361
11.2825
11.1106
10.962
13.1575
11.8271
14.1914
14.0446
11.87
12.7815
8.64632
8.46058
9.07033
9.0913
7.5447
2.90523
2.79435
6.78376
10.1376
8.98049
9.81608
8.60709
10.6924
11.6917
10.1459
11.4194
13.5258
13.978
16.8663
17.2745
18.9531
14.7921
13.1252
14.9214
14.9082
14.6521
9.74158
13.3055
9.68154
13.5561
14.7247
18.3735
18.0723
14.7124
17.6214
19.2194
14.598
14.9539
12.6827
15.3857
13.3005
6.46356
10.0213
10.2124
18.6232
20.1274
19.8652
18.9776
20.7772
22.5906
23.9187
20.7797
17.5436
14.8306
13.4137
16.5929
20.7596
22.6004
18.6017
14.8556
16.3437
18.3129
19.967
17.8403
16.2976
16.6529
17.9263
19.8596
19.0415
18.6771
21.2708
19.7679
20.3962
18.5798
18.2089
17.5945
13.2448
12.4402
12.9719
11.9347
12.0816
13.2816
14.9369
18.9477
13.933
17.1816
15.0348
17.4085
16.046
15.2911
17.6996
17.8218
17.8366
17.2649
14.8581
14.9424
17.9244
16.0707
17.9933
15.1951
15.9443
15.4356
12.8228
15.4424
15.9498
16.946
17.0733
18.3132
19.6881
20.0107
20.3146
20.9834
20.5667
18.3802
19.9631
17.8758
18.0063
14.6813
15.1772
18.7368
17.9893
22.9882
21.0325
23.6334
23.7594
21.8836
19.6035
17.101
17.6671
16.4349
16.2702
12.2286
16.2878
18.1506
18.9454
20.5875
14.6731
17.48
13.9123
15.3503
17.6581
13.8041
16.2659
12.1884
16.5985
19.0913
18.1119
19.6858
17.8254
22.3673
22.4531
21.7911
21.0155
20.2002
19.513
21.8613
19.367
19.5903
17.5412
18.0911
20.0294
19.7699
23.8624
20.8756
20.9174
18.3844
19.7467
19.6809
17.9863
17.0351
18.5747
16.4593
18.7712
17.1705
19.9493
21.2613
19.0494
19.8534
18.3296
21.8203
21.7285
20.7643
20.3329
19.6817
21.5433
18.9388
22.0786
21.8864
22.5146
20.3613
17.0979
19.5132
17.1635
18.7436
15.21
15.4804
15.5007
14.7269
14.8149
14.9359
18.132
17.2613
17.7751
15.9025
16.5492
17.5688
15.6505
18.191
15.622
16.6303
15.4443
14.8432
17.8328
18.2638
18.2343
15.0552
15.1774
15.3274
16.2741
16.6281
15.1602
16.2692
15.1816
17.1615
17.7767
17.8316
19.3016
19.7476
20.6304
20.1919
17.0704
17.6685
16.5528
17.0708
19.4866
16.5684
18.8017
15.3997
18.4662
20.184
20.0651
21.9247
19.2655
19.4127
16.5906
16.7317
15.5064
16.3438
15.0541
14.349
13.708
14.597
17.0852
17.9315
16.4029
14.9
15.1968
15.021
17.4175
15.4991
17.6104
16.1016
15.678
17.5449
17.1112
18.2109
18.0003
17.4222
16.4577
17.4416
16.1611
19.4956
14.7643
16.3617
14.613
14.6862
16.3868
14.8949
17.7905
14.4542
13.0898
14.0055
12.503
16.0171
13.995
14.2566
14.0901
13.428
16.3561
15.2839
15.0605
14.5287
14.8409
16.5113
16.8486
13.7369
15.1616
12.1688
17.3294
14.8624
15.4738
13.3878
12.7502
15.7556
14.8117
17.9331
15.0363
18.4088
15.8332
17.5798
15.9934
15.2148
14.0791
10.7876
8.19675
8.49663
12.3991
12.2721
11.0112
7.97479
9.43438
12.7347
12.411
13.1322
11.1383
11.1064
14.5879
13.4703
14.2143
6.65287
6.73813
9.88287
10.1534
8.63108
4.15869
4.90643
9.73268
9.42792
12.4817
12.779
11.971
16.0621
12.7829
18.3855
14.6132
14.7999
13.3554
13.898
17.6687
15.3442
17.1907
13.6806
14.9165
12.4615
13.0775
14.517
13.811
16.3471
12.9569
15.4312
16.4143
15.6256
18.0518
14.286
14.489
13.9543
13.0127
14.7083
12.8971
12.8552
13.0415
12.184
13.1718
12.9855
11.9736
13.1754
12.187
11.1134
11.3171
10.7209
15.6856
10.7374
12.6068
9.1186
11.177
11.2914
10.4218
10.3074
11.3443
10.4037
11.5276
9.75843
8.31949
11.8101
11.3436
15.6828
12.0251
9.62652
6.44438
5.07752
7.77601
10.9808
12.0054
10.265
6.26858
10.4176
14.8023
22.4566
25.7102
25.5605
26.7358
22.0262
22.1801
20.9045
21.3889
19.2863
18.4017
15.0557
17.602
14.9878
15.9032
14.6781
11.8387
11.9031
11.487
14.775
16.1292
16.5648
14.8717
14.2333
15.8409
17.3918
19.394
16.3777
17.4787
15.702
17.4201
19.4292
19.0457
19.0041
17.2506
15.2319
16.794
14.868
18.2666
17.83
16.9093
17.6976
17.2787
19.0642
16.8387
15.0584
17.625
15.9121
17.4819
12.6737
16.8957
17.4458
16.5817
18.1714
14.0244
17.8199
17.3556
21.8544
23.0321
19.873
21.5253
19.2242
21.5727
21.5046
17.7197
22.0297
15.5204
19.6996
16.1852
15.9726
17.8738
11.168
21.3731
15.6382
23.444
16.4047
16.3271
16.663
13.2803
17.0382
17.5174
19.2253
18.5088
16.9874
19.5814
21.5957
16.6641
17.3224
17.6924
18.6119
22.0033
17.2673
21.7717
20.7183
23.4937
21.9185
20.1919
19.6118
20.95
19.4747
17.8018
17.9441
18.1422
18.3412
15.4567
17.1939
18.113
17.5907
14.7075
15.9379
17.4527
18.282
18.195
18.8171
18.8062
19.1665
15.511
16.6205
18.4553
19.7148
18.3671
14.813
16.0396
17.8528
16.5354
15.5216
16.0165
17.2877
18.4839
16.9551
18.6021
18.0939
15.7165
17.7718
16.0657
18.3769
17.4043
16.0525
20.747
17.1822
20.0329
16.8956
17.1628
19.9423
18.0686
20.3476
18.6976
19.4079
20.0469
19.1244
20.5289
18.8344
20.0743
18.5721
18.9131
17.3206
18.0565
18.3264
18.6816
17.9892
18.5612
19.9935
20.2796
21.5352
18.9809
18.9001
17.7068
18.2341
19.3568
18.1833
18.8379
19.0186
19.1398
19.4572
19.6445
19.2599
19.1784
18.6566
17.1227
19.0885
18.1072
19.8821
18.15
18.9351
20.2353
19.2429
19.64
17.7761
20.3699
16.9955
17.8372
16.3968
17.0582
17.8906
15.7127
16.6619
17.1085
18.233
16.913
16.4248
16.5492
17.3186
16.1351
13.7391
15.954
16.0887
16.6243
16.2998
15.3561
17.8563
16.1397
17.9317
17.3657
17.0287
18.1983
19.9062
22.2729
20.8525
17.9994
18.2848
19.1449
18.9131
19.9364
17.9356
19.1882
15.8639
17.9739
19.4825
20.2333
20.2953
20.1871
20.124
17.9117
17.2083
16.9868
16.8262
13.7168
12.7845
13.3687
15.3348
16.5128
15.5573
17.2397
17.1162
19.1924
18.6511
18.5367
19.6492
19.3295
19.0637
18.5516
18.3308
17.3411
15.6659
13.1891
13.1355
12.4838
11.0823
8.80651
7.06218
7.16788
7.54403
7.47566
6.79271
7.63063
9.60457
11.7837
13.1674
12.7346
11.4296
11.0489
10.8072
11.5355
8.12998
7.38628
5.49629
5.73529
5.41566
3.66784
4.99587
7.42139
8.81434
8.48211
8.23723
8.39014
9.87853
8.33292
11.9231
12.915
13.6577
13.4237
13.5692
14.0371
13.7641
13.3747
13.6963
13.3787
12.5477
11.979
9.86866
7.45412
5.86392
6.88392
7.48654
8.35061
7.95973
9.80531
8.37097
9.9095
10.6019
12.8542
14.7242
13.0107
13.3409
9.12806
11.8963
13.9964
15.6372
15.0706
11.4415
13.5944
13.6506
17.5853
18.7255
17.0387
16.1661
16.6545
18.6071
19.7383
11.6716
11.24
8.52811
12.8497
11.9525
8.76701
12.3113
11.8435
16.1109
16.2135
16.3677
17.5075
15.66
18.6568
17.8951
13.3467
10.3076
9.84506
12.0424
9.55473
7.58934
7.41871
7.08149
9.4139
9.72827
15.8126
13.7098
14.9468
15.3474
15.8621
13.2584
9.68283
10.6148
12.7556
6.56449
3.24609
2.33132
0.69402
5.25657
3.38682
13.4807
11.2291
14.2192
12.4818
12.4041
15.9601
17.8789
20.2271
19.7225
18.4577
21.4194
22.3165
18.0035
19.3934
14.6817
21.3699
15.668
16.6745
16.0522
17.9727
23.0189
16.5935
19.3525
16.2982
17.884
19.9312
14.8518
19.4161
17.8032
19.703
20.8823
17.8497
21.0816
19.529
17.1789
18.6442
17.1161
19.2492
18.3783
18.0259
17.3733
16.7056
14.2097
18.0997
16.1117
19.4785
17.0905
16.5236
18.856
17.3305
18.4605
15.6289
15.251
17.9438
17.0895
20.1398
20.0305
19.5291
21.1193
17.2898
25.5872
20.2131
25.7116
18.2275
17.9915
19.3268
17.7671
21.1255
17.1831
18.6126
17.0604
17.7957
18.8843
21.0487
18.4528
13.4856
12.1553
11.9819
16.7207
16.3991
17.9228
17.2975
15.1489
18.2127
18.9442
22.0342
19.5327
19.6023
20.2567
19.82
18.548
20.1986
21.3115
22.225
21.6403
20.2186
20.1142
18.6989
20.0286
19.3558
19.1127
18.4359
18.5315
16.1493
14.6098
14.5812
17.0122
16.4231
16.4816
14.6149
15.4042
17.2788
19.7037
21.9558
21.2186
19.1919
20.6767
21.1523
23.6516
22.9388
22.7296
21.2756
18.3599
19.7551
18.5204
20.9729
18.8072
17.3855
15.8103
15.0427
17.3156
16.5628
16.4958
13.1715
13.2747
14.2427
14.2857
15.7722
14.1366
14.5585
14.792
15.0297
17.677
17.6948
18.9274
17.6165
19.0157
19.0371
19.6477
17.9521
17.8329
18.3341
17.0463
18.4753
17.1359
18.243
17.0547
17.8684
19.1759
18.4574
19.3058
17.4302
17.6571
18.1879
18.5123
19.3848
18.625
19.3343
20.0867
20.0156
20.1288
19.4602
20.7571
19.9526
19.7439
19.8667
19.3444
19.7511
18.8584
17.6493
18.0445
18.828
18.9491
19.1739
17.7134
18.785
19.3471
19.4109
21.3718
21.3492
20.1167
18.9344
17.2968
19.1001
19.265
19.5953
17.1981
16.597
16.1757
16.9207
18.117
17.533
18.3973
16.8124
16.6307
18.6826
18.0791
19.0731
17.1035
17.2493
16.7226
15.232
16.3915
16.285
17.8263
17.4371
16.3121
16.3243
17.0047
18.0355
19.0195
19.2015
20.0821
20.0365
19.5109
20.0359
17.8789
18.4127
18.5051
18.7026
18.7396
16.2882
17.2642
16.7537
17.5382
17.6205
15.8651
15.6284
16.01
14.78
13.9909
13.5612
13.8911
15.0635
12.8003
13.2529
14.8671
16.1349
17.6885
16.2668
16.6472
16.2967
15.9598
18.2829
16.7167
15.9653
14.5082
15.0349
15.3042
13.9756
13.6417
15.0048
14.2767
14.677
12.9244
13.8168
12.8227
12.7113
12.9176
13.9316
13.8788
14.7913
17.3208
16.192
15.8007
14.7171
13.8781
15.4456
12.6475
12.7892
12.9446
10.2176
12.4733
10.1191
12.7121
11.9783
13.8437
16.2519
16.3349
15.737
14.1157
16.3661
16.4922
18.4199
16.5896
15.5012
14.576
14.8334
17.1504
16.665
16.0859
13.4995
15.6664
16.6756
16.4088
16.1647
15.7552
15.7727
14.1647
13.8963
14.8409
15.4336
14.1632
13.1767
12.7506
14.6224
13.3633
13.2038
10.3055
10.6647
10.94
10.9502
11.6148
9.95819
10.6603
12.2142
14.0529
15.5174
12.4606
12.087
13.4085
10.7056
10.6814
6.43585
7.91264
8.41488
7.00043
8.76878
5.1046
7.6558
9.44565
12.5156
16.393
14.3488
14.8862
11.4591
12.049
14.5227
16.4352
14.6277
10.7132
11.6531
13.7972
17.4632
17.847
20.3929
20.3209
21.8541
21.8171
22.6392
19.3796
16.5787
13.4221
9.6228
8.51581
9.76404
11.4274
14.3313
12.8269
12.1942
16.1651
16.7773
20.4248
17.439
13.1147
15.9026
15.5574
19.6145
15.8273
9.77699
11.6839
5.95264
14.1244
12.4951
17.809
19.4649
15.8572
22.6072
17.5102
20.5143
17.3608
15.5364
22.2929
16.7422
20.583
15.3595
19.2852
17.6238
16.6657
14.4289
18.1244
16.9241
18.3114
16.5547
18.3828
19.7743
18.644
19.2997
17.7094
20.2193
19.4893
20.5875
17.3065
18.4127
19.2806
18.6137
20.3098
19.6332
21.0596
18.6728
15.0082
15.4654
18.8766
17.9348
18.1676
12.4525
13.6809
18.5146
17.3045
19.9436
15.7655
16.3383
16.6422
16.3105
21.1013
19.9937
19.2536
12.0825
15.1458
16.8727
16.2907
15.1758
11.6746
16.665
17.1498
19.0696
20.4849
18.8878
20.2021
22.4857
22.9977
23.5583
16.1507
18.4467
17.2201
17.0826
18.9288
16.1639
22.1184
16.1439
20.3134
19.6967
22.4459
21.5095
17.7291
17.8663
14.8812
15.4048
18.9576
17.8646
17.9855
11.8671
12.6767
16.7963
16.9215
17.35
17.917
19.3953
21.2117
20.945
22.3452
20.9715
19.3352
19.4285
18.5133
19.9209
20.3751
18.1661
18.1052
13.744
19.5217
16.5239
16.3337
13.6746
13.0566
14.1203
15.2627
14.7064
16.3823
14.1712
14.5258
16.2776
16.1519
18.6986
16.4624
18.3383
20.3941
19.031
19.7061
18.2962
19.5558
21.0637
18.6848
19.8844
17.4938
17.8883
18.6692
17.9995
21.1037
18.5725
19.6408
16.0248
15.1279
16.8514
15.9179
16.6869
14.5455
14.6176
16.7853
15.0195
15.7751
16.6035
16.537
18.7004
16.1097
18.4911
18.0945
18.8824
21.5893
19.6958
21.5178
17.855
18.411
18.115
17.7828
19.0647
18.0198
18.8972
17.9692
18.2422
18.6053
19.4139
20.072
19.9443
19.7488
18.8278
19.7162
19.1459
20.3272
19.0444
19.5893
18.3014
16.9649
17.3864
17.7681
18.9304
17.1384
14.5743
15.5057
16.917
18.4365
17.3546
17.2018
15.7724
15.0298
12.4277
13.3462
13.6764
15.405
16.3308
14.3565
16.4396
16.8053
20.4093
20.8689
19.324
17.6255
17.12
18.1462
18.5106
16.2027
15.8278
15.5504
14.5661
15.6968
15.0639
17.5607
17.0625
19.5413
18.9256
19.8259
17.455
18.3638
18.169
18.1994
18.4551
16.1224
16.6285
15.9425
18.2723
20.2233
18.8656
17.9328
14.0448
14.9467
16.2679
16.1826
15.3143
11.9386
12.5786
13.9775
14.5997
15.5371
15.5386
15.3375
15.44
16.436
18.0683
15.6623
14.8385
15.2818
15.6354
14.8225
13.4158
15.0636
16.798
15.6576
16.117
16.6186
18.4789
18.9169
17.9188
16.8905
16.2194
15.7725
15.6929
16.1636
16.1104
15.3196
13.8977
14.7007
15.2406
13.6501
12.9326
11.5987
13.5667
14.2703
14.3297
14.5684
13.0069
15.6063
16.4403
15.4505
13.9229
12.3842
14.3971
13.9676
13.3826
12.1346
11.3559
12.7907
13.5076
14.7194
12.7697
12.5937
13.5363
14.01
14.204
14.4659
13.4327
12.9656
14.0617
15.594
15.9173
13.3
12.7039
11.187
11.6585
12.3287
12.981
13.7347
13.0076
14.3814
13.7902
13.9344
12.9289
14.5906
14.0119
14.1669
12.2136
13.157
10.732
11.7825
12.5679
11.9652
11.2984
10.5372
10.9563
12.1161
10.6357
10.8008
12.0264
12.8689
11.342
12.9146
11.1842
10.9335
9.43784
10.1824
17.1068
15.6287
13.8932
9.95811
15.2557
18.7435
18.9338
11.9571
12.191
15.3261
16.2359
18.1239
14.9827
18.1746
19.0408
22.9591
25.8145
22.274
21.2882
17.5955
18.3923
18.7547
18.3148
19.8045
16.1682
18.8081
17.6737
23.2058
20.5409
19.2531
16.0102
14.4408
17.1294
13.5223
15.0531
13.647
14.8716
17.4667
15.3624
21.4257
19.358
21.9715
18.6963
17.7931
17.8806
16.1338
17.4571
16.6426
17.0299
16.6841
17.6089
19.0187
21.8118
20.7616
25.9077
25.0333
28.6166
24.9604
23.3022
23.6538
20.9097
25.1259
21.143
22.2359
18.7808
18.973
18.6047
13.5613
15.3589
11.1821
14.0744
11.601
10.6027
13.6867
13.4806
14.8418
13.6332
13.6303
13.8375
14.8282
14.2728
17.5665
17.1517
19.7599
20.197
19.401
21.0166
15.8857
17.9291
18.0765
18.4301
20.161
16.7426
19.4528
18.6798
19.7992
22.2878
18.205
21.2142
18.5848
21.9759
18.2135
16.2687
15.0241
16.1235
19.8407
17.4342
19.7853
17.7361
20.6424
20.3903
20.5701
20.9396
17.486
16.9299
14.7109
19.2103
18.945
20.2111
14.9843
14.6373
16.0588
16.5054
15.8164
12.9654
13.7424
14.0237
15.0698
16.1484
16.5248
13.7833
14.5057
16.0755
17.9995
18.8198
19.7554
20.9582
22.0009
19.7642
17.0973
16.7744
14.95
18.5515
15.9927
16.5035
16.3486
15.9037
18.0723
18.7604
19.3394
21.5187
20.1558
19.2308
17.1805
16.7844
18.8335
17.7266
17.2961
18.1107
18.5146
20.5802
21.4279
23.5276
23.7322
23.7354
24.2105
25.2998
24.8641
24.3417
23.9325
21.7535
20.0217
18.6865
18.8226
18.2752
16.1308
15.5302
15.3579
15.3665
15.0397
15.0318
14.4554
15.1091
15.3546
15.7658
15.0067
15.2107
15.3948
16.0633
16.6823
16.7428
15.5399
15.0269
15.3941
16.9038
17.3996
17.1313
16.6524
15.7033
16.5214
17.262
16.9309
16.5484
14.8877
16.1844
16.1245
17.4295
18.0344
18.3254
19.2372
17.8916
19.1662
18.0774
18.0712
18.8008
17.6887
18.7595
16.4343
17.0686
17.6864
17.2969
17.7996
18.3299
18.8616
18.8924
16.4679
16.7742
16.0099
17.7769
16.3332
16.8791
15.161
17.0772
18.7108
18.8193
19.2113
18.2909
19.9992
20.6688
21.1021
19.5009
18.994
18.9571
19.9848
19.5654
18.8226
18.9443
17.2325
18.3859
16.831
18.6514
16.4494
16.1066
13.6398
12.537
12.6387
13.8138
14.4389
13.7389
12.3005
11.2558
12.3153
13.5534
14.994
14.162
14.758
16.067
17.3407
17.6684
15.9764
16.1207
17.6324
18.1768
16.9985
14.4062
12.1852
14.1608
14.6841
17.4554
15.1986
15.3595
13.3352
15.7611
16.323
16.8687
18.2568
15.6192
17.8637
14.683
15.5771
14.7514
14.4379
14.3658
13.1734
13.6052
15.2593
14.7781
14.9026
13.6925
13.8291
14.5276
13.9773
14.2891
14.4388
13.7953
14.3876
15.254
15.9513
16.6364
14.8205
15.1103
13.1099
13.7623
13.1984
14.7096
13.5678
12.1478
11.0056
10.5262
11.596
10.3855
11.5632
11.8132
11.588
12.9411
11.2974
13.2285
13.4374
14.6784
13.9331
11.6858
10.6558
11.0777
10.3661
10.2347
8.48161
6.60546
6.89543
5.67624
9.3044
12.5306
11.7136
10.7596
11.4961
14.0265
15.9997
15.1102
13.7937
15.9779
14.9672
14.4726
13.7486
12.2458
13.8968
14.1437
16.393
18.7964
16.9369
18.415
18.8602
20.2058
18.4876
16.4038
17.3009
19.0049
17.2626
19.0562
17.4059
18.2236
18.5705
14.5087
16.7583
13.6467
17.0748
16.3679
17.2486
16.0649
18.3651
14.4463
17.3568
18.593
20.2535
22.2757
20.0235
19.6229
19.379
16.5383
18.6644
17.3093
15.3533
13.7031
12.8896
17.3552
18.1016
21.5317
18.6236
22.167
20.6363
22.4361
21.1201
18.6752
18.2089
16.895
16.602
16.194
17.8887
17.6607
19.016
17.9612
17.4655
18.429
13.5652
18.8618
17.8298
16.595
16.5727
14.0832
19.0225
16.9063
17.3414
20.3598
19.9001
18.5302
18.0165
19.9395
19.5089
16.3828
15.1726
15.2962
18.3092
15.7383
19.0714
19.64
17.2828
21.5047
16.534
20.842
19.5922
16.9917
19.0047
13.649
17.6635
18.1839
17.6715
18.1018
17.1628
18.6724
18.5228
18.0065
17.004
17.9732
14.3645
16.271
18.0625
19.687
22.3885
17.5194
19.5208
19.549
21.0547
21.0536
18.0767
17.3341
17.4426
18.4785
19.5962
18.7458
18.7554
18.5956
18.1872
18.321
21.9581
18.7319
18.767
13.2501
18.1451
19.168
19.4465
20.9294
14.2973
18.9321
16.5321
19.8214
20.6858
18.9656
20.1146
16.1298
19.1454
19.1316
20.366
18.8673
19.0151
20.663
19.7621
20.8752
20.3367
21.893
23.3411
21.7507
20.3555
20.0811
21.1539
22.8075
22.6703
22.737
24.2263
22.4031
21.7703
20.015
20.2035
20.6877
19.4117
16.4591
14.9971
16.1071
16.3231
18.4813
15.9009
17.5166
15.5916
15.2038
15.7494
14.9722
16.181
13.4792
12.8157
12.627
16.2862
19.2579
17.9646
17.3003
14.5978
18.262
17.7628
18.6026
18.3453
17.0189
18.9964
17.4806
19.1289
16.5143
16.9686
17.3029
17.7089
18.8465
17.1907
19.0534
18.6718
19.9411
20.2707
18.9903
20.7196
19.5957
20.7092
18.4726
17.5174
17.8493
18.8589
20.3255
19.9367
20.6626
21.0271
21.1337
21.2581
20.843
20.294
19.3052
18.93
18.7574
18.7314
19.0911
18.8171
18.6305
18.5888
18.3484
18.4361
17.0394
17.8797
18.6839
20.0934
21.3548
20.3771
19.8298
20.2256
20.7434
21.578
20.5676
19.2138
18.0275
17.0396
17.052
17.4809
17.1063
16.5518
14.8843
14.2704
14.8417
15.2701
15.2596
14.4582
12.9731
11.8105
12.077
12.6916
13.3298
12.5821
11.2965
12.5207
12.0034
13.9605
14.3266
14.9206
16.1035
16.2803
18.3766
17.0863
15.6873
14.8114
14.1221
13.5486
11.8257
9.79225
11.648
10.6158
13.2316
12.6484
13.5219
14.8729
13.6775
16.2145
14.2378
14.6731
11.8036
12.851
15.0848
16.28
16.027
14.8527
15.8091
15.8407
15.5262
13.2142
12.6339
10.9377
11.5702
10.1337
11.6677
