9.94564
7.36796
5.26028
4.39015
4.7383
6.21411
8.38087
10.8909
12.9033
13.8085
13.4511
12.2024
9.89592
7.40133
5.52561
4.56359
4.60827
5.87332
8.25526
10.6207
12.6462
13.8487
13.7551
12.303
10.0923
7.59311
5.54108
4.35245
4.54819
5.89629
8.09814
10.5808
12.6255
13.6253
13.3214
12.017
10.0602
7.78505
5.74835
4.63456
4.73287
6.05762
8.00996
10.3834
12.4658
13.5779
13.5492
12.2431
10.0916
7.77328
5.8318
4.85995
4.83675
6.14054
8.07214
10.209
12.1992
13.2122
13.0489
11.9909
10.1429
7.93817
6.00901
4.96301
5.04986
6.10314
8.09924
10.1616
12.002
13.0619
12.841
11.7662
10.0468
7.94293
6.17495
5.18749
5.11148
6.16097
8.18037
10.323
12.0928
13.1777
13.1491
11.7889
9.90384
7.78132
5.92895
5.09364
5.27107
6.47028
8.3632
10.4737
12.1868
13.2432
13.0473
11.8421
9.93427
7.84786
5.89847
4.94551
5.19906
6.30263
8.42852
10.6508
12.4739
13.4019
13.1719
11.8523
10.0049
7.85711
5.77263
4.73777
5.12395
6.37568
8.34933
10.493
12.4535
13.597
13.3138
11.9277
9.81559
7.56334
5.69813
4.70533
4.87438
5.93862
8.15346
10.6925
12.5112
13.5101
13.4062
12.2341
10.1357
7.82394
5.81072
4.48358
4.4467
5.93807
8.01239
10.2902
12.3541
13.6395
13.5697
12.2552
10.1689
7.77758
5.76877
4.58465
4.51922
5.64005
7.66966
10.2044
12.4446
13.7055
13.6615
12.5233
10.4636
7.94338
5.76486
4.46278
4.26686
5.497
7.76263
10.2702
12.408
13.701
13.9006
12.8084
10.5755
7.93776
5.58418
4.27344
4.1224
5.37295
7.58632
10.2453
12.5829
14.065
13.9344
12.5661
10.4119
7.87912
5.56208
4.18484
4.06539
5.20469
7.49626
10.0875
12.4477
13.98
14.0843
12.8523
10.7832
8.10764
5.61611
4.24467
4.13798
5.10799
7.27083
9.95934
12.268
13.6461
13.8369
12.7963
10.6707
7.96879
5.64699
4.38085
4.06981
5.18474
7.46061
10.0125
12.1723
13.8928
14.0373
12.6801
10.5055
8.21248
5.82682
4.18701
4.10712
5.39427
7.5915
10.227
12.4896
13.8607
13.6806
12.2958
10.2273
7.62077
5.31851
4.22163
4.52767
5.642
7.73639
10.3832
12.5693
13.6491
13.7057
12.5579
10.4098
7.87146
5.56012
4.15768
4.2277
5.55768
7.72859
10.3804
12.6995
13.9576
13.8345
12.4353
10.0645
7.4669
5.3656
4.17076
4.22891
5.5548
7.91562
10.5733
12.7524
13.8946
13.7794
12.4241
10.0591
7.61943
5.41151
3.97199
4.11804
5.73506
7.97392
10.5347
12.8033
13.9814
13.6438
12.2537
10.053
7.36277
5.22896
4.23212
4.46958
5.81023
7.90884
10.4605
12.6039
13.7635
13.6986
12.4304
10.2093
7.5663
5.494
4.34079
4.27943
5.50376
8.0512
10.6834
12.7088
13.7493
13.7076
12.2801
10.0817
7.64097
5.52422
4.47856
4.63895
5.87933
7.95733
10.482
12.6241
13.7604
13.6071
12.3334
10.1611
7.67637
5.54897
4.46928
4.51659
5.68645
7.96217
10.6487
12.6208
13.8267
13.7941
12.3957
10.081
7.69458
5.51945
4.31244
4.49865
5.86739
7.97572
10.4201
12.4599
13.6383
13.6725
12.3816
10.2972
7.93345
5.66797
4.25779
4.41038
5.61004
7.71061
10.473
12.6299
13.748
13.7469
12.366
10.1299
7.85907
5.82752
4.44418
4.573
5.90708
7.78246
10.214
12.5042
13.6563
13.6494
12.5437
10.4952
8.07607
5.93648
4.52001
4.50723
5.69173
7.63539
10.2632
12.5024
13.5396
13.5861
12.5686
10.3959
7.85216
5.96025
4.6824
4.47843
5.93736
7.79715
9.94395
12.0602
13.3674
13.416
12.3941
10.3775
8.04037
6.03554
4.79523
4.51976
5.77801
7.67097
10.0653
12.2263
13.2907
13.1307
12.1183
10.2534
7.92652
6.23354
5.04508
4.72704
6.0039
7.96173
9.97492
12.047
13.2458
13.3044
12.2462
10.2702
7.76404
5.98218
5.01766
4.83994
6.08409
8.11262
10.1537
12.2861
13.4297
13.2216
12.0572
10.1542
7.78595
5.81176
4.80756
4.72907
6.15654
8.3183
10.4648
12.5119
13.625
13.2683
12.1223
10.1766
7.77635
5.71459
4.70983
4.75606
5.96997
8.21104
10.6845
12.7641
13.8088
13.3642
12.1225
10.0235
7.45579
5.49189
4.58464
4.75515
5.95083
8.11616
10.4231
12.445
13.6358
13.5687
12.3467
10.181
7.6088
5.62959
4.43232
4.35974
5.70052
8.11447
10.5582
12.6418
13.8603
13.6069
12.1675
10.1612
7.64706
5.40646
4.25666
4.42485
5.83886
7.9066
10.4303
12.7687
14.0182
13.6138
12.286
10.0529
7.34331
5.1678
4.25765
4.25315
5.63816
8.16357
10.7373
12.7057
13.8872
13.757
12.3912
10.1173
7.58787
5.41698
4.13668
4.25399
5.63907
8.0527
10.4742
12.7999
14.1175
13.9777
12.4824
10.187
7.55202
5.41407
4.19413
4.18526
5.47861
7.92194
10.515
12.6638
14.0248
13.8012
12.3676
10.2042
7.76347
5.37614
4.05839
4.36789
5.73995
7.81658
10.3456
12.5822
13.7995
13.7449
12.5849
10.3096
7.75406
5.589
4.35698
4.19905
5.49646
7.67913
10.275
12.357
13.5343
13.5872
12.3351
10.2753
7.98388
6.04725
4.4929
4.433
5.74714
7.47903
9.76212
12.3181
13.7075
13.5681
12.4352
10.5127
7.97132
5.83537
4.71639
4.58132
5.76409
7.82528
10.2025
12.244
13.2553
13.383
12.5111
10.5516
8.15661
6.17113
4.98107
4.60543
5.84354
7.78228
10.0305
12.2351
13.559
13.4432
12.4273
10.5608
8.2391
6.16043
4.9278
4.78741
5.69313
7.6868
9.86661
12.1553
13.3935
13.3617
12.3754
10.4607
8.08392
6.09219
4.97848
4.96316
6.08706
8.00867
10.0936
12.0879
13.2586
13.1256
12.084
10.3459
8.08457
6.03454
4.94066
4.99641
6.11913
7.94215
10.21
12.0899
13.3146
13.1033
12.0518
10.1185
7.98057
6.11727
5.04106
5.04454
6.13761
8.14078
10.3226
12.2019
13.3203
13.2006
11.901
10.0797
7.93568
6.00718
4.87341
5.11124
6.26923
8.12053
10.3363
12.2911
13.2578
13.2686
12.181
10.2217
7.87308
6.00575
4.9313
4.86593
6.12687
8.19183
10.4969
12.3797
13.4459
13.4513
12.1707
9.9477
7.93531
6.12419
4.84913
4.79719
6.0709
7.97386
10.1577
12.3489
13.4138
13.1515
12.2501
10.3499
7.93737
5.85059
4.80848
4.91745
6.16804
8.07178
10.3481
12.3039
13.4712
13.4308
12.2785
10.1581
7.78184
6.00441
4.80789
4.65389
5.77261
7.95549
10.3352
12.3116
13.4875
13.3981
12.1325
10.1667
7.8566
5.81988
4.51338
4.55761
5.84851
7.9112
10.2803
12.5125
13.7104
13.6354
12.3342
10.1805
7.77423
5.66467
4.39517
