69.88083514
71.22022706
70.87780496
68.95939994
69.28355102
70.06096581
69.27976479
69.36960846
69.16671394
68.98608257
69.96506224
70.55619466
70.30750511
70.24625215
69.85490839
71.64329118
71.24565942
70.74509976
71.37329829
71.7957509
72.0916061
71.55307612
72.18769545
70.64995744
71.34274211
71.5867281
70.97700116
70.24388209
70.43282627
69.74896285
68.74938222
69.35162661
68.85314844
70.31790951
70.30055692
72.53056283
71.64320692
72.92223804
72.63758833
72.95903086
72.15222081
72.16607562
72.30558574
72.3823022
72.61234869
72.7759957
71.91696888
71.55368851
71.63096403
70.59673521
70.85248247
71.08476824
70.84723252
70.2324226
70.12823808
69.92923136
69.28574982
69.72638712
68.19010253
68.91679541
67.26820458
66.9649601
67.76538379
66.91858576
67.60522282
67.17661097
67.99254044
67.25818019
66.59407898
67.86855757
67.2922007
67.16337656
66.27568448
65.96858705
65.31642297
65.42912751
66.75098393
64.68391715
64.56520692
66.12965686
66.09613054
64.9748123
64.33478963
65.54142516
63.9130944
65.00924432
64.04781966
64.25831852
63.89332373
64.14310465
64.17594209
63.1570819
63.38689893
63.99038726
62.67478854
64.24663357
62.48078508
62.03055446
63.41156044
61.70510991
62.77513946
61.36447611
61.68984072
62.20048874
62.98280722
64.44813096
65.33294727
66.51294379
67.88554227
67.22250712
68.08885127
68.55257476
70.32033392
70.48553783
72.33830154
71.1908248
70.7598977
70.57075487
68.8857231
68.36836764
68.42198714
67.55824354
66.4884322
66.00939653
64.88258671
65.79409771
65.69617694
66.14773729
67.47861967
67.43966413
68.50079012
69.93367814
70.66856782
69.4336401
70.20645921
70.23002897
71.58361231
71.56436778
71.02917453
72.831066
71.13716811
69.72083178
69.17560647
69.31959282
68.81260454
68.55716829
67.73062887
67.80815335
66.93277621
65.84066557
66.15467548
65.78125301
67.33388757
67.3485843
69.7530197
69.90438916
70.59424483
70.05946788
71.02625542
71.56116588
70.98303947
71.78059711
73.4041999
71.60391994
70.48045714
69.48780075
69.37470081
68.66754682
69.05640228
69.28118591
68.00921159
68.57902651
66.49549932
66.7500451
66.42304923
67.52779448
67.89346899
69.1011507
70.51575503
71.51359764
70.78913828
70.92408975
71.43667911
72.77048744
72.18360109
72.2317116
72.14511125
72.66568122
71.74663208
71.47523835
70.17998073
70.01828427
69.63409091
69.24166979
69.44746561
69.56135461
67.43148423
67.27588501
67.64302314
67.11633221
68.58615434
68.54878335
69.78361434
70.13666468
71.7985668
72.95326709
73.38358272
72.72556855
74.27730941
73.58946213
73.07774519
74.52428051
72.52552383
72.64264374
73.47727338
72.37521094
71.20816904
72.23586399
71.0999234
70.95986451
70.25370091
71.29442554
70.37620145
70.33534302
68.96127518
68.67478951
68.68142551
70.09922792
69.29115996
69.14944184
69.3804568
68.32729437
68.7116701
69.43031387
69.12568539
69.40509502
68.64876516
67.68106913
69.16363194
68.19982138
68.1347302
67.28588699
67.77737459
68.40400085
68.12434843
66.62975642
67.75402118
67.19706687
66.19511529
67.03467174
66.39229109
66.98910128
66.70652022
65.89533219
66.1531063
65.94826687
66.18545065
65.956704
66.58099932
67.19124175
66.74457508
65.89869767
65.51804828
65.98471013
66.62908319
64.90780861
64.9498236
65.6402447
64.33322178
65.81400458
64.19811908
65.79277627
66.47022878
66.21114689
68.4034625
69.51708004
69.39746721
70.91288645
70.88878119
71.10972093
72.96756108
72.02770961
73.95202783
73.37599022
73.50769737
72.71914771
72.47419791
72.0845572
70.36089703
71.0505306
71.07182369
70.51372607
70.1825903
69.85543379
67.99007603
68.45766038
68.27103298
68.96138225
69.74436809
70.61571518
71.17846267
72.386747
72.41193764
73.68813485
73.74326223
73.75611822
74.32401543
73.86398591
73.78849309
73.00264849
72.04541547
71.08743709
71.9849653
71.1116001
70.9966876
69.26084472
69.52490512
68.65398309
68.44222186
68.98691712
68.12116394
70.27706087
69.46657012
70.32267213
71.8078395
72.06436516
72.48594731
72.35822858
74.73026071
74.45593333
75.42083051
74.93021109
73.4616952
73.44264061
73.59425862
72.56355591
71.67826483
72.61615717
70.46155106
70.68690223
71.27823432
70.31179231
69.53791299
70.39827926
69.63338286
69.47214598
71.46398548
72.41314268
70.9737679
72.40852176
73.89859399
73.99496326
74.54050584
74.01063854
76.39001911
75.69719107
75.38408868
74.12498598
75.41434918
74.69411987
73.07657971
73.16384917
73.505794
74.12699807
73.71152259
71.98042488
71.25116014
72.16027157
71.37306717
71.51790632
72.2737793
71.8167371
73.80696593
72.94734057
75.32774091
75.75888894
75.61622646
74.80626301
75.95162112
75.00414728
75.7922298
75.93662081
74.08191979
74.0239745
73.62518064
73.55238749
74.17438898
72.87160933
72.28482269
73.51122601
72.89366827
72.1479165
72.9557522
72.42186823
70.665252
71.61263958
69.74580737
71.39185449
70.82733191
69.32886638
70.65200484
70.26620516
69.04063432
68.41965745
68.8585241
68.36710746
68.83774585
68.30402817
69.3689329
68.08187826
67.60392999
67.44621031
67.54039145
67.80852224
66.38552342
66.67172095
65.91622406
65.67154675
65.72519189
66.79848157
65.43107747
66.88734467
65.94946794
65.28216492
66.6497085
66.3990687
65.00919878
65.06137224
65.62911927
66.37157503
64.5293161
66.33871216
65.29158087
65.17119986
65.36758419
64.55987145
64.65845259
64.8676283
63.6094313
64.96073316
65.43995404
67.07099988
66.67125763
67.64060287
68.6279746
70.2454449
69.70567339
70.36650487
72.27945276
72.71664316
71.84306091
71.53844637
71.55812139
70.76534571
71.14242657
70.71393712
69.58966371
69.02299462
68.95729279
68.14795876
67.48635522
66.52278589
66.81771127
66.25215878
68.14487953
68.75540328
68.54546326
68.65504344
69.96525521
70.93097625
70.67200225
72.45541594
72.75267236
72.98703117
73.15160594
73.18754221
71.04274096
71.54354038
71.74520109
70.94274876
69.74530422
69.52726729
70.32903161
70.03017299
68.87043296
68.92349639
68.10636443
68.55988567
67.85392905
68.35577512
69.70795831
70.53390858
69.78024465
71.51678733
72.0310376
73.40007449
73.8675255
72.66779455
72.85222389
73.1132335
72.2813031
72.61561106
71.61517817
72.75668787
71.14354005
70.8585056
70.89259768
70.85000882
71.4091997
70.257825
69.82174319
69.39311984
69.94923869
70.35977277
71.59751048
71.15990415
72.51273013
73.02999473
72.09791824
72.92583014
73.86938351
73.91377788
74.46991144
73.21314175
74.51203141
72.84294254
73.43276491
73.3046638
72.81092703
72.86473466
71.38222869
71.19623896
71.03955791
72.2791006
70.21785723
70.31733297
69.78868463
70.88145123
71.61930479
72.28509323
72.77202114
73.24703993
72.80712104
72.58748947
74.68417583
73.09200323
74.09006089
74.61862587
73.81911639
74.57014385
72.69101123
73.56142292
73.77909916
72.91239911
73.48633826
72.73447053
71.62959719
72.41051865
71.64829313
71.34815297
70.69776199
70.47033288
71.02517791
69.83488902
71.50090936
70.40361959
70.54399168
71.85746328
71.15225757
72.78516393
73.360705
72.86473047
72.70608578
73.85915886
73.50507967
72.19240313
72.13995763
72.76124036
72.78238947
71.89290086
73.24344321
73.25408094
72.61221201
73.02852459
73.29062043
74.12192813
75.04218319
75.01049779
74.14262591
73.92443272
74.65910397
74.79811406
74.46700925
73.29755441
73.68345172
72.34692708
73.24426001
72.14957625
72.41976913
71.31132501
71.70322328
72.25103685
71.97716389
71.39886276
71.59695286
72.63410157
73.23961797
72.52081721
74.0159805
73.67468353
75.75032693
74.3638755
74.41574553
74.22077381
75.24461638
75.76683279
75.2599283
75.00430133
72.99868724
74.22813959
73.86242657
73.64995716
72.4157443
72.33008672
72.6550647
72.28311126
73.03449417
72.28032012
71.87820491
73.40155661
74.44122979
73.87635966
73.90784081
75.16955484
75.15953611
74.80214938
76.28002237
74.85748264
75.92805235
75.91643042
74.3965383
75.10901277
74.09065784
74.99478559
74.49008385
74.15968431
73.77074883
73.761944
72.39267309
72.65461782
71.85842391
72.90726702
72.74347127
73.80882616
74.02068569
74.93830342
73.482711
74.16997946
74.01751843
74.4981404
76.3120219
75.08484325
74.65943066
75.82212698
74.8569766
73.98785798
74.22412386
74.51575386
74.45778211
74.12643606
73.99954302
72.26824527
73.7764128
72.90101937
72.11776996
72.92499217
72.05187563
72.38437545
74.07630529
74.61920753
75.08524938
75.82866138
75.42713311
76.56950166
76.17963379
74.94074803
74.76418837
74.12540695
74.84051371
73.79928772
74.780247
72.82864301
72.48177255
73.2742951
73.26715622
72.74611472
71.30564248
70.79796992
70.8324548
71.36899796
71.30600481
69.95127986
71.11183674
71.24355108
71.16602046
69.5362003
71.21599291
70.94704371
71.14172451
70.94719413
70.28093351
69.95038298
70.06016939
68.72937535
68.31124754
67.59938455
69.23919313
68.70527934
67.30881248
67.2909389
67.01058194
67.11700116
67.17114622
64.8612751
66.1031092
64.70015253
65.97732586
64.83488246
65.16140029
65.86503497
67.73521012
68.12101336
68.68838431
67.73402197
68.42818207
68.16946111
67.49229937
66.98395449
68.04064964
66.62055167
66.64744323
66.08743294
67.22510503
66.43247979
66.57052361
68.05327519
67.67038945
69.17031869
68.89948983
70.00978672
69.82913552
70.9242198
71.27814633
72.15965785
72.97618331
72.66683797
73.69117746
72.80151077
71.85931396
72.23815016
70.95862334
72.4688891
71.66219799
71.86755979
70.7802684
70.99083764
69.15653193
69.08522976
69.75214256
69.46942493
68.77679875
70.22714587
71.01598435
72.44743344
72.06658701
72.98693668
73.69835469
73.75209157
74.55800629
72.35247916
65.26017655
74.76223447
73.49525372
73.36538505
72.5976732
72.994257
72.85282429
72.74890938
72.12765994
71.09856805
71.23849804
70.27255592
70.8839587
71.39022061
70.52089931
71.25419744
72.68993228
72.61074543
72.43902889
73.58512146
73.89459624
72.95170937
74.07563886
73.6806514
72.89217355
73.32218412
73.24266369
72.1417144
72.30380183
72.89276841
71.56299973
72.39705979
72.00657008
71.32736169
70.82135373
70.1336473
70.0467162
70.06918582
70.7963492
70.91540196
71.67451047
72.18760774
72.1207947
72.51156743
72.23695024
71.87503532
72.49582348
72.35768598
73.93378927
73.98233814
73.59560241
71.98821679
72.32396967
71.6259057
71.72859842
70.70127666
71.00161546
70.81636614
70.72324263
70.3860912
68.77908287
70.22778904
69.87258414
70.44715736
71.08361107
71.23292042
72.16067996
71.86722192
72.16014273
72.99568483
73.27572883
73.49417662
74.21107376
72.54083404
73.21324868
72.58771726
73.50120424
72.09154651
71.09042019
71.23416619
70.63012271
69.77541726
69.28687677
70.44057715
69.28731334
69.93728934
69.3391448
69.13334157
68.65929831
68.18197506
67.84812498
69.37597782
69.10036669
68.8546449
67.85837277
68.46916703
68.17855534
69.21501077
68.96464737
67.87377682
67.72178625
68.58499733
68.44962111
67.14273776
67.07599947
68.29349922
66.78969926
65.82622549
66.59954318
65.01332031
65.90620917
65.84496837
64.92189809
65.58278655
65.55748205
65.59894884
64.94337424
64.74950254
64.84844096
65.83625843
66.03749482
65.38311565
65.99967447
64.36458794
65.07952767
65.29604166
65.20610988
63.96596281
64.72425165
65.40331196
65.42865101
64.09801612
63.80900879
64.54585931
66.95784817
66.61279611
67.94979306
66.39778915
66.77796074
67.1940435
68.38187061
67.12861534
67.17067346
68.43923628
66.57086417
67.78803691
67.2787936
67.87219243
67.50915846
67.66070149
65.93597991
65.72336823
65.72245666
66.11658266
65.32184413
65.71791971
65.47364884
66.64929047
66.55123544
67.7952178
68.14077842
69.79685244
70.34622184
69.32175382
69.89015017
71.58845383
71.86175982
72.7410679
71.90458946
71.28351048
70.0972839
69.27726512
68.92546699
68.55186335
67.65673848
68.32131351
68.12150858
66.5554972
66.38718242
66.99569939
65.87173899
67.22433388
68.40446699
68.7484663
69.32469028
71.15467576
71.05227306
70.83181931
70.91625104
72.39488293
71.9832852
72.37378341
71.80748327
72.54903002
71.18557043
70.6560059
71.42334777
69.34699767
70.73289851
68.5593425
69.75429868
69.42528082
68.78050479
67.57592345
67.31292692
68.61465054
68.93048832
70.42238762
70.84558646
71.06424324
72.69610401
72.32617126
72.22167626
73.21437055
73.15708957
73.49412607
72.3006671
73.86668101
72.6701852
72.7624445
72.76328752
71.3147316
71.43288687
70.82264418
70.66687081
70.43909465
69.81296825
69.69858982
68.34291749
69.78913221
69.04301127
71.2618595
71.53303086
71.2414772
73.36763803
73.57415941
72.24425435
74.26516471
72.92651196
74.39635211
74.11889706
72.19232832
73.7390384
72.2079627
72.96446399
72.47851039
71.26534459
70.53066333
71.25037104
70.43519581
70.42341332
70.79164337
68.95439433
70.34051981
69.80542162
68.64316206
69.38668045
68.7892747
68.83952616
67.63291116
68.40694416
69.14007715
69.11590587
68.03579823
69.27272007
68.75322294
69.56566049
68.17712131
67.79477436
67.49347171
67.79427593
67.70107774
67.26294021
66.86984441
66.14932783
66.42313039
67.0524877
65.34818634
65.89940057
66.64739688
66.64122284
64.79138473
65.90167301
65.74127604
65.45031794
66.16094532
65.7044379
64.77549911
66.10922106
64.65138267
64.63763005
64.86524307
64.67189696
64.46795885
65.91187512
64.34806529
63.99581812
65.39461929
64.65292546
63.25807837
63.73827199
64.48038308
65.99746656
66.25822123
68.10328147
67.8042515
69.4870625
70.03024494
70.29600481
71.04468694
72.07494806
71.92135771
72.83067187
71.98101498
69.32089454
70.13159511
70.00507257
69.43663186
68.94680541
67.39526388
66.86451228
67.61515255
67.50015115
67.0649254
66.18109356
67.67862944
67.28780716
68.64887048
68.03818943
69.43733797
69.42521625
70.34561943
70.30816394
70.8360583
71.1470857
71.57781772
72.19406331
72.28995087
71.14766239
69.76492572
69.91788048
69.25384854
67.70300258
67.34860655
67.03007179
67.02774425
66.79530391
65.29474687
66.61324069
66.79489002
66.72432203
66.81536983
67.17358633
67.63012369
67.48754605
67.33171806
69.7284424
69.89615603
68.99214926
70.03999165
70.55714223
70.17848707
68.21913112
68.40833713
68.94808523
67.38899521
68.05245103
67.21188517
65.70328183
67.16985267
66.55460769
65.72798535
65.75716876
67.16913702
67.21744752
68.42865711
67.939555
68.21272047
68.59771355
69.8746694
69.78932095
71.20599841
71.58253869
71.88959565
71.86056438
72.04256027
71.39573223
69.55668318
68.93024269
69.66341833
69.04101322
67.96747227
69.31576272
68.15040455
68.35613984
67.76316051
67.03590822
67.39406286
68.68188132
70.23539114
70.72213492
70.58200639
71.80797978
70.57872691
72.0077339
71.71571281
72.11695816
72.64909676
71.43282886
71.71418699
72.28243141
72.25217338
71.74318478
69.68874182
70.11075437
68.69315914
68.49395196
69.05769349
67.38563023
68.51017483
68.046038
66.69591868
67.0893911
66.22561571
66.50296546
65.29980537
65.44279328
65.87726412
65.57372439
65.68296557
66.93568163
66.69982543
65.99025408
65.93769573
67.04970768
66.7355597
66.23665366
66.23546935
66.85525388
65.44418785
66.70939032
64.88554717
64.35080723
64.38802527
64.40835278
64.42226129
64.05518099
64.71716427
64.45389357
64.50166125
64.01651861
62.85522295
64.23986264
63.38848875
63.39183252
65.20905227
64.94516739
64.25107982
64.17982393
64.38921578
64.49909975
65.09660852
63.40543705
63.83826011
63.68217925
63.32128642
63.45009249
63.58602877
62.73132759
64.6219447
65.04527027
65.66669249
66.04597893
66.92945334
68.27335848
68.03643251
68.32526303
69.45241625
69.292876
69.61637759
69.09830136
68.9295352
68.38166541
66.69776707
66.55923923
65.50421593
65.36283826
65.03631072
64.28289583
64.70837708
65.19959422
64.37599177
65.80010808
66.90052411
65.9755618
67.21755426
67.61970814
68.68919867
68.99230755
69.01270334
69.60076165
70.62180453
70.80389723
71.95049453
71.45525932
70.69089941
70.84845568
71.14711094
70.19670613
70.2675738
70.3477134
68.94715476
68.19452413
67.41217981
67.6915133
68.1326941
67.72304464
67.00024303
68.33122058
68.77081792
67.89464946
70.32897545
69.94984745
69.04940045
70.48680148
70.73164318
70.27130965
70.56771532
70.52348927
70.94288585
70.09622236
70.9225366
69.73699276
69.50362657
68.74107885
67.98350404
68.65775842
69.01901831
68.7557281
67.6440132
67.09824802
68.8607674
68.54857064
68.10020545
67.3162411
67.37946307
68.16976322
68.33976301
68.55040093
67.16532869
67.30479343
66.79372649
66.97126902
66.36018507
67.20420628
68.07608732
67.23191893
67.78175194
66.07614673
66.11011254
67.10977933
67.52951352
67.37827727
67.10470918
66.9472606
67.13996477
66.6708542
65.9378113
66.5151767
66.072041
66.3918316
65.43023923
65.6508534
66.13170688
65.63831743
65.95578224
67.36956957
67.02516809
66.72385597
67.25433659
68.06762583
68.2229547
66.04236184
66.95310877
66.30459021
66.61170465
64.69937871
66.21768604
65.95636186
65.97202741
67.53287993
67.49599206
67.72868098
68.32218023
68.08308598
68.607251
68.77487445
68.7696785
68.64186817
70.62377265
69.50433389
68.92231254
70.48760069
68.22783476
69.04882691
67.74723934
68.09114575
68.65891435
69.63167183
69.57087107
68.92351224
67.53393503
68.2712078
68.65631055
67.39411119
68.37006622
68.23821811
68.24746423
67.4212915
67.17151006
68.84601436
68.98532397
68.6852691
70.38096941
70.63271507
70.71181053
71.77605259
71.9902121
70.50334409
70.02106963
71.10226832
71.07281481
71.00298194
69.64750524
69.29922688
70.19295937
69.59298326
69.94483099
68.38753638
70.12778664
69.75996879
70.57663801
70.11459489
71.54936878
71.04470664
71.67149466
73.23762503
72.25962147
72.93900293
71.27122808
72.55002116
71.25225098
71.97747232
70.23719215
69.94606111
69.450805
69.93479403
69.0965309
68.97376954
70.04102824
69.54259642
69.85107284
69.61953454
69.99920276
70.41283415
72.11046261
72.80678003
72.51801434
72.69228723
72.16597707
73.99614903
72.82582702
74.24818259
74.69982523
75.16462698
74.48402123
72.97264305
72.49176792
73.77290611
73.5313241
72.73837497
71.88548201
71.52278755
71.76144938
72.45670094
71.89475031
70.52341229
71.2629687
72.8074479
73.80156306
73.52862948
72.90089441
73.17178042
73.42038306
73.47819457
73.96854139
74.39984284
74.13263209
73.66106497
74.42455034
73.88125989
72.88416225
72.53366149
72.28026919
73.5383584
72.97417623
72.80378043
71.11640175
71.8028968
71.74339169
71.89946776
71.37667995
70.97398196
71.3123657
71.86460893
71.16599578
71.37723976
71.36848881
70.78637361
71.11015784
71.85983966
70.95035881
72.65891354
72.33779272
70.61711298
71.01930095
71.63639202
71.32415634
70.5466809
70.97726886
69.7019157
70.36501785
69.28265658
68.52513155
68.91671905
68.90391361
69.25304945
69.20694068
68.4344154
69.13783219
67.78567323
68.87397161
68.04502775
67.81055256
68.99773267
68.99448259
67.84551049
68.86458993
67.97043986
66.92321439
68.59393936
66.62695158
67.75427493
66.66782263
67.46664892
67.60322003
67.66040956
66.65714613
68.75283581
69.19079475
70.45646119
70.93982761
69.63003292
71.41526516
71.55056424
71.90106522
71.69673606
71.04065657
71.73045012
72.76664681
72.69643979
72.80547371
72.91975931
72.26792976
72.8555039
72.96351653
72.77608689
74.71764725
75.18175232
74.68157666
75.03251294
74.89547613
72.88724781
74.04983548
73.82712414
72.79875638
71.99918837
72.17190677
71.25158302
71.28680525
71.38988043
72.24634579
71.59644925
72.90837738
73.24145352
73.06605307
72.64709801
73.15343178
72.96232879
72.52813486
73.81719904
74.02874448
73.79102864
73.25605739
73.05358423
73.77224906
72.8998969
72.24385814
71.33933531
72.29793377
70.34516442
71.13949198
70.16453648
71.11202658
70.4874724
70.71749668
69.89570423
71.68790348
71.37615947
71.74150703
73.20729802
72.89029189
72.30341978
72.6912123
72.34201351
74.49429294
73.25501422
74.13004256
73.68325892
72.11340117
72.31138231
71.29385993
71.93404046
71.67908598
71.48141177
70.85357689
69.45647733
70.12965246
69.0248494
69.00810205
67.59898139
67.55493576
67.40273072
67.39032649
68.09580201
67.39266673
68.36226835
68.40469903
67.83621597
69.19489788
68.49088179
68.3374096
68.7698322
68.4357686
68.74846768
68.95527404
68.2181708
69.12993292
68.4385586
69.06796416
68.30227174
68.64631402
68.88148079
68.90088305
69.65328565
68.86754593
68.42564703
69.09581068
69.44780599
68.42082002
68.83199074
69.55729317
68.83137434
70.02835926
71.07058978
71.2893794
70.10090101
71.68557803
69.88814945
70.42523491
69.44404702
70.1451179
69.48543471
69.63115874
70.00727727
69.16183248
68.43812628
68.65276698
68.15293671
69.64474901
69.0369617
68.59565354
69.91779386
68.59944984
68.66763575
68.79732688
69.52728032
69.14499021
69.36640493
69.32436477
70.04079998
70.32088532
70.68643574
69.41778612
69.52225613
69.97825566
69.8468646
69.94587165
68.70555692
68.59229114
69.9367965
69.07467717
68.77459707
68.96774462
69.51423059
69.60984678
68.45901476
68.66205887
69.07470807
68.98798244
70.4512398
69.1587948
70.02852311
70.30112967
71.02701721
70.44438138
71.21079549
70.08097943
70.01900785
71.31684052
69.49194049
70.71476009
70.30901685
69.92749715
69.28252505
70.51499697
69.17037572
69.67300935
70.98686733
72.71037561
72.84618043
71.49931817
71.82884072
71.96846019
72.38205511
73.10852105
72.50710177
71.36822279
71.73373415
70.39800507
71.02329854
70.42861121
71.29850242
70.41391036
69.83300525
70.04073494
69.2952676
69.80497056
70.47845996
68.87983862
70.82988977
71.7612628
71.23686153
72.17708088
73.52407232
73.43257426
71.96142812
72.06857704
72.80742737
74.18072649
72.6407991
72.49329287
73.37279171
72.84631814
73.74634464
73.08950487
73.12797789
72.85145065
71.78459362
71.96428662
70.98315976
72.09370496
70.47875896
71.15613714
71.79613981
70.53267958
70.92408688
71.07714472
72.12801602
73.76239725
73.50455944
74.06381073
75.84971566
74.917338
74.48204982
75.4754704
75.86633429
75.82692618
74.83518922
75.84170562
74.56152098
74.74597341
73.95196621
74.73785827
73.40944252
74.09665445
74.24341181
72.4241878
73.53577955
72.8926379
74.20179708
73.82891751
75.00384972
75.0665476
76.10375919
75.0111683
76.19220719
75.75430219
76.55201347
76.3420965
77.36149124
76.62602951
77.08086395
77.09614267
76.94079244
76.9216273
76.41395592
76.76728419
75.565165
75.0031664
74.96022554
76.25958507
75.03195475
75.97741221
74.70847211
75.66428844
76.15183593
74.94798282
76.11749514
76.35342739
78.18999866
78.34183958
77.44052693
76.20708541
78.08998122
78.05491504
78.98542499
78.23875807
78.65871078
78.53164898
78.1427726
76.73686252
76.53612798
77.21543335
76.92976821
77.61334761
75.94869317
76.80988678
76.35617474
75.51487417
76.75914485
77.18231352
76.72424559
77.02058259
77.59412726
76.57737238
78.14370344
76.44863817
77.11808435
76.66444143
77.60066939
76.44893235
77.72893525
76.61186772
77.04302364
75.7689679
76.38938955
76.10096966
76.62421773
75.41072897
76.32543548
75.26776154
75.11220118
76.37061231
75.17527773
76.48020188
75.40371872
76.08145149
74.83978917
74.700469
75.46720555
74.52571486
75.50447062
76.68142877
77.07422539
76.62848003
75.65887074
76.78498097
76.97398833
76.81809786
76.18810762
75.14738658
74.60880026
74.71020506
74.33666665
75.89063588
74.92352501
76.25032166
76.76285447
76.43795622
75.84095165
76.30759992
76.37889288
74.50037961
75.46855478
76.23977529
75.60803745
75.53609477
76.15092858
77.04357167
76.83958927
75.35704476
75.26244693
75.67256245
74.97423465
74.68662683
74.67127682
75.30039984
75.4144264
75.77834261
76.30250549
76.08729308
76.17387791
74.59539903
74.8586202
76.15473545
76.73544665
76.81207028
76.76942959
76.0742703
77.67624752
77.20513301
78.30547509
76.57887568
76.88289528
77.48251447
76.38323965
76.26112886
77.83782089
77.81793736
76.88455309
77.29695705
75.7818161
77.23681223
77.65970467
76.47686703
76.45250409
76.44446488
75.338712
75.43988813
76.11375195
75.44361839
74.85664993
75.89981187
75.52638288
76.70454118
76.91841747
76.77395886
76.24255849
75.93339717
75.02163716
75.85554729
75.36964545
74.66467269
73.75869737
74.69866385
74.63334088
74.24988343
75.38338771
74.12097863
75.46608714
74.99673301
75.84411143
76.15467811
75.38180222
74.98612428
74.83290714
75.33838706
75.99301951
75.44383011
74.71510278
75.16393256
73.98772604
72.99713921
72.73963377
72.56210332
71.95415339
71.53772099
73.3846364
73.02911198
73.32056873
72.65757445
72.91058794
72.00144343
72.17948397
73.1368496
72.74243972
74.04314141
74.9362334
73.60819261
74.85510654
75.18349971
74.64847435
74.30749947
74.22020409
73.93927621
73.62134422
73.81914203
72.9684546
73.01285776
72.80505299
72.66330867
72.77940061
72.45267623
72.41013365
72.97620201
72.70599693
72.67329612
73.25471351
74.21758249
73.41679227
73.26801845
74.21654701
74.49963991
74.93839694
74.4859066
74.5249187
74.94497354
75.11312816
73.45479839
73.62753539
74.65356252
73.65569667
74.30833238
72.36883324
72.63029089
72.92216679
73.50841047
73.8940062
72.75520825
72.77342691
74.0173653
74.07999403
74.98348749
74.93166228
75.00032977
74.79545142
74.22649476
74.89181277
76.03381278
75.75160616
75.3549949
75.3520882
75.59122877
74.60615095
73.66657269
75.29576071
73.07467638
73.54096289
73.56748044
72.23943668
72.98971633
71.8624757
72.15907086
73.28710779
73.23267068
72.91831075
74.13951981
73.91840559
74.05658495
74.4819446
75.13591435
75.68312614
74.4794284
72.98303434
73.97904439
72.80960896
74.45908003
73.22449615
74.08849517
72.09427723
73.30412261
72.4922617
71.55592659
71.92880201
72.20455302
71.5729309
71.38455809
71.57838797
72.33092601
72.5020361
72.16890223
71.80124576
71.98653741
73.57829998
73.76993449
73.90520817
73.88052554
72.72460722
73.87825084
73.1538236
74.25507299
72.78303586
72.70043711
72.55484862
72.52805707
73.14618943
71.23182363
72.41740232
71.66301343
71.06682037
72.17174017
71.98736373
71.53260775
72.36545699
72.78437383
71.9729639
72.4644608
72.62455626
73.55532127
72.89143683
74.21730356
75.25147517
75.28003046
73.45611639
67.59220788
74.3959065
72.76152535
72.84667905
74.06782481
73.40328569
72.4928657
72.36963864
70.63012656
70.32611117
71.46025104
71.14590855
71.46817075
71.41876211
72.99363734
72.24666709
73.45167119
74.39956072
72.81416628
73.03240204
75.04333658
73.92938757
73.81507515
74.08455767
73.38180602
73.23701247
72.99037413
72.9901295
72.66562134
72.51950292
72.45390193
72.03998157
72.47195408
72.34968064
71.45220535
71.5574383
72.63790855
71.85849263
72.93395917
72.38591831
73.80702055
73.52710171
74.83471181
74.21326248
73.25223693
73.936282
73.04669143
73.0841783
74.19287354
73.41808921
74.12963911
73.46278565
73.62789649
71.92833946
72.26119661
71.47946165
72.63321496
72.24354039
71.57056509
72.2797028
73.01911793
71.61445258
71.26409105
71.75373049
72.57075359
71.7959401
71.53861613
70.90022339
71.73254786
71.7130903
72.76010528
72.84417558
71.99223058
71.70725001
71.71438532
72.55191183
71.03928043
71.46046414
71.99130446
71.45046564
71.51504432
70.99280008
71.34776909
70.72845843
70.27507626
70.27111929
70.85408914
69.94855497
69.53492069
70.92058525
70.99850582
71.05686947
72.14843798
71.45617637
73.27200083
71.80063059
73.01762667
72.12768954
73.33199587
73.21702132
72.41071376
72.12548765
73.03066312
71.54792939
72.74034991
71.35108732
71.40181091
72.12977881
72.31327617
71.50759292
73.42790189
74.33787739
73.42943331
72.6480075
74.48313565
73.37484563
74.54468294
74.91468608
74.48188759
73.21984661
73.46717767
73.43538257
74.11014418
74.0856674
74.43241463
74.304057
73.43146696
72.49383421
73.03216682
71.83335039
71.01856015
72.21563105
72.48771792
72.7382649
73.60978997
73.74620023
73.23713965
73.4530571
73.92328043
75.18250744
74.02490252
75.3285915
74.66865644
74.14984749
74.89985381
75.30346611
73.91031296
73.93275037
73.16148058
73.52562326
72.4748437
72.4950442
71.61991048
73.22943968
71.58909683
71.81584418
71.34809224
72.96869218
72.55053234
72.57797464
74.6953655
74.1296061
73.94533205
74.07901132
75.05479911
74.85789892
76.0974356
75.60625767
76.460003
75.95853846
75.66920488
76.19819465
74.83838032
75.34256101
75.63691814
76.00126612
74.28973725
74.80605955
75.30172567
74.34735395
75.12651355
73.75813908
75.04085467
74.7295084
75.23496324
74.09558127
75.40924951
75.05840643
75.20790637
73.69135931
73.54196014
75.19082042
74.60746814
74.53993625
73.4168865
73.95852383
73.75006416
74.14389026
72.51791753
73.6608867
71.9987482
72.38400327
72.51858237
71.55343537
72.55778642
71.96670972
72.36781957
72.69666807
72.75559541
73.59062056
73.17199341
74.06972966
74.49830916
73.95696452
73.63058672
73.49661513
75.0238628
73.41067783
74.43789627
73.69728217
72.79073013
74.02303394
73.99547327
72.63698998
72.65022647
71.45778273
73.30880143
71.88486246
72.3666265
71.51972021
71.73511359
72.78641155
71.38856419
72.18526942
73.51448987
73.57199426
72.91075318
73.81514959
72.68504592
74.08911438
72.9589277
73.14610095
73.78917147
72.79764335
73.85796513
73.14750042
73.68655845
71.99772202
71.98066434
72.34138543
72.73493389
71.65669486
71.49563964
72.5480017
71.57221259
72.7741422
72.50897204
72.37165679
71.76151786
71.14297184
71.17422664
72.7253094
71.85317981
72.85663059
71.76247182
71.696357
70.92483713
71.43725419
72.136007
70.64687742
70.22032111
69.75235982
71.33829611
69.61769321
70.75591875
71.47646234
71.59381864
70.66816135
73.12430398
72.97024298
73.7416086
73.95406465
73.45808119
73.14484568
74.48764885
73.40434954
73.32924842
74.46460516
74.68612326
73.64400862
73.05155138
73.20917824
72.9686264
73.44971023
73.55495921
71.69592455
73.53646843
72.02971426
73.42081575
72.58490985
73.0300541
73.33546169
73.69525708
74.44248772
73.36288859
74.23441848
73.53614618
73.55358243
73.31606619
74.07121348
73.84322808
74.31880636
75.3736506
74.6158649
74.22361987
74.90183652
74.60288205
73.60468314
74.41600686
74.16088548
72.84884222
72.92107082
73.01604281
74.13143498
72.57848043
72.87188536
73.61682058
73.37016715
74.04450691
74.12361236
74.66328477
75.70737338
75.3545802
75.25614118
74.87355721
76.29745203
75.3228932
75.8563486
75.14595644
75.88962012
76.4180307
76.5619789
76.10597378
75.25141922
75.72435817
74.49878947
75.84183322
75.2866983
74.87398102
74.94194615
75.98035652
74.95842691
75.24512346
75.35692048
76.88500697
76.12766594
75.86319296
76.41346624
75.5347714
75.84580103
76.34558396
77.39292354
76.30796353
77.25259793
76.43178992
77.69772574
76.53784364
76.38649065
77.20675318
77.18738382
75.67736243
74.81300493
75.83696911
75.02326067
75.05073943
75.28745236
75.20319345
75.12528566
75.19924971
75.73098218
75.93704108
74.89355303
75.07774926
75.25618705
75.71797654
75.63395379
75.48381386
75.66762937
76.51474357
75.08953119
75.81216694
75.60610346
74.9636714
74.98121493
74.45643905
75.51516542
74.73560812
74.69915087
74.54298971
73.35219351
74.12383795
74.22554631
73.99079534
74.79507379
76.11205116
75.22593768
75.27953666
77.15937503
76.19111223
76.31079818
76.38206634
75.57825005
76.1345508
75.23603382
76.23782807
75.336605
74.36531352
73.71769524
74.074138
74.84189513
73.95914727
74.04130502
74.56437617
73.29808803
73.53188681
73.87759563
74.87971926
74.1892936
75.41399344
75.86744504
75.6150603
76.97153329
77.0894334
76.17299187
75.60827582
76.6674659
76.59056219
75.05998404
75.88379996
75.47865146
74.4588194
73.60738959
74.41420743
74.765766
74.16291232
74.19468656
74.43225537
74.24359177
74.55720475
75.76889616
75.5197806
74.72805694
75.06364679
75.92542961
75.03438753
75.5302567
76.20838186
75.88011467
75.25305005
76.16092035
74.87732367
75.70725229
74.62446294
73.93894725
75.39833336
73.67042395
74.78394113
75.36637593
75.62678541
75.5424547
75.56486359
75.40045594
75.72241656
75.38360735
74.96366192
75.15506847
76.44462418
76.14152676
77.7365963
75.94504175
77.66560315
77.14421695
77.14840943
76.57972961
75.67263157
75.55554775
76.02875358
75.83856917
76.72809013
76.8067863
76.14957763
74.72851186
76.79427945
75.54402995
75.62375922
75.66503039
76.1298699
75.2965713
75.65848549
75.77541647
75.7226112
75.1745727
76.75484571
76.17423765
76.11021976
77.62413958
76.47954412
77.95666612
77.26824525
76.93680905
77.33274264
75.89490524
76.97245983
76.44928327
76.38799696
76.09948105
76.81359962
75.10202225
75.6896651
76.31908661
76.23526528
75.71330856
75.27910715
75.6502543
76.21250234
77.10759799
76.93375995
75.77571222
75.93642846
75.42451794
75.74984119
75.72379288
76.19812769
76.40959723
76.17249971
74.18157735
75.54911204
74.92685622
74.06821774
74.6063132
74.59934737
74.57257027
75.80192985
75.58576634
75.80339835
74.95083817
74.30202352
74.30126215
74.56143904
74.80702056
73.81540339
74.46177933
73.33340389
73.13844142
74.43327812
73.5542331
74.72110603
73.50877487
74.83946496
73.55614636
73.07126074
72.82584529
72.95550534
73.64826422
73.4784976
73.16790935
72.25990891
73.22695232
73.3657451
72.78698119
73.2313279
73.06305918
73.23528333
73.95548531
73.98859537
73.18927798
73.48796428
73.23741435
74.54367695
73.4308155
74.74891586
74.75362909
72.86175442
72.73720269
73.3559507
73.39759537
73.14595598
73.76092178
72.25168702
73.13205651
72.08360267
72.07368375
72.61268471
73.72321874
73.72849169
73.13296089
72.65494358
72.32299088
73.55015881
73.72223486
72.25297108
72.31541006
72.76195068
73.76142519
73.10583663
73.50193935
73.49132918
72.41669997
73.04263579
72.31388627
71.53125555
72.51297974
73.05072318
72.93039079
72.68112696
74.10651227
73.20678582
73.97883407
74.29101178
75.92300396
75.09551863
74.50642676
75.29868809
74.81087057
75.04623283
75.2726749
74.35723061
75.59912555
75.38508019
74.0184977
74.67643353
74.23187951
73.23464912
72.9246375
73.50042577
73.9103724
73.36473041
74.56847369
73.01626683
74.58986064
74.79361415
74.62816075
73.48499084
74.8357263
75.71863379
74.10748463
76.18679389
75.68515368
75.95116314
75.27091748
75.10698746
75.50230648
74.96947424
74.66135819
74.16500932
73.61945248
73.04705436
73.10898413
73.14571961
73.13454489
73.63776206
72.51683568
74.15631949
73.1693389
74.42966035
73.93593742
74.0165059
75.6413641
75.49191161
74.71810201
75.30978555
75.66631972
76.3113897
75.9381859
75.28806128
74.04154576
75.03847755
74.23765297
74.41627738
72.52116762
72.25396537
73.35919816
73.3005709
71.94989116
72.70754191
73.57919806
73.71447163
73.20962568
73.60901764
73.39056823
74.84991329
75.29117938
75.05266772
73.87313966
73.88685052
75.32457686
74.52795985
74.50517038
75.2801951
73.39054569
73.61502322
73.40129594
72.71904624
73.04163914
71.66850691
72.44293549
72.77424531
71.02651442
72.46122501
72.053069
71.4316494
73.5399011
73.32159625
74.17128378
73.44249817
73.8438933
74.32478195
74.33059913
74.50938842
74.18876225
73.26010958
72.71542581
72.91699629
72.72921375
72.00496338
72.91473652
72.22070042
72.19057869
72.75354149
70.85140062
72.60434778
72.2513124
72.44304869
71.82902242
72.13432831
72.28302117
70.87841589
70.5596423
71.49929374
70.91004612
71.52840484
71.62859496
72.74468133
71.59071961
72.53877392
72.67710054
72.51924339
72.53149628
71.57898299
72.42367877
71.48775583
71.06116079
70.32136308
71.8799218
72.01945706
71.02801335
70.32011267
70.43736052
70.71326074
71.29496969
71.19238211
70.76197992
71.97783594
71.93428932
70.92727189
70.69309796
72.26337995
71.59257385
72.78595446
72.51893435
71.86984301
72.26094927
71.49387364
71.34440084
71.45222531
71.07687116
70.85817442
70.94781553
70.27853073
69.32489169
70.20579203
70.38921093
71.97995521
71.09700465
73.01321007
72.74733169
72.53910037
73.35960207
72.84142418
74.43420638
74.6164561
74.22528903
74.42442215
73.14775012
73.69107041
74.03109935
73.46135999
72.49412233
73.09658152
73.46536527
72.80605916
71.59932742
72.73375635
73.27079545
72.32538482
71.96557762
72.50861543
72.20848244
73.98532747
73.77910642
73.74309124
75.62033656
75.92989871
76.14345589
75.62712477
76.09385992
76.71081637
76.04933698
75.72755913
75.51638547
74.52746945
74.48053719
75.44810401
73.87105555
75.52376743
73.59258353
73.54086694
74.60328237
73.53405054
73.18585771
74.73396876
74.00301199
74.25992091
75.3819048
74.89925956
74.95695549
74.99328121
76.8861063
75.74120031
77.29515004
77.42615583
77.57042544
76.97148499
76.55304852
76.83218408
76.76691174
75.03003109
76.13262453
74.88298612
74.7552888
74.96824419
74.38032373
74.51502775
75.03807231
75.47315484
74.28147702
74.9158214
74.73332116
74.57659907
75.13741621
76.09123393
75.48996689
75.37277558
74.86375645
74.72416427
75.88303251
76.26881945
74.40797403
75.07100534
75.22936273
75.3850351
74.12951939
74.33830078
73.1311034
73.7289254
73.47971521
73.55503441
73.21770574
74.8002409
75.10424352
74.02504086
75.99705923
76.14728499
75.97342391
74.55135899
75.52513628
74.83841776
75.86804316
74.78322701
74.93730171
75.99533878
74.9811996
74.90004537
74.45881512
74.98859321
74.80551896
74.37725744
73.23877045
74.57228705
73.61937989
73.62510552
73.89538449
73.97705688
73.49598319
74.480482
74.05324671
72.99508362
74.06252472
74.31310832
73.86600895
74.72618679
74.87409105
75.16150552
75.24524494
76.06110472
76.04876445
75.92643826
75.30896496
73.85862031
74.35243191
73.22576335
73.89709736
73.45107827
74.28662864
73.11935916
73.61847392
73.95085216
73.81302278
74.47090026
73.99949512
74.01073568
74.48269327
74.99975789
75.51838405
74.91884001
76.19947972
76.37182291
75.88886956
75.8200126
75.09124497
76.15627384
74.91899343
74.96455081
73.92706103
74.79903613
73.3751018
73.59611961
73.62927662
74.00708949
73.65766251
75.03306974
75.04645886
75.24681613
75.70692895
74.67360854
74.61358909
74.491203
76.12426881
76.37678862
76.92387133
75.33838879
75.99550579
76.69138228
75.88567453
75.76685516
75.37412724
76.68765753
74.51443263
74.81803517
75.98462212
75.47773677
73.83422894
74.80800635
74.2813275
75.90857214
75.58094376
75.38129562
75.16651189
75.93238329
74.27644123
74.14545793
74.83272443
75.96087554
76.77265319
77.00068715
77.15745947
77.15974376
76.69033706
76.17756923
77.24837065
77.35430618
77.55637201
77.11772453
76.16169102
76.13252582
76.2215106
74.98788383
75.70819313
75.28208686
75.58863441
76.04015957
76.30194796
76.25516001
74.8667481
75.62370485
74.98800103
76.56855175
76.20402117
76.04503464
78.00863821
77.16791565
77.47286351
78.34299712
77.23397943
78.33064076
77.74235688
76.90841346
78.19122395
77.11531177
76.19078959
75.89108336
74.91135143
76.05428041
74.98413324
76.71790748
76.87780803
75.59376618
75.42355277
76.12701487
76.85731503
76.36303141
75.84007067
76.46922703
76.80884417
79.02591263
78.20757005
78.47792298
79.23633448
78.88770756
78.8953397
78.876609
77.56230513
76.59404839
76.94499489
78.49555784
76.94027286
77.88769599
77.17967275
77.53951629
76.83583058
77.38018752
78.10468211
77.14646568
76.97117206
77.84318487
76.6613524
78.15703794
77.46965922
77.88460537
77.65864458
78.70593097
78.50094859
77.02001536
78.09143757
76.72362831
76.45580209
77.02544955
78.11045131
76.35997079
76.89472925
77.04274751
77.94149348
77.75067472
77.55710197
76.86340194
78.53850778
78.37908378
78.81008775
77.73485863
77.83555944
78.56664962
78.4432628
78.58726082
77.53521019
77.63065448
78.12865125
77.86603288
77.44856207
76.98370721
75.4790699
75.33305301
75.89776898
76.60147615
74.7109802
75.3552543
74.87224431
75.9791723
75.47730656
75.2003445
76.27953207
76.45168292
76.07015052
75.7356335
77.0986277
76.35243379
76.91635076
75.41786731
76.54536726
75.59756303
74.89586951
75.43229909
74.50186087
74.80732462
73.08595318
73.80861958
73.38120847
74.42042248
75.53513849
75.09092686
75.56936508
74.90652388
74.082068
75.77601988
74.20052806
75.23398924
74.67382574
74.65542741
74.67489567
74.8350368
76.08893067
75.15278013
75.02923911
75.85895688
74.36103377
75.5156958
74.70868339
73.83262026
73.70124329
73.63678504
73.41637369
73.80197277
73.97767514
74.83469243
74.97139121
73.77486044
75.13503163
73.87999867
75.77548486
75.01213492
75.50478063
76.25258396
75.71050611
77.20657998
77.30399661
75.91202374
76.66853953
75.74567822
75.19938463
76.19384417
76.09302338
76.04003915
75.29326815
74.21052551
75.1991017
74.06782191
75.64687089
74.70819726
75.45305517
74.00072839
74.0555797
74.61075053
75.33297088
75.94712761
75.58518275
76.02023976
76.59701799
76.96921944
77.22393149
75.97207085
77.39107002
76.84450656
77.41677019
75.98938319
76.6635247
75.4475656
76.21819272
76.32008979
74.9409507
75.4784256
75.17090954
74.29941509
74.3062439
75.90126283
75.04716769
75.58599677
74.87807236
75.27313151
76.48370315
75.50998007
76.75086745
76.68483447
77.38495142
75.87360168
77.6556306
76.42670507
75.71056203
75.06068153
76.10503754
75.62420413
76.08456044
75.29375586
74.80440567
75.19512835
76.00205619
74.52998721
74.90420227
74.16669948
73.80445232
74.47552074
75.30827578
75.03218705
76.2321831
75.6839157
74.92143663
76.87342138
76.59855258
75.33861432
75.45218311
76.06290495
74.9575668
76.00917564
75.8543825
75.27205469
75.31174871
74.6801398
74.82785613
74.52306854
74.15590675
75.10514663
74.7545796
74.52277912
75.82423762
74.22414092
75.46409745
76.33578873
76.79710999
75.93536531
75.56283028
77.20560211
76.87039405
75.44604893
76.57429989
76.06483199
76.00964555
74.80675596
75.1980522
76.07994366
74.76370837
74.52201927
74.64224735
75.14042076
74.36953798
75.37965099
74.93759126
74.37191177
74.73159262
75.61318422
74.40147509
76.1373236
74.9962055
75.54659614
75.26882561
74.39856404
74.28786598
75.1690554
75.28609538
75.1906637
73.93566312
74.13405397
74.18672976
74.17864554
72.37641122
73.10689581
73.18092841
72.4431114
73.61399348
73.50101128
72.3008609
72.34904296
72.21993949
73.2791445
73.29098671
73.02860249
73.73807814
73.96940648
73.87529271
74.12690095
74.54068596
74.58730262
73.27195908
73.90958789
74.1270589
73.64989009
73.12019765
72.94981371
72.63017091
72.71613838
72.71722481
73.73304064
72.67712283
73.64547544
72.30699831
72.64327782
72.70649962
74.00551
73.59150747
74.36327747
73.43398151
73.34037954
72.49370372
73.36328308
73.75270216
74.07760056
74.13267133
73.55944399
72.82256754
72.55823579
72.94645319
73.85665686
72.43060965
73.64939159
72.18117166
72.68621701
73.38138872
72.59355339
73.08965494
72.1523524
74.58666641
75.02738785
74.62411392
75.34149751
75.31820223
74.99496694
75.14356488
75.35414616
75.60743795
75.11999997
74.84177433
75.34780841
74.96166134
76.02028875
74.99070572
74.54696679
75.24551555
74.58234736
73.27790479
73.75848662
73.72426779
73.40027014
74.42141665
74.09206973
76.13283725
76.27032048
76.22574288
76.19386187
75.38155998
75.54108786
75.44093455
75.98674438
76.3785217
76.24170509
76.07005174
76.18773069
74.54095745
75.9857027
75.70301054
75.97637738
73.99051999
74.25959878
74.06537538
73.497738
74.40930673
73.53465219
74.01325297
74.65517361
73.8025252
73.47288405
74.39571525
75.54122752
75.61996717
74.29673142
75.83949955
76.92758894
75.89869489
75.17568757
75.81093193
75.69196428
74.5128894
74.98113099
76.17734177
74.42758116
74.07682949
75.69932551
74.84695927
74.35760136
74.39803827
75.02743496
74.02252097
74.56358368
74.69963645
75.09767236
76.44727912
76.95586845
76.87810004
78.17639551
78.63037082
77.38397999
78.19047845
78.61378004
77.0325289
78.6107109
76.68094652
77.05003701
76.33040884
77.55881425
77.29425879
75.96598011
76.44504229
77.37936193
76.39378285
76.18731941
75.55839334
77.31227539
77.63696989
76.61057145
78.01573292
78.11484883
77.7134697
78.35903267
77.54037213
77.50429946
78.54151818
78.51850373
79.21046638
79.13826897
78.4030664
78.62008697
77.13148416
78.02477786
77.86136184
77.78773632
76.85925072
76.69516519
77.00482738
76.44663657
76.83346215
76.46349867
75.94666293
75.43675043
76.31010809
75.95438461
76.15312638
76.12036689
75.94597297
76.55225442
76.79808015
76.48918773
76.33896896
77.05310437
76.54734976
75.9568436
76.51240415
76.18995103
76.90449174
76.17663538
75.63774692
74.76111351
75.90421071
76.50791927
75.03569534
76.44788554
75.69349585
74.67369137
75.53230267
75.69028376
75.61612508
75.38417556
76.53118614
76.0893708
76.67098365
77.51409604
77.71518301
77.49253948
76.1495223
77.69271299
77.3078518
76.58823094
77.01356606
76.29867262
76.6226516
76.44608657
75.00817082
74.40000215
75.95158419
74.806774
76.18399877
75.65218318
75.92126892
74.56981993
74.55990289
74.70972542
75.87615507
75.79608847
74.99922907
75.24370674
76.2868592
76.86505572
75.77297344
75.97494123
74.90139316
74.02325849
75.06232298
74.98321538
75.28863521
74.94672097
73.86675878
73.71014444
74.90952525
74.84580286
75.602222
74.74889536
75.01816634
75.72022589
76.30473901
76.01042931
77.21635808
76.50729669
76.88382451
76.77573772
76.28321772
76.24950337
76.06611132
75.81287763
75.70166172
77.3965392
76.21575455
76.42174243
76.1242986
75.95841843
74.24349947
76.0751302
75.84588787
74.92850291
76.3109073
75.13722516
75.66403255
77.34278041
76.93423637
76.61857052
77.03286984
77.55962287
79.09188313
78.52068112
78.98608769
79.4198418
79.04463822
78.08950603
77.6066685
77.94600233
77.89349375
78.60456446
77.06658421
78.3217143
77.70983715
78.84426107
77.1455334
78.76918765
77.91774797
78.34500813
79.86106375
80.52026302
79.89687488
82.28923988
82.98986906
83.24788623
82.51965884
82.73680192
83.78099481
83.00863385
82.8156272
81.77474405
82.45427776
82.09190101
80.96998612
81.84802474
82.11075802
80.90724311
81.79664979
80.13996622
80.56010402
81.53097122
81.83006626
83.51163
84.39093203
85.22768546
86.09488844
86.20418922
86.22321261
85.64943737
86.07470988
85.32616543
85.70599036
84.08697057
85.22227695
83.65396808
84.32899995
83.11824067
82.62728762
82.6222981
82.37343675
81.32311924
80.15369446
80.29698997
81.14245049
79.87450895
78.72789303
80.46954892
79.03221423
79.87953093
78.55827641
79.53990963
78.25863964
79.65429515
80.2436246
80.69153985
80.39914328
81.39129706
81.17088406
79.61617311
81.12807513
80.430862
80.02182976
79.868159
80.57302099
78.64657966
77.52978652
77.83306033
77.05832672
77.19065966
78.124458
78.72794247
78.00471004
77.76657966
77.67753604
78.95358338
78.36725003
78.6347335
79.8545992
78.54898156
79.24333333
80.04303671
78.27609712
79.68598902
77.91620784
79.18453247
77.94191184
77.08242193
77.14715291
77.62220228
78.39516049
76.84592783
78.29719758
77.61888521
77.00744034
77.76062769
77.05181008
77.0723302
78.46417804
77.42081363
77.808112
77.61400932
78.09598691
77.77116624
77.12786457
77.0909157
78.23972837
77.93250468
77.65365613
76.34552706
77.17220436
76.85489779
77.10917493
76.08132018
75.97126016
75.31930024
76.16500538
76.33505989
74.71455759
75.16889103
76.8884052
75.877899
76.41369568
76.51985988
76.32626701
76.75690732
77.20223204
76.54350997
77.01021977
77.28761998
77.13929934
75.83918057
77.4130038
75.63631529
76.80939855
77.20317007
75.9880975
75.60517409
76.4823878
76.08486147
75.05631746
75.71939344
75.49636047
75.55847428
75.78702171
75.42590876
76.5985245
75.35253788
75.52461588
75.27324876
76.24473974
76.39365772
76.14188495
76.01404616
76.24766604
74.60550738
75.27305911
75.76095709
75.18391571
74.39944531
74.93700505
74.62630625
74.52466577
75.20171861
75.59031954
74.99300208
75.12205049
74.8451182
75.5004353
75.78745907
76.80171084
76.89224059
76.57189936
76.05772001
76.30518585
75.67921558
75.65697105
76.36312409
76.36912771
75.98000468
74.95772326
75.4259806
75.84298448
74.33460196
75.25125208
75.28419137
73.97549299
73.77993441
74.11605842
75.41199782
75.88781183
75.34116597
74.87521094
76.97509822
76.83889695
76.92440774
77.32019076
77.67837913
76.02861347
75.57417604
75.79405442
76.64253253
76.35495023
76.05391238
75.76492651
75.53227413
75.96286731
76.43916795
75.79904062
75.53723344
74.76067835
74.8480328
76.23999342
75.11179225
74.94556814
75.55307362
76.83833799
75.59523206
76.31503423
77.53459374
76.0050383
77.68454433
77.72108111
77.51558001
78.44437589
77.97499028
76.46430922
77.99078395
76.65166801
76.38382148
77.98764166
76.02353562
76.85941302
77.02694156
77.4351667
75.742419
76.75512501
76.1618611
76.68101761
76.57323145
77.42705796
78.04219444
77.03500259
77.59435294
76.86767814
77.59032761
77.68816859
77.17536982
76.88160145
77.64735761
76.6094964
76.88619653
76.25204932
75.93757409
77.0866129
76.89226412
77.15228638
76.1683716
76.0309472
76.36542467
76.2166601
77.344746
77.17413937
77.7444573
77.80851622
76.95110006
77.37914862
77.64861189
77.57337175
77.64969323
77.28681311
77.62789588
76.37452465
76.89324349
75.84159632
76.54495496
75.54568718
75.612855
75.77509947
76.86025712
76.75063266
76.65430247
76.07822982
75.64525857
75.6153839
75.63346999
75.45555433
75.36337466
76.62929369
76.02807317
76.95841456
77.16409297
77.50435808
76.45265121
76.48343837
75.53864608
75.63032548
75.41759869
75.98132744
73.93952186
74.72379503
74.41912965
73.57769606
73.39289962
73.40029958
73.15702733
73.14839463
73.56870109
74.24132001
73.74719451
75.18506859
75.62687166
75.05191762
75.03447509
76.67924387
75.85058042
76.26521877
76.40487485
76.20869095
75.78848542
75.78491462
74.35316083
73.2440553
74.52607513
72.70071992
72.55197957
72.76263888
74.03023695
72.1040175
72.46775852
72.42871912
72.52468151
73.11919307
72.88771617
73.79287601
72.8959554
73.45337227
74.06806234
75.77846693
75.23072963
75.61607375
74.98886104
75.7975775
74.59213146
74.133984
75.68401665
74.63891988
74.84522321
74.99541401
73.95833504
73.91074857
73.56416169
73.94257293
73.32290889
73.93627585
74.19905101
72.79990441
74.06666139
74.44944008
74.62982839
73.89403209
75.44283941
74.9532114
75.48287312
74.85663
75.91564308
74.31605939
75.58963791
73.80836459
74.6479519
75.13418494
73.66916292
73.35199946
73.97781018
74.35526471
73.95431726
73.80845391
73.97871909
72.86942158
74.94885797
75.3994468
74.74238142
74.66350681
74.41156835
75.13358423
75.11834143
75.43622284
76.21395639
74.73751944
74.54551289
75.71630602
73.71800848
73.64882122
74.84681716
73.4509252
74.87858197
74.74808979
74.36531581
74.17844994
74.32707278
73.04205499
73.88036889
74.0674736
73.85181753
73.52105745
75.89900009
75.83602568
75.7488075
77.03472136
75.75358374
76.37330245
76.41021209
76.86214074
76.37969889
75.8606675
75.98763517
75.23598479
75.71067527
75.16753331
74.70772724
76.07797055
74.98527003
74.9606503
75.3362846
73.55344265
73.99107759
74.84672677
75.07497205
74.36771562
75.74259037
74.87882442
76.24095087
75.95860682
76.37186909
75.9443031
75.11146533
75.15274793
75.06549983
74.69714713
76.19664042
74.10948331
74.63482711
73.51138733
73.12606794
74.01271456
73.86542453
73.89712719
74.03537465
73.72201999
72.66948077
72.50391252
73.95811461
74.01521745
74.01596603
75.4479466
76.13073887
75.25463596
75.93286118
75.59193841
76.30709504
77.18425747
75.64246944
76.37537373
74.68720578
75.18990319
75.849666
75.14636897
73.90081676
74.73933733
73.74171083
74.46143239
73.4840964
73.03863545
74.07519737
72.93006063
73.18888994
73.95558633
75.22775409
75.05332699
75.36510048
76.11231412
75.58706498
76.06972961
75.32744105
76.06533695
75.66969997
76.2727697
75.50606319
75.37971925
74.86435121
75.92346681
75.81348126
75.53701836
74.23671001
75.16424971
74.30239478
74.59790374
73.58871356
73.01315859
72.58458265
73.95143473
73.97461465
74.56884896
75.03613111
75.56055848
75.62240148
77.67158003
77.56623639
77.61657097
77.69091215
77.65642064
76.58082694
76.82821008
77.44683206
77.63174648
76.76049719
76.10329035
75.93474711
76.39983542
75.07645543
76.25156678
75.59060727
75.83963106
75.2205658
74.85866283
75.53354519
75.71749619
77.69659197
78.08214012
78.95522712
79.64623758
81.37618811
80.96947535
80.30864114
80.18657579
78.47491514
78.96162765
79.1300713
78.39635208
79.854806
77.98583629
78.35432954
78.66812563
79.03360146
77.31328955
77.73451371
77.69436304
77.79754628
77.22909454
78.35433755
78.03170789
76.63660126
76.57220626
77.76546817
77.38246298
76.69839827
76.3966038
78.2430965
77.18014447
76.98731733
76.802564
78.04845667
78.30808931
78.56024461
78.00986597
77.74735738
76.56851354
76.57631974
76.29506325
76.91856774
77.3530018
76.69395845
76.79314078
76.78184988
76.58378687
75.29365403
77.08526779
77.16331386
76.08578513
76.26928873
76.76325951
75.47553688
75.0534243
75.69341909
74.84655904
74.60828148
75.23334924
74.76757914
74.32699919
72.97529237
73.30416843
73.38232286
74.58791578
72.9067279
74.15335692
74.15977548
75.48000267
74.94602944
74.36597865
75.40107507
76.43324294
76.76879953
75.42099851
75.04376408
75.14537633
75.26255156
75.35976422
75.45234139
73.94180609
75.00647379
74.33106778
74.87396446
73.3379579
72.80256039
73.66597073
73.87172516
73.27324959
72.72014324
74.17992104
74.15880306
75.5932918
75.41968933
74.53134496
74.44982256
75.434016
75.62950104
75.34933235
75.201389
75.40868152
75.11984946
74.38931293
74.69809723
75.18846342
74.45343886
74.67691315
73.41217429
72.83454005
73.5939262
72.76406621
72.68778157
73.37875182
72.06183623
72.86400869
74.31198445
73.92421104
73.6834725
73.71034271
73.515123
74.65384045
74.59773769
74.96277198
74.62437982
73.58807814
74.27463197
73.46593712
73.37697331
74.28679774
74.60507656
73.56215036
74.11232577
73.97053959
72.77785049
72.57867332
73.50341351
73.17997554
73.07969608
72.86778282
72.97978227
72.06864306
73.46915696
72.73501198
73.06122541
73.9831845
74.44162889
74.04541228
74.99423532
76.25032982
75.29434003
74.45046834
75.03906858
75.11973678
73.60403299
73.44321638
73.43418914
73.23859587
73.7150373
73.89335646
73.87424506
72.96073809
72.6111345
71.38831163
72.09667227
72.43175322
73.43453663
71.85172628
73.33181218
73.98179005
75.60339242
74.84669634
75.66432669
75.41398766
75.62691835
76.12839652
75.24374402
74.25000295
74.76520353
74.88412726
74.70121296
73.93681762
74.25651103
73.57337828
72.94924405
73.73581362
73.57616849
73.09497078
74.97348441
74.48410538
74.37005879
74.89437525
75.36858942
75.51543606
75.93149966
76.80408083
76.08022555
74.81338988
75.92940133
75.5063612
74.14574816
74.86999088
75.32625215
73.74854939
74.07036021
74.04524108
74.05595233
74.2393244
73.90532239
73.53187021
73.96226531
73.20525326
74.60467618
74.24149076
75.28123022
74.40222479
74.19210633
75.87886303
75.23863029
74.96873237
76.10793148
75.36131634
75.90263465
75.50472037
74.28022956
72.97203667
72.675118
73.47639463
73.39614473
72.10091024
71.8777649
72.55737568
72.98505223
73.73262672
72.69930722
73.01882828
72.80921712
73.65716599
74.68008894
74.65383035
73.90375633
74.95962081
74.72151271
76.1127814
76.27976034
75.43044158
74.81221712
75.29112173
74.11805047
73.08506057
73.71635914
72.75477351
73.069794
73.43277483
72.12848145
72.30633866
72.55350882
72.43365278
72.1602883
71.87997676
72.30469043
72.90140272
73.52178365
74.33549357
75.39468245
74.07597525
75.35896953
76.20885954
75.47638239
74.560063
74.52753611
73.7168956
73.90866358
74.09748437
73.87374575
73.74883976
72.9320447
73.49330934
73.66155176
73.62855627
73.16522286
72.7479508
73.56592026
71.75263157
73.18039611
73.92384
73.80439905
73.73073979
73.80911621
73.53212237
75.18577049
75.01261659
75.04608932
73.33607329
73.1043253
74.10360046
73.78519774
71.71663594
72.13397159
71.51253422
72.46607477
70.94402108
72.61890668
70.73076574
72.48740311
70.83079397
71.04843529
70.71591042
70.79152507
70.65705161
71.61997893
71.01293809
71.73672317
72.73172553
71.46886416
71.86085423
73.11208905
72.20025328
72.23507842
72.0287567
71.82552414
72.33922968
71.85635252
70.5453744
70.37989579
70.37604173
70.77914323
70.19317971
70.24674398
71.35010374
69.99332028
71.14020035
69.67929351
69.35287097
70.07391138
70.16723295
70.29923518
70.53565511
71.79430755
71.82889986
72.54095975
71.58480523
73.13032124
72.19137711
72.69299224
72.52594748
72.1202739
71.63100933
72.32810907
71.35093709
72.35543488
72.9372165
71.70966262
72.032484
72.49053701
71.89054985
71.26701803
74.46663598
72.22220945
73.72378953
73.22172217
73.98717586
73.03814208
73.32673418
74.66952758
74.79814747
73.00862053
72.03939489
72.84926503
72.21653075
72.82207234
72.13937972
71.41855654
72.13106037
70.30742259
71.29753092
70.73465105
70.97773483
71.29569485
70.86865163
71.13147563
71.26149539
71.94856019
73.39954311
72.71250801
72.77672232
72.35599271
73.15618385
73.63572063
72.21822025
73.09245779
72.11831496
71.42071144
70.56138073
71.67378573
70.69482748
71.05763613
69.64124933
69.98065226
69.64774646
68.90916513
68.87238795
69.78818855
71.12277947
69.26547487
69.4026087
70.83920046
69.3426551
70.48650218
71.05859214
72.61395853
72.86434604
72.37767629
71.96930019
70.34552908
70.14337141
69.65669593
70.78838358
69.51059999
70.31048879
68.33312277
69.11285507
68.36206502
70.00255638
69.84002555
70.8745921
69.71342166
70.57222326
71.52531104
72.153684
71.81595951
72.36544447
72.4569589
74.33983452
72.53925557
73.62854553
74.16754767
72.13192721
72.59170057
73.23535767
71.19719727
72.61891747
70.88976393
71.45727319
70.03927892
71.2807113
70.26626228
70.99283914
72.32981714
73.1103692
71.65932377
71.69114293
73.06636241
72.80727072
73.03538763
74.79646198
74.73596869
74.52413086
75.13725636
75.51339861
74.97912619
75.16085571
73.94071425
74.6188033
74.59156686
73.28286835
74.00350054
72.69543879
71.81722439
71.22178031
70.71015231
71.85774564
72.71240816
70.8336897
70.79616568
71.21849014
70.71605474
70.86097936
70.84299733
71.92974532
71.79294961
71.10245254
71.47578673
73.06019458
71.57960823
72.00120605
71.53750218
71.07065184
70.44906285
71.26135473
71.33996454
71.30097322
69.9892031
70.48431814
70.00301726
70.80399895
69.16903154
70.23674187
70.13354079
70.15141027
69.00452108
69.71760276
70.12305221
69.76208503
69.90676189
70.43625119
71.23295217
71.99986698
72.88904636
72.65424564
71.64446397
72.49652262
72.19594917
71.27499667
71.54927665
71.37741336
70.96126394
70.86526769
69.51742692
70.23699729
70.25478592
69.54660274
71.28535022
71.76620383
73.1581291
72.81950243
73.94357122
73.31051239
75.01779737
73.79603192
74.03478298
74.89001392
74.20342727
75.47335894
74.35480145
73.90516246
74.27115536
72.8397784
72.75240643
72.3249246
73.52854801
72.4911934
72.27198579
71.4871934
72.12293771
72.29360612
72.86539996
71.36774996
73.26391824
73.68072512
72.61150204
73.07639687
74.24530254
74.49700643
75.69456912
74.47440675
74.34991774
73.98990175
73.49337021
74.69248458
72.92171344
73.9381704
73.26932063
72.89486303
71.82789886
71.50326635
72.43797863
71.49212101
71.97523749
72.25395073
72.56517449
71.83775883
73.44242506
74.27947284
72.99596329
74.10552743
73.61788608
73.31701516
73.01174645
74.31390131
73.22819982
73.72890646
72.94723977
73.8378393
72.12373833
72.04284098
72.25186859
73.09282493
71.36865067
71.49960342
70.32354612
70.39520632
71.16626768
70.02861579
71.96241743
72.38074162
71.76366871
71.43442294
72.96389766
72.4056389
73.24319119
74.49209885
75.67593984
76.29491541
74.47855616
73.97881601
74.2503925
73.65281821
73.5566298
74.55125277
73.17815807
73.99622426
72.16705646
72.45023357
73.06302806
72.0095
71.80741665
71.04467432
71.97005629
72.90941163
72.17063774
73.06947938
73.0341092
73.80953945
74.31038278
73.68024234
74.41363078
74.41119626
75.30582101
73.72231831
73.956886
74.57015739
74.38656607
73.40422925
74.70798308
74.45851269
73.61811087
72.61189448
72.51799386
72.23863682
72.24960786
72.36965218
73.01194094
71.62813647
73.08187593
72.56747177
72.40514197
71.49508201
72.94715866
72.921265
73.01400553
72.79306485
72.85442183
71.65525912
72.67823919
71.2439398
72.55938056
72.05872252
70.76837988
72.2572247
70.78523809
70.62316491
69.95124246
69.93090011
70.59418428
70.22278152
70.96283441
69.80899995
70.54885559
69.93109781
69.51149457
69.65236836
70.29518506
71.62899935
70.19075454
70.75169665
70.81184472
72.25826358
71.2385615
71.58482682
72.05545689
70.68437859
71.74562272
70.63016123
70.10605477
69.15085681
70.53897933
69.75848063
69.0311664
69.97462923
70.99730927
71.81090729
71.22813976
73.54807891
73.1994691
72.48376476
73.27048296
72.63291885
73.04230204
73.59851179
73.94426246
72.2437943
72.89933674
73.3069622
73.94052267
72.92628635
72.67838417
73.30959938
73.02655382
72.29872004
71.88552448
72.40495323
72.02464429
72.19614083
72.60597358
72.39294669
71.43716569
73.99604465
73.50943035
73.45291204
72.83513404
73.94819798
72.4788448
72.83570362
73.99025826
72.88226906
73.27645109
74.02768967
73.89558413
72.59262336
71.72471476
72.13704935
71.67420314
70.80216066
71.79116991
70.1415103
71.38580367
70.1927803
71.5312254
70.74462709
71.60956249
72.63429747
72.72337319
73.61530291
73.79199341
74.02452744
73.33443313
73.77239947
74.18795723
72.73057539
73.0460628
72.61851266
73.63047725
71.8609026
73.39534945
72.5265888
72.50012423
70.9921352
70.68379403
70.92225816
71.06859469
70.50557416
72.40911188
71.18403064
72.27270943
72.11898377
74.22012096
74.14513886
72.57257271
73.9980464
73.6350508
74.18442393
74.01379528
73.31100848
73.2449359
73.63799953
74.22768593
73.25438431
73.33046811
73.61255907
72.97745167
71.89748993
72.9483533
70.81534967
72.54651585
71.6016416
71.38492873
72.63654073
72.26304553
73.08441684
72.98119162
73.44090643
73.67536027
73.57106999
75.09120703
74.01718788
74.75368514
74.06098855
73.64913399
72.97725908
74.31242165
73.36846791
73.40601581
71.88177019
72.16843891
72.02037785
71.46429845
70.13150262
71.3592175
71.52512352
71.20384956
70.74443864
70.44676548
69.73276669
69.16754481
68.61762076
68.2700207
68.32512358
68.00591358
67.6951857
67.66314846
68.83888277
67.71317938
68.16526105
67.74392032
66.91077531
67.67449688
67.30731382
67.90404578
66.9816318
67.36349977
66.85608572
66.82867178
65.9175334
65.85412004
66.57327898
66.93439295
65.95981552
65.5256702
65.00654684
65.86116824
66.24895835
64.84240685
65.69994977
65.11922166
65.06927583
65.16381523
64.32817118
66.17891449
65.64161252
64.79075623
64.67428457
64.36980786
63.50098479
63.81534068
64.24808886
63.39175042
65.78667951
65.26018668
66.52420616
68.3216973
69.51920746
70.41798643
69.85636686
70.50368788
71.55722128
72.2140082
72.23486752
72.30190595
71.38697638
71.71658422
70.60328489
70.70527374
69.37279327
69.26929995
68.33325827
68.26287644
68.58490764
67.91159536
67.02506652
66.65870493
68.35154455
67.47621403
69.77932913
69.15476006
71.2527348
70.75971585
72.72805852
71.57641906
71.53146856
72.43892738
72.51358476
73.04307154
72.01489481
72.03402933
71.36277817
70.22442557
71.04606096
70.29642466
69.67691329
68.59571214
69.32304528
69.67748164
68.7353527
68.35921937
68.72795161
68.99210194
70.19905465
69.97929042
71.22263248
71.68970302
71.30018987
71.27840683
71.89062285
70.7418569
72.45036867
71.32687587
71.4173746
72.27479477
70.60398854
71.26949942
70.11901901
70.71862637
70.01345997
70.36792895
70.25181505
70.06343925
69.51877722
69.51143689
69.28431029
70.02917117
69.77788948
70.64429563
72.09907213
72.55900491
72.48953325
72.02762569
72.56107268
72.29252772
72.14536417
73.17633192
72.09881309
73.03183616
73.4095494
73.61055026
73.22469023
72.77238923
71.77678685
71.39870017
72.01672718
71.71709105
71.89082404
71.79162775
71.73870688
70.86190335
71.69377098
72.24965305
71.86440398
71.71570293
73.11333987
73.11595078
71.98594655
71.77056727
72.69503008
72.9710107
72.4740122
73.52059659
72.43691661
72.18066282
71.32459195
71.85583639
71.88074888
72.15361442
71.17776846
71.41359324
71.75202769
72.29547661
72.06697006
70.50858274
70.18441596
71.29025253
70.2364789
70.42527414
70.62841849
71.29022977
70.83192557
71.13549561
70.83738869
70.83849743
70.93245308
70.27290872
70.58817206
70.24057965
70.80419
69.80143685
69.31283198
69.35668517
69.1339621
70.44526682
70.20928733
69.93524085
69.29629038
68.45718549
69.36682524
69.78440146
70.05047118
69.94616047
69.58663804
69.26826291
70.67206672
69.7713675
70.36000475
71.229006
71.01855228
71.67436488
71.98920306
71.41241783
70.21304108
70.46941197
71.81875355
70.75726396
70.35054453
71.46188706
70.98973616
69.85618346
70.33833311
70.64534116
71.59340431
72.81269719
71.4608208
72.85545543
73.05311023
73.92592685
74.95996905
75.9482096
75.7548778
74.81028192
73.54824379
75.07458015
73.30253287
74.89976587
74.93152766
73.08132323
74.38609616
73.555717
72.43144467
73.01942581
72.1483262
72.8103996
72.69220185
72.93948367
72.10962389
73.58615695
72.55872059
73.58393306
72.67472192
73.6832062
74.65712512
74.81826612
75.30493537
74.75955931
74.82300241
75.2020531
73.73854426
74.52699276
74.22793271
73.43795586
73.07056291
72.2732496
71.51947436
71.63920884
72.10054496
72.35798657
71.52260473
70.96393378
72.58154764
72.58419551
72.36171361
72.42998458
71.75716944
73.07326185
72.75507065
72.5752305
73.48040164
72.81148014
72.55668889
72.85158523
73.26970533
71.19146991
72.08289113
71.96350659
71.82605361
70.82030946
69.42550165
69.92242421
69.31438143
70.76033757
70.97100633
70.17113554
70.71432592
71.921708
72.0037581
71.78458459
72.65555112
72.58009757
73.0506489
74.54039587
75.18858469
74.27894519
74.26208079
73.23807909
73.87025742
73.43235603
72.37198523
73.92808884
73.25719839
72.53001535
71.63872957
72.28002048
71.72196102
70.39334093
70.10964532
70.65823648
71.51087208
72.44637778
71.51568524
72.7279092
72.29771123
71.52876516
72.59605592
72.01554663
72.97598217
71.20551
72.52524715
72.49802968
72.6226827
71.39694912
70.29320788
70.10398202
70.02121361
70.2777794
68.76433592
69.37923216
67.78520256
68.49976639
66.66557183
66.92889456
65.80440933
66.89565828
66.20627379
65.62264979
66.38603358
66.57722161
67.22633566
66.59760208
67.12154486
65.97349626
66.84503091
66.34569414
65.0483089
65.36668131
64.60285133
65.00628144
65.10276279
64.73752596
66.44422198
66.67119237
68.20387067
67.993777
68.82246666
69.83201105
70.41675915
69.67662317
69.75960523
70.63902199
71.26261117
70.379911
68.99746538
67.80571471
68.65145086
67.3954395
67.04867326
66.58482439
65.50344586
65.72809278
65.71347736
66.21746488
67.3270938
67.62303328
68.08086803
68.72680885
70.45355378
70.06613398
69.97752106
70.4927163
71.61681198
70.29198332
71.67066391
70.70533885
70.4300817
69.29157767
69.34063822
70.38420092
69.63034413
69.0398113
67.76196134
67.67675741
68.86005963
67.57048842
68.46335363
69.29349205
68.01547296
68.10090635
68.12754514
70.01662351
70.25863434
71.09608996
71.50280303
71.42488612
72.71167276
71.59459113
72.43328872
71.48709146
71.99469951
71.35471229
70.39110149
69.43812495
70.2584932
69.67190229
68.22337002
68.80799396
68.03247815
67.80972606
66.40552502
67.83509944
65.97248106
66.31911328
66.29172592
66.46979301
67.19727082
67.26610171
66.58963271
66.13565431
67.45824979
67.08281943
66.60154522
66.14435074
65.70970149
65.72663154
65.58931781
65.82957452
65.66945407
64.47296805
64.33275758
64.30729548
63.27916803
63.28661915
62.71784797
62.10356599
62.35873434
62.26844161
64.14762913
66.74519744
66.8847862
67.39191825
66.3784179
67.24728902
68.80478948
67.78706753
67.6234333
68.13243751
68.35249809
68.76098726
68.27847874
67.18038204
66.54164375
67.01120528
66.64272086
65.06151932
65.17996189
64.67925087
65.55120828
64.59678509
65.27563058
64.88539882
65.15421592
64.26521212
64.07879166
63.99581719
63.37198838
63.85857426
65.7786958
66.00473119
65.12337382
66.57607623
65.02660446
64.95266133
64.97658136
65.67719536
65.24741305
65.41542891
64.98877478
64.96988162
63.30792665
64.40463119
63.87984768
62.65054877
63.64803912
63.06377998
63.08252395
62.42757669
62.08987607
61.82403302
61.80836032
63.57034584
63.14298573
65.21301797
63.94421349
64.45766756
63.5914373
62.89815719
64.45257404
64.12681763
63.49055243
63.42430336
62.15728246
62.18439593
62.23825287
61.28489989
62.43160143
62.64010591
62.75477551
63.07107014
65.36263572
67.68834829
66.78938507
67.4030453
69.22223465
68.72906724
69.43623743
70.2580918
70.25948981
70.60726748
70.2063059
69.81033474
68.24486669
68.10978258
67.63116079
68.12898944
66.93579537
67.28183681
67.12842156
65.79175844
65.13144669
66.1775294
66.51384686
66.52764863
67.78500622
69.36668186
71.10686192
71.34507296
71.63930695
70.36000942
71.98604698
71.66471114
72.72998288
72.17540433
71.92709502
70.85195269
69.01463509
68.49462169
67.48580392
68.07698894
68.23106386
67.01328165
67.1861175
65.92239173
66.38206209
66.46286064
68.24047875
68.02786863
70.1038357
70.22659164
71.37680632
70.67512681
70.46297529
71.28157524
71.0559388
71.70627229
72.17357465
71.84544009
71.17415427
71.43730024
71.00435876
71.1510194
69.55935905
69.6460687
69.7364644
68.79399824
69.72507825
69.23149065
67.21438079
68.75934959
69.27054515
69.90997802
69.07299661
70.97799327
70.81341304
69.80737543
70.50417147
71.00976364
71.64484062
71.60940441
71.17635266
70.46962717
70.50548628
70.62289581
71.69910104
70.73907743
69.02175496
68.78503059
69.22496356
67.87748709
67.29471566
67.28621294
66.7890731
67.50432318
67.79009858
69.87567
70.21520038
71.18656942
71.67624154
71.22363341
70.43924193
70.36288978
70.79729744
70.23646361
71.73164608
70.94221602
70.53918108
70.54767727
70.90770815
69.78682182
70.91189536
70.07406754
69.59586543
69.60260984
68.27877452
69.45619825
68.44995951
69.73862286
68.94209701
68.18149599
68.76664235
67.45815017
67.66257636
67.77115437
67.69510921
68.11376092
68.40917826
68.68576669
68.70780771
68.52816028
67.29328776
67.71998071
66.43501296
67.6421382
67.50558169
66.63507662
66.03094617
66.85659507
65.17315838
65.21746396
66.28285507
65.42152866
64.94362409
64.89450895
64.55896017
63.75135279
64.59758157
64.12270321
63.49946799
64.70090581
63.79618368
64.00797024
64.72220608
62.87773689
63.82235957
63.75804636
63.15739889
63.44294756
62.12890913
61.82512301
61.83080286
63.16291422
61.25053172
61.01365104
61.21543911
62.37751935
62.92591945
64.87107009
64.86490926
66.04123541
67.6714638
68.92351552
67.95417072
69.769521
70.24593681
69.82130302
70.83974955
70.51174374
71.02364643
68.7052537
68.11165389
68.1166531
67.21496653
67.06224246
67.30972126
66.69399198
65.70506463
64.62101714
65.77618074
67.40523118
68.71941661
69.61966828
70.27366665
70.56337429
70.67077922
72.26734255
70.62328355
71.06334712
71.65028164
71.77769312
70.059985
70.75799228
69.98433493
68.84969949
69.74606796
69.53952356
67.523201
67.37990329
67.4174784
65.93843117
66.82475179
67.27135893
67.13357776
68.52772342
68.55982584
68.81377025
70.36173769
71.70237934
72.13491131
72.18835193
71.92595429
71.92725603
71.54807344
70.49187639
71.48653484
70.20635388
69.49279694
68.9205068
68.33056564
68.82533073
68.84005375
68.31437625
66.64807821
66.34454369
66.17310237
66.74208658
68.01627433
68.9208697
70.1290524
70.85226597
70.66374179
70.4602105
70.72339624
71.44960721
72.70811888
72.77820708
71.29761709
71.33906347
72.43172383
70.68626447
70.90794649
69.22547767
69.59225848
69.23210541
68.15528042
66.91203197
67.71558241
66.33452731
66.34030271
66.1824594
66.26386
68.22384891
69.16427797
69.10930036
70.81803261
70.01676069
70.90161589
71.64555322
71.70339358
71.27680445
70.63130618
70.97130269
71.71353903
69.9054085
69.66400387
69.16838511
69.69722981
69.15682991
68.72517924
68.35990386
67.18127785
67.94571484
66.71803036
65.66712074
66.84586991
66.29208118
66.88373267
65.19948254
65.5821055
64.70394655
66.22315748
64.88013387
65.55529857
64.64947474
64.68176215
64.80958215
65.33285671
64.36267745
64.11222793
65.11150875
65.33899224
65.61427437
63.77836909
63.70443845
63.46343576
63.6445251
65.44047774
63.66470663
64.32136806
64.17341
64.86387244
62.98320455
63.83170364
62.81085999
62.84699795
63.1663355
63.23431085
63.01982143
63.70769083
62.51382762
63.21955192
62.20602098
62.15285065
63.05547087
62.10293066
62.5408448
62.5503174
63.20486663
62.9317748
71.94336325
70.71564295
69.28811871
68.43786337
68.24934959
68.47135744
67.01776467
68.08328348
67.68747842
67.39799093
66.2691171
65.34304105
64.77433465
66.44792487
67.26279954
67.60152815
69.90530838
70.73996852
70.49826866
70.2611678
71.53832084
71.27033912
70.90025791
71.52148116
70.28414588
71.60015916
70.28728127
68.83984168
68.49777461
69.31375581
67.72785184
68.09933961
67.25783658
66.864027
66.59775853
65.53304117
66.86270078
67.50801513
67.77407736
68.52400365
69.56611683
71.28961034
70.14062086
71.034825
71.44418165
70.78327368
70.66347191
69.90711596
70.24754496
71.0175816
71.11791992
69.28691532
69.27422586
70.19449054
68.77820054
68.18678053
68.85984403
67.73755512
67.49811369
66.73351538
65.96544261
66.93124294
69.07779412
69.22374151
69.4535237
72.22574727
72.32609476
72.0268521
71.58630641
70.57044597
71.2768215
71.55483881
72.03927682
71.48654663
70.86464227
69.35637651
69.61239792
68.43977756
68.1853957
67.29170594
68.42970414
67.05828335
66.50295007
67.00732027
65.42638245
67.67939638
67.02204681
68.54764706
69.4655308
70.43402561
71.9389561
70.81297494
70.81249572
70.15898776
71.64451052
70.19782359
70.58227035
71.2087204
70.20658031
71.0117591
68.85446017
69.98331416
68.46446529
68.73818002
69.062706
68.38697286
67.58387429
67.83077241
68.81423687
66.69042351
66.36840797
66.61346754
67.33922911
66.9322944
66.76955124
66.00830414
66.7799832
66.58172048
67.11698683
66.15598172
66.69489329
64.82380273
65.2430426
65.21164883
64.54188892
64.8747141
65.4966696
65.38109608
65.02897391
64.67595377
64.44424833
64.25219739
65.40018788
63.73067948
64.20889648
63.45681538
64.48807692
63.79730874
64.36082107
63.84830762
65.51296869
65.48389278
65.75005021
64.65810145
64.36282383
64.99007209
65.34666001
65.39531562
64.45329069
64.61712504
63.75428142
63.49502357
64.12967698
63.69871435
62.31748849
62.56249792
62.083133
64.28414943
63.94397227
65.76317725
67.38934556
66.79761934
67.51730856
69.42271076
69.86566479
69.47338876
70.95110588
71.56889705
70.99062865
70.60246289
68.00017618
68.2578376
68.63980318
68.32316289
66.43383631
67.18821052
67.27079193
65.27791142
64.67375005
63.96850495
64.60849643
65.56452156
66.5334125
68.23406291
68.56959033
69.70420104
69.63981849
70.22222824
70.31535411
71.95951248
71.24637137
71.58768312
70.4210895
71.20646965
70.61530009
70.06998582
69.29171113
67.85447566
68.24887826
68.7671529
68.21590455
66.42226253
67.39517591
65.36892099
66.25362724
66.59754547
67.72967658
68.48225745
69.92320652
70.58513885
71.41308851
70.3227835
71.11789389
69.47243025
70.89176392
71.4621514
71.40483009
72.2868221
69.7696442
69.85857394
70.29044092
69.18897735
68.25903615
69.48405619
69.03729828
68.99054634
66.96693467
67.79585605
67.30111228
68.06321777
68.92309559
69.95467957
69.9996911
70.46057561
69.69177635
71.01239837
69.3636139
69.23956202
69.02602271
67.66881974
66.9784945
66.1376634
65.64125076
64.99436157
64.15511608
62.70299143
63.83944116
62.44194873
62.37114409
65.37565585
65.96957647
66.59359265
68.33141592
68.92824643
69.4470812
70.69379188
68.80751333
69.77099451
69.4302069
69.69943799
68.39255358
69.67023519
68.57844056
67.05017892
68.5384467
66.58977222
66.4437355
66.63975574
65.35200151
66.56495507
64.62244069
64.9923665
63.97746263
64.18268808
64.55629521
63.96192594
63.56770877
63.45102885
62.75664373
61.88488434
61.97105163
62.03644725
62.85879831
61.75532146
60.33080311
61.31862007
61.26515428
59.5647271
59.92144785
60.09354127
59.92218636
58.86227492
58.77714115
59.41074654
57.84457312
58.38952164
59.12502309
57.45840559
58.23364994
58.73348655
58.97261213
60.25792529
59.15943501
60.26702164
59.20056905
59.42050888
59.61076035
59.3758448
60.45036956
60.38321276
59.91094693
60.28396361
58.83249363
60.184197
60.57384958
60.58416247
59.54132737
60.5789119
59.20245134
59.53629772
61.42760267
62.35052077
63.87302969
63.95474106
64.33255339
66.89048639
66.76290578
68.22765033
68.66217484
68.77584664
69.85149804
69.64134024
68.67883235
66.53906385
66.75587974
66.67419463
65.2054392
65.2363275
63.50605093
64.46464095
63.51738461
63.61950823
62.96296552
61.77349005
63.95443765
63.98985647
66.04334863
68.1421882
68.61566659
68.8042788
70.24867959
68.84215496
71.07422118
70.7975171
70.00379538
69.63818207
71.11138859
68.9745537
68.41451411
67.63084599
65.73481705
65.50434383
64.79166617
63.9183871
64.49704161
63.67515316
62.46829544
63.58707467
64.98478124
64.79823783
67.37766731
67.53637026
68.93675906
69.01582856
70.01135347
70.54341131
70.3562049
72.05054652
70.83587447
71.22103625
70.22217235
69.83271805
67.95233259
67.65108997
67.466994
65.22016644
65.24342103
64.62596906
63.67041499
64.21771116
62.40771234
64.25745568
63.78224775
65.7106396
66.77957199
68.38229729
68.29797018
70.41445853
68.73075749
70.5379637
69.8449591
69.92419335
70.06645502
70.01194478
70.75213902
70.23146023
68.89087654
68.74794199
68.6134614
67.8040996
66.81999556
66.76963018
65.69553058
65.73002042
65.04376513
64.66042336
66.66369506
66.91478029
68.35124962
68.53892428
69.18079834
70.04821235
69.09186246
70.13679966
68.64486802
69.10913357
69.34877115
70.06810868
69.68681363
69.28946496
68.10328878
68.52704977
67.80210719
66.29263566
66.15580573
65.50262029
65.67858252
66.76499604
65.38745208
64.95897072
64.77271857
64.36173315
65.1175339
64.06584001
63.84447255
63.69995847
64.95980589
64.54564962
64.92641544
64.05690668
65.14093075
65.37596399
64.49955643
64.61511022
64.38633566
64.6986036
63.69621365
63.46227468
61.73732749
62.88858987
62.02517391
61.32938908
61.58004254
60.95237553
60.85101193
59.910092
60.32414667
61.24486641
59.66938197
61.12053222
61.88004071
60.49012871
61.00233827
61.7659068
60.26541206
60.71115886
60.52159375
61.72193037
60.84591691
60.77650542
60.2969507
60.50295653
60.86537483
60.31204125
59.84361371
60.93695396
61.29175138
61.35624139
62.51476508
62.43283694
64.91681271
65.39698618
65.915587
67.29050932
68.45738752
70.07377229
69.70332453
69.7202728
69.40144364
68.60855551
68.59433384
67.36680577
67.03274551
67.24095409
65.7964252
64.99226274
64.49559793
65.11700189
64.3213603
63.60761024
64.31240029
63.6046907
64.44609818
65.51557705
66.98431814
67.61193771
69.98132266
70.67558021
69.62883752
69.69713146
69.91198782
70.55887454
70.51507392
69.61686927
69.95093901
68.91740485
67.98366316
69.21152689
68.4994454
68.2065762
67.17531475
66.98745597
66.01118571
66.26108706
66.03229855
66.26457169
66.5901253
67.33860469
67.71813475
68.74407883
70.07146655
69.09664385
68.54085218
68.74793879
70.2110304
69.08812898
71.14090948
71.35406032
70.40898557
70.11680124
68.45657214
68.04369977
67.86825922
68.25265298
67.93389846
67.41557857
66.82858317
66.46827942
66.70529771
65.99333339
66.3995492
68.68937881
68.86981543
69.28930829
70.13701442
70.87920902
69.73387857
71.07672883
70.8997397
70.81721973
70.08894813
71.4981244
70.33872212
69.97998584
69.11046806
68.18636306
67.39351909
66.57525861
67.73318644
66.68982673
65.83218116
65.95237266
67.28099527
66.90419491
67.80676658
68.71115712
70.02939458
69.32625844
70.95509984
70.33649459
70.46790053
71.4753647
71.6850702
70.43496647
70.80912379
70.67649218
70.53630655
70.9107218
69.72934336
69.6017667
69.48880205
67.24793666
67.33153476
66.89338891
66.56130689
66.53741504
67.13725522
66.5594858
65.90565072
65.53921771
65.83948867
64.57393058
65.47092598
64.0622873
65.61321875
65.0033148
65.06987305
65.49571691
64.8905883
63.93327257
65.74230017
64.87334743
64.59101491
64.52446439
65.86073905
65.70163338
65.48002454
65.01981817
64.07651163
64.19020524
64.54513799
64.16276662
64.68808942
65.0067767
64.86726485
65.27562701
64.76188253
64.21479337
64.22497124
63.48983416
64.02881119
65.14115001
64.16580322
63.82552427
64.51645768
64.81548712
63.65811355
63.04274263
63.66900707
62.84663436
64.00274294
64.17028398
64.29074432
62.8534311
64.27748755
63.93818963
64.19242071
66.39555183
66.35592434
66.93708398
67.94603672
67.83616225
68.02972643
67.63528784
67.95345262
67.94164899
66.31355879
66.90239851
67.92545865
66.24886617
66.61769712
66.45853965
65.70015178
66.15509081
64.37093221
64.73766535
63.71676928
65.12909065
64.59083625
65.39479955
64.99259943
63.55132406
63.86318351
63.4598629
63.08150923
63.48047822
64.82342973
64.45813978
63.80209508
65.04887616
65.88072103
65.4814587
64.19984122
65.87838087
64.72572253
65.00936847
64.37972197
64.81705324
64.01853731
62.59835239
62.15358748
63.65464859
62.66869499
63.19330523
64.24502053
65.1453243
64.9329398
66.64151484
66.82120203
67.1960497
66.13772358
66.37318638
67.38361772
67.9887111
66.25593843
65.92849928
67.21492219
66.24671438
66.61478769
64.84814958
64.94889814
64.45625398
63.9798679
64.26732464
64.59177699
65.37702424
65.19211401
65.37953893
65.05709023
65.87109317
66.54947805
66.4332683
67.94196795
67.73779434
67.94409258
68.59569962
67.76281833
66.3713461
66.45491031
67.7664687
66.30486725
66.77500592
66.08791142
66.23633214
66.08952394
65.49363114
65.20911118
64.65270388
65.68346791
64.53848669
64.87436222
65.83693065
66.45562134
66.22132242
67.40617703
66.82972449
66.3484439
66.56058031
67.87466603
68.3687548
68.32191349
68.61482576
67.74306346
67.08645996
68.34330065
68.30007946
68.22785404
66.69875824
66.4911086
66.35595511
66.81821492
65.56948969
66.61559763
65.6976645
64.59377619
64.74378706
65.25902071
64.47503572
64.61145531
63.68596001
65.43821188
64.12205423
65.42301205
65.95634267
65.81969209
64.85601416
65.00620928
63.94392708
65.20208745
63.84740672
63.75022634
64.87600042
64.18060217
64.07250966
62.43332813
62.52641171
62.30957888
62.35436891
63.42459056
63.09408094
62.58243369
63.37961637
62.86781634
62.88417215
62.11991599
62.70773678
63.59298753
62.71663598
63.60890306
62.82802932
63.79858076
63.11692463
62.12890815
61.59769629
62.8583145
61.41615236
61.49160445
61.82814205
61.69737845
61.65254063
60.6068837
60.47320097
61.5530172
62.01910222
61.23608102
63.67999575
63.36326181
64.13721032
64.5332446
64.19481423
65.1361502
65.97596267
65.85552001
66.32755106
66.92969566
67.2613918
65.80789035
66.20385124
66.51044071
64.8207324
63.59220664
63.23531713
62.49046863
62.28369414
63.30749881
62.80276256
62.34187092
64.17473372
63.97093501
65.0523434
64.75464232
65.04876411
65.74920338
66.40186825
66.18664212
67.31747692
66.95425995
66.93790428
67.73969822
66.72610529
66.08638956
66.71634147
65.1468648
64.64265197
65.62693199
64.08219838
64.54200752
65.09258433
64.43853993
64.62081306
63.29588419
64.71917156
63.73179147
66.29709464
67.19427577
67.06897531
68.72099133
69.96068224
70.56685636
69.75004488
69.17335133
70.50844769
70.24540175
70.81293524
69.94704581
68.86682809
68.39329009
66.6067577
66.76001378
66.27637613
65.75512541
65.81007339
65.37270606
66.28889617
66.23410255
64.91234651
67.05133706
67.83863065
68.10943196
69.65642273
70.60573585
70.62927012
70.21115072
70.29113189
70.64550484
71.27645212
71.83727293
71.46726041
69.75939304
70.11417736
70.05504972
69.37027812
67.98228281
67.7865791
68.4344629
68.07785549
67.81285784
67.56774369
66.24760777
67.65004294
67.05143804
69.05576366
70.10149255
70.63274013
71.06084806
71.07378866
69.87334432
70.92486991
71.2245648
70.78867373
71.99197043
70.89590208
72.38733933
70.14675317
69.74583888
69.43160284
68.23254059
69.47792142
68.91530719
68.35492212
68.39336374
68.42272702
67.0775277
66.90356792
66.37013021
68.21760218
67.53453251
67.42839785
66.96098515
67.33616722
66.84359334
65.89084398
66.81261725
65.32919958
65.92892671
66.58894429
65.10538195
65.63011787
65.81492917
65.57018764
63.91974669
64.51176296
64.43387227
64.33383818
64.57554395
65.03499427
63.11467108
63.87061555
64.64784774
63.64523071
64.05141919
62.7828001
63.82347474
63.58691465
62.08829654
63.01928506
63.90711168
63.07839314
62.69840054
61.72789308
62.289274
63.08826676
61.55557216
63.00932675
62.18412627
62.39660826
61.14767562
61.13299926
62.20171526
61.03856972
62.82075925
62.2872788
61.74042901
64.34959977
66.00850439
65.98530817
67.03067426
68.11149661
68.18592974
69.0919441
70.46158593
68.55542525
68.18348692
68.79946301
68.94392853
68.37912217
68.03272736
66.7522962
65.70093962
65.23145055
65.58334605
64.43826513
64.76745107
63.63936741
64.99365642
65.42791053
64.54368408
65.7424681
68.2490268
68.81523729
69.61897566
69.27540087
69.46898521
70.39851654
70.72748205
70.07376172
70.43111508
69.18648323
69.33720712
68.52452572
68.66320083
67.39728285
68.3111207
67.1601394
66.97372975
66.48481188
64.8808456
64.70801495
64.5459563
65.67840491
65.05875661
67.03858825
69.05639384
68.9918961
69.97788528
70.175432
68.1666437
68.57300267
69.83526008
70.27480031
70.2060904
69.40921677
70.27798951
68.30333556
68.09324242
68.36429597
67.72416061
67.8085136
68.26962214
66.64600393
67.56801604
67.36462946
64.81152604
66.53328753
67.08670333
66.85800575
69.47031702
70.77703377
71.07003789
70.78202725
70.7083186
70.9635362
70.2180453
71.14732103
71.78243404
70.94431125
70.25408586
69.97385592
71.20814017
70.28109027
68.42534022
68.14026632
68.31516842
68.80554576
68.70805438
68.21126844
67.02311979
68.13634615
68.50810021
68.78472332
70.26313322
69.48894493
69.78809126
69.96723012
69.74249505
70.69057352
70.63243838
70.67548445
71.48839758
70.21791457
69.93428517
70.22321349
70.68873242
68.72204475
69.45225691
68.41224787
68.36748732
67.63648402
67.66201157
65.90307781
66.21437481
65.82644339
65.50506941
65.74501564
65.36640537
65.90704699
63.77248723
64.55949992
64.5256338
64.6740016
62.79405286
64.31443601
62.55982025
62.74968304
62.73063243
63.65406403
63.42070867
61.94114934
62.89319989
61.96136235
61.33631343
61.95426535
61.38195858
62.38443786
61.0947659
61.36331427
60.59300743
60.43062383
60.58242408
60.31117133
59.76775547
59.86404445
60.24787212
60.87471092
60.2856146
59.52889185
59.31666076
59.14006513
59.33578729
58.5039748
59.10760819
58.16034228
58.42363855
57.8619057
58.63929497
59.07469099
60.49092523
59.71185823
60.37589367
60.17109245
60.29668226
62.032778
63.30565358
66.46108503
68.26175947
70.71157984
71.27550282
72.16832368
71.18424703
72.14062818
71.21197512
69.21714746
68.35285951
65.94373646
63.16581259
63.4757356
63.46895245
61.42920712
61.6770827
61.78693595
60.88555024
61.49993807
61.05565421
61.47083928
62.30626718
62.87057976
63.4008645
67.5421717
69.71421777
69.51084605
71.30924261
71.54100964
72.16153754
70.88654096
70.91172121
72.16415303
70.52750726
67.87157133
68.33303676
66.90035458
66.99561858
65.40626786
64.32359927
63.56365044
64.11854793
62.70245453
62.74071071
64.71093807
65.8351216
66.70320421
68.58472225
71.45729537
71.66573622
72.395749
73.90430952
74.74593843
74.30063758
72.59432304
72.22398046
72.32603021
73.63394052
71.85085806
70.92319988
69.67101298
69.59055937
68.10096848
67.59063877
67.28802796
65.50415242
64.98749725
63.8428908
65.27590436
65.24654655
69.10167387
70.78848187
71.86870384
71.94794239
73.677598
72.98770276
74.42875737
72.64701052
73.13696747
72.89262523
71.9456771
72.75306445
72.16946467
70.85768581
68.89846747
69.76426088
67.22274865
66.84469742
65.7499409
65.72828867
64.56403526
64.82619471
65.55274567
66.27026002
68.11559824
69.89230339
70.85563315
72.70590985
73.19388671
71.69026293
71.85985178
73.21648743
72.87018134
72.78601953
72.3176002
72.96734992
72.9728198
71.42381462
71.5294155
70.53019592
67.44737298
68.10673337
66.54488604
65.99044378
65.57383653
63.7342402
64.60030306
63.81887969
62.53317986
62.63998719
63.36766655
62.24567585
62.11892222
60.93392081
60.93279727
61.2825587
61.86767484
61.09664628
62.27844332
61.90070789
62.39310154
62.30137458
62.56461867
62.72498472
61.83288929
61.81999904
61.63311346
62.64551718
62.36561658
60.95432355
62.2887861
61.79099234
61.2350892
61.70115537
62.50943034
61.01775642
62.17679039
62.78656524
61.01764809
62.19066364
62.3200289
61.24446489
61.04660004
62.45615333
60.84765432
62.16201772
61.47244327
62.07873026
61.76786
61.14309718
61.00938428
61.95202076
62.03764829
61.4733389
61.51732548
63.77163674
66.16135606
68.07227638
69.81799259
72.0269253
71.77669121
72.19859519
72.23311654
72.5136072
73.97990891
72.13547844
73.53223604
71.63600005
70.98695943
69.02377801
68.51109537
67.10193816
66.822098
65.9294706
67.12169762
65.4066128
64.94669438
64.01596424
63.6379644
64.58194931
66.86987932
70.10010407
71.53161261
72.17782106
72.68078037
71.96861391
72.11443201
73.00783047
73.08768457
71.32243816
71.49022791
71.8134752
69.75022022
69.68719735
68.98695874
68.63483818
67.0000815
66.52891628
67.65632279
65.74329837
66.24037883
64.78402266
65.6458741
67.47256826
68.03307954
70.45571697
72.37020644
72.17295622
72.04656545
71.82522648
72.58408858
