-21.04838268
-20.29547687
-18.12722947
-20.1716654
-21.22376161
-19.10449113
-21.5894465
-18.94504163
-18.30589253
-18.63975724
-21.34801147
-19.66922368
-21.18778225
-20.12493224
-19.9222365
-21.22765261
-19.69395045
-21.20813092
-18.40264866
-20.54524326
-20.81034823
-21.59638958
-18.89729567
-20.41687952
-19.73302625
-19.53108662
-18.42685422
-18.53693332
-21.34795385
-20.99901373
-19.52936452
-21.31394633
-18.32306474
-20.49909567
-21.47270421
-21.35545692
-19.49113104
-20.98093541
-19.70987258
-21.36055266
-20.1230478
-21.0594282
-18.31428633
-20.36010389
-20.20113671
-20.43990689
-20.78256643
-21.67243588
-21.14272833
-18.87855197
-21.30358508
-18.48831871
-20.48879434
-21.53101523
-18.40448822
-21.39877061
-21.19448294
-20.01510174
-19.23559041
-19.62175291
-21.87463254
-18.80679022
-20.31841715
-18.33296299
-18.87157226
-21.05326555
-19.21039616
-21.94306428
-20.00326817
-20.0661573
-18.14525896
-21.826107
-18.69693376
-20.1533624
-19.58269844
-19.6623388
-20.57320066
-20.64835471
-18.61715446
-19.99834661
-21.1619098
-19.77314593
-18.66321788
-19.25286777
-18.84951826
-18.50326987
-19.51032451
-20.16374497
-18.2910061
-20.41529349
-21.97209776
-21.85649973
-21.31669393
-19.06536445
-18.08963039
-21.33416681
-18.22288093
-18.82251233
-20.17781286
-18.71351216
-21.33515333
-21.10863879
-21.02307802
-21.26451046
-18.87880712
-20.9155695
-19.42112601
-20.66737904
55.46426074
62.46703896
65.66529273
54.52320438
55.12594681
55.48364121
59.16676686
57.48936222
63.68304184
59.68544687
59.81444811
62.60445722
73.90192853
73.76875016
79.90528109
80.25663454
68.61886134
70.58561523
71.63909235
73.74432713
72.83001087
78.56150474
80.98765555
71.31972213
80.19760416
77.10620942
79.29152154
81.11280421
85.43462113
74.32591586
72.65818434
81.2150368
77.52303264
73.86037866
73.13466073
80.13313102
76.65391445
87.78290443
78.33742428
75.24579257
81.89746155
75.75626208
79.74556594
79.5617765
79.09840823
84.5678964
75.31487641
86.29597905
84.62758347
77.29902584
74.85968424
76.44197137
77.29125108
80.87856633
72.71279394
86.59509418
73.54936619
76.43778696
73.71909957
76.07632252
85.39594888
81.83626556
75.63112063
85.94126063
84.80460804
84.05166385
85.5552782
81.90784175
80.01659592
77.97672178
75.57417791
80.91211304
86.23049782
81.50240456
86.71232237
77.70943454
83.12087761
82.3773295
82.72561787
82.31935507
75.54526606
74.29626561
87.65664957
72.72355847
79.48352944
78.80103291
77.7600545
84.51147122
83.92533605
86.48332203
78.32754977
81.02661316
86.27663667
87.90128772
87.50842977
83.48523479
74.29159338
72.37092987
85.20343917
85.4550177
83.94172081
76.47872683
82.23703312
77.05992575
79.21032124
78.11891136
86.61818595
75.74646881
-1.04E-05
-9.96E-06
-1.06E-05
-1.04E-05
-1.11E-05
-9.42E-06
-9.67E-06
-1.08E-05
-9.97E-06
-9.56E-06
-1.02E-05
-1.06E-05
-14.54344735
-15.33319201
-16.9901543
-16.06478467
-14.51321535
-15.30224518
-16.4452522
-15.03795223
-17.04765468
-16.56504502
-15.90841503
-17.32999832
-18.78451536
-18.18268228
-19.81978791
-19.48145394
-18.56735234
-18.59967231
-18.80912799
-18.39797249
-20.00732743
-19.7812167
-18.97258659
-18.80776236
-19.30452352
-18.98080238
-18.19604443
-18.92023627
-19.13052703
-20.02921022
-20.92639289
-19.42614619
-21.60479549
-21.13892474
-21.76369382
-21.33277375
-20.43415677
-20.3612869
-18.48847556
-20.85617366
-20.36818612
-19.99568406
-20.73991047
-19.74454948
-20.06328596
-19.56205978
-20.83609242
-21.47203359
-21.35654348
-21.13733498
-18.04937317
-21.64059465
-19.09339105
-21.54499917
-18.7818603
-19.75226026
-20.99087595
-20.55453623
-19.65739538
-20.70786679
-20.19579804
-19.10294523
-20.58531778
-18.81698835
-20.77595314
-18.01244351
-20.19509006
-19.60427051
-19.2124151
-20.06283187
-20.58124653
-21.86124906
-21.33225796
-20.86859953
-19.91586765
-19.56857648
-18.13011862
-19.43638761
-21.39350855
-19.53609833
-19.84634
-19.0873377
-19.09653104
-18.24748704
-20.4552157
-19.79227761
-20.42384323
-20.1875476
-21.19537835
-21.00404765
-21.08581541
-19.99695603
-19.41552541
-21.73374636
-18.21707909
-18.61048523
-19.67839637
-20.45583061
-18.0328015
-20.87729128
-20.23490617
-19.93881103
-19.69398016
-20.07794813
-18.64714294
-18.43484696
-19.15854992
-20.83801917
-20.35315154
-19.92049207
-20.28608386
-20.23703205
-19.2281677
-18.38982379
-21.58712947
-20.39964505
-20.790992
-19.8559889
-21.02592232
-20.33798906
-18.21520449
-21.56038814
-19.22214459
-18.55156311
-18.35216403
-20.88176126
-20.81587347
-20.8006485
-21.66301109
-19.39577209
-20.24453223
-20.47798233
-21.91792731
-19.24938457
-21.8253248
-18.59493733
-21.05600582
-20.5315436
-21.26758415
-18.11474229
-18.31252417
-18.27878312
-20.37183782
-20.41174427
-21.62441956
-19.87041406
-18.27219622
-18.83811761
-18.03229238
-21.1068581
-21.26239775
-21.99176167
-19.6487778
-18.0771935
-18.93891953
-20.35107547
-21.84777187
-18.41431421
-18.48629208
-20.80703594
-20.66882822
-19.00202542
-21.25257916
-18.51511502
-21.70296738
-18.80412772
-18.32540949
-19.35808835
56.25409546
60.3232947
62.24215845
59.89105894
61.92728798
58.37904617
54.33507117
65.68876949
63.83296205
54.88102589
59.39011675
61.62022884
71.29703291
77.18542689
76.511459
71.56563087
70.5463967
79.9362268
73.30331398
72.10941611
79.61575096
79.58824412
72.60130518
81.66304061
82.18188261
76.75690521
78.05143606
82.79108143
74.63148791
78.70517095
81.63236414
79.825657
80.915921
79.93200599
74.43576271
77.77765266
80.35074439
84.31204187
82.29754286
78.66780421
87.41521652
73.57727889
75.15826014
77.30607976
75.50583893
81.84305781
72.48754605
74.68931057
76.66287838
82.90035899
85.97943259
84.74195798
74.88332961
81.01407354
72.45137018
76.93780097
84.86178242
79.27492876
74.36930153
78.98524736
75.16251333
78.28480004
79.79895114
77.58672237
86.98454389
80.99400472
85.47944388
84.16492302
82.57205466
79.94382396
72.02901776
81.80893637
77.69407612
73.88301252
79.11275439
83.76751285
87.38544653
77.98443049
80.68228184
85.61854022
77.34275322
74.2749275
76.50888514
86.3845831
74.55005117
77.26728972
79.43399078
85.5535378
87.00313413
78.81271275
86.91098666
74.58310685
74.50939824
87.18773411
80.15462564
74.97428545
79.80779485
84.53132439
85.2306713
85.82345318
81.11308254
85.87108127
80.16043204
81.71290614
84.13946299
78.80691425
73.17725696
77.60261204
-1.05E-05
-9.61E-06
-9.52E-06
-9.82E-06
-9.28E-06
-1.07E-05
-9.75E-06
-9.47E-06
-1.06E-05
-1.09E-05
-9.26E-06
-9.69E-06
-17.42474567
-15.63281524
-17.40349683
-15.27748208
-15.09781837
-15.08514885
-14.67273359
-17.26858553
-17.53547432
-17.45443042
-17.12649224
-17.11004349
-19.81856862
-20.45266109
-18.08003506
-18.7695849
-19.74081179
-20.63912236
-19.81620316
-20.50184476
-19.09996655
-20.03444678
-21.04312675
-17.86939644
-21.5340214
-19.92874023
-20.40828923
-21.33938431
-19.48150784
-19.51737222
-19.94785761
-17.93179715
-19.82677149
-19.01103435
-21.53812228
-18.20413374
-19.80554221
-21.7550089
-21.56957439
-20.77210516
-20.32487231
-19.09232709
-19.43667994
-18.33116261
-21.11060212
-19.26460632
-20.63805381
-19.39929052
-19.85096743
-20.21353949
-21.20062327
-18.83859523
-19.58879113
-18.51439979
-18.29718505
-20.41216344
-18.75036214
-18.23336083
-21.58148344
-20.13081376
-18.53851283
-18.21370451
-18.47944021
-19.88534896
-20.67386102
-20.5651203
-18.57769235
-20.53395581
-19.6194625
-19.85897514
-21.20572163
-19.32999749
-18.58799619
-21.49381253
-18.8485223
-19.17611948
-20.82636024
-20.73420127
-21.20160009
-18.73546657
-19.40911957
-18.50353296
-20.16415659
-19.17028237
-20.75574256
-18.00137747
-18.23873199
-19.7302412
-21.83273662
-21.56340555
-21.97603611
-19.6673209
-18.18627395
-19.22382457
-20.70308341
-18.54065524
-19.19988872
-18.22466466
-19.89986815
-18.83568271
-18.36499211
-19.64486324
-19.40490162
-20.15007095
-20.99615462
-18.45027495
-21.16450236
-18.10515992
-19.77240761
-20.34972115
-21.82799469
-20.29569211
-18.63499677
-20.07016722
-19.58313579
-19.91742227
-18.78838806
-20.00330817
-18.60015906
-20.97617232
-20.37562504
-18.31411077
-21.55845787
-20.46551842
-19.26442822
-18.1825696
-20.52890678
-19.49376105
-21.63047242
-18.13951133
-18.15640974
-21.79719715
-21.85949578
-18.11096891
-20.86413294
-18.88597941
-20.80557107
-21.47493119
-18.40332592
-18.95506567
-18.09631067
-18.17531938
-18.11847143
-21.20272943
-19.19317071
-19.97284576
-21.15137705
-19.97977465
-19.71678425
-18.04629283
-20.27215801
-18.49897231
-21.05859296
-19.0309509
-20.69674964
-20.58489411
-20.46670241
-19.06780803
-19.06835911
-21.45219217
-18.05122933
-18.72609053
-20.44068367
-21.26818502
-19.43338203
-20.61377383
-20.22862568
-18.25816042
61.46100236
63.76684167
65.90937984
54.35568087
61.92069807
58.97459464
54.11745466
61.37233132
55.46912758
58.5428022
57.13640511
58.33396083
75.88897284
73.85998489
76.80152443
72.02747529
78.05749886
81.37719766
71.80581911
76.11973368
78.26008473
76.98231719
73.95787158
78.16143556
71.72741991
77.13931471
79.71657748
71.60651244
79.32115746
81.64339066
83.30584993
73.07584545
86.97054762
80.88169639
77.03298968
75.22563081
81.00401709
85.93517158
80.16838825
82.41838578
77.56769675
78.05401574
76.42564409
83.12361632
77.59150685
74.90135954
77.75458832
85.48991285
83.77850788
77.32331181
86.47433986
73.16804323
72.76694224
74.00990987
73.83373078
73.3759869
82.5484492
81.58083268
82.32874349
82.98065132
84.10334723
75.30880565
81.95029966
81.27427609
87.09159253
75.71182616
72.93373178
82.44932464
83.83605802
76.5250136
81.12708421
72.94674084
87.35931969
73.75761943
73.07995928
72.70459926
78.83508912
73.55337902
83.91302923
86.38060446
76.1622843
82.05905694
72.67625231
78.18378059
76.68682842
75.65766344
82.31531242
74.08341007
85.7710939
82.63711006
83.37149607
86.96523065
87.07768729
80.82617854
79.92582131
77.36585816
83.44909236
80.6112906
86.92594564
75.81796666
76.96399372
77.05739784
84.89592094
73.58459822
79.29033519
78.84124133
73.17018711
78.57270169
-1.03E-05
-9.35E-06
-1.03E-05
-1.12E-05
-1.12E-05
-1.03E-05
-1.03E-05
-9.80E-06
-1.13E-05
-9.78E-06
-1.01E-05
-9.22E-06
-15.51754532
-14.62861083
-16.78024141
-16.19524832
-16.23095208
-15.31683808
-17.00767031
-14.41046881
-15.46752575
-16.51039408
-17.30535433
-15.150773
-19.35782461
-19.34588747
-20.63683002
-17.47398523
-18.90998656
-17.98066857
-17.36268556
-17.84459919
-21.02964783
-18.10501866
-20.87051861
-18.06817706
-21.55137955
-20.45353596
-18.30525139
-20.16503942
-19.11986378
-19.3763518
-19.60259844
-19.53330155
-20.49118416
-20.90488458
-19.16217715
-21.52387629
-21.71905909
-18.13370134
-18.03073975
-19.66874491
-20.33000089
-19.08104042
-19.00719477
-20.680194
-20.37416625
-18.63871778
-21.50354306
-20.68675245
-19.4440809
-20.72786372
-18.44470815
-19.86666513
-18.66996134
-18.15991196
-19.34711203
-18.596989
-20.52750093
-20.68964877
-18.5888189
-18.09266052
-21.17124225
-18.00822808
-19.37565236
-19.97833319
-21.27456875
-21.35423457
-20.89975776
-18.98879049
-20.88074774
-18.98615679
-18.85843277
-20.18851182
-20.71541778
-18.21220706
-18.2400904
-21.13668275
-21.437989
-20.41776367
-19.71531204
-21.38126592
-20.91526813
-20.31837679
-19.27902849
-18.79198025
-19.67469216
-19.1472903
-19.35703435
-20.06252422
-18.67637583
-21.22470672
-18.58211785
-19.92397456
-20.98388535
-19.94008283
-19.44408825
-19.89956522
-21.3946828
-21.96172679
-20.52457316
-21.17377617
-18.05795474
-21.52145764
-21.81619904
-20.30067737
-21.01521945
-20.05097897
-19.14481496
-21.40899189
-20.38734685
-20.31753234
-20.63652882
-21.42401266
-20.9276245
-18.84449678
-19.86729418
-21.92119333
-20.21824286
-21.75298141
-21.25347795
-20.66409377
-19.39746081
-19.21727739
-20.57368426
-19.73024496
-21.19501449
-21.04182696
-19.24852195
-20.81091513
-19.97820076
-19.2931684
-19.65186637
-21.58140747
-19.43807077
-19.14959709
-19.40722888
-18.85847374
-20.17853995
-18.58974575
-21.26977515
-18.90232099
-20.39222011
-18.500102
-21.91381259
-19.81830184
-21.28868536
-21.07459134
-20.85477219
-21.30945948
-18.40185443
-20.71398879
-19.06330894
-21.14348666
-21.82747504
-21.60595812
-18.45980889
-19.47820968
-19.45729103
-18.48918507
-18.39250421
-19.53956054
-21.9682862
-20.2757706
-20.48712651
-19.88407564
-20.64932221
-21.82664832
-20.35479181
-18.26015384
59.91468683
65.91301528
58.64883265
61.12657485
55.27964116
55.69416598
64.49617744
57.60413554
57.66541528
58.64655595
65.59774407
55.01268595
80.84521436
73.59167972
81.311914
83.47468587
73.69974464
70.36621677
70.59450757
79.93286154
70.6028076
72.35840784
71.50685482
73.80631417
72.45796655
84.85080092
84.90471758
77.82085711
80.97546709
81.44851288
83.14824855
79.52773099
79.36372296
81.27985183
82.41628659
76.77157557
77.13135572
76.16286348
80.6199818
77.60696605
80.48372226
78.33876474
85.21697143
73.02374367
80.99305876
81.04756005
77.98319801
78.57886164
84.76818093
76.46018305
85.90808368
86.30695627
82.37694491
84.33197713
81.77443759
80.37198416
87.43185733
76.49187044
74.43662858
76.5691259
81.82746301
74.95693797
86.53410141
78.5701043
85.5925581
75.98170569
77.00453283
72.94173855
76.11819313
79.8386335
87.13121963
78.21618979
82.2345863
78.84210039
72.74750563
80.05524111
73.05344947
86.13782057
84.04724661
78.05717461
82.24218276
73.79126981
83.23954794
85.16235592
85.1476579
76.54819581
76.21969522
80.34210591
87.48407464
86.72809011
77.75396689
84.47700177
86.74080665
76.17457969
85.28445748
76.28608591
77.49246442
75.18108294
80.11322551
85.49291959
80.44878271
73.97499281
76.02836626
81.00573803
81.33094724
81.23044247
73.23200901
84.05908048
-1.11E-05
-1.03E-05
-1.07E-05
-1.11E-05
-1.05E-05
-1.06E-05
-1.07E-05
-9.75E-06
-1.04E-05
-1.09E-05
-9.82E-06
-1.11E-05
-16.38522434
-15.75416154
-16.39418757
-15.68595371
-17.08171611
-15.9434215
-17.28388496
-16.03138791
-16.51318096
-17.5927844
-14.87029259
-16.75753542
-17.81326974
-20.50124728
-19.5703814
-20.88253316
-20.60527379
-17.567509
-17.80724214
-19.58849678
-19.27032863
-17.92729048
-17.77673982
-19.44572502
-18.05012078
-21.32298177
-21.05850511
-20.97234813
-17.91947675
-18.04503934
-20.03776172
-21.80188122
-19.21431076
-19.22247935
-18.38881505
-20.53176455
-20.55376804
-18.37584122
-19.83785773
-20.63523037
-19.94210606
-20.66433842
-21.23105748
-20.71007253
-20.43171383
-21.38009807
-21.56779052
-19.52425689
-18.68701779
-21.26463476
-18.84897883
-21.70885363
-18.0857225
-21.67814551
-20.35021782
-21.0922168
-19.58770028
-21.95983577
-18.90415445
-19.05127629
-18.20572978
-21.76189345
-19.82411721
-20.69940966
-20.74976291
-21.49800837
-20.659701
-20.24808473
-20.8412741
-21.0038832
-18.74371179
-18.43866816
-18.2993954
-19.49621398
-19.99200096
-20.46259959
-21.83213808
-19.32315128
-21.04349621
-20.12543048
-18.88035973
-20.46122172
-21.86870471
-18.4972332
-20.02911906
-18.20643342
-19.2848652
-20.48241071
-21.36422774
-20.92131369
-19.85142711
-21.63689103
-19.21085866
-21.01593364
-19.89603609
-21.59454302
-21.18973129
-21.60587865
-18.8569914
-20.67260173
-20.95385363
-20.96965706
-20.0160018
-18.04500209
-19.04572314
-19.2932035
-21.40814647
-21.36354327
-18.41872042
-21.79934353
-18.72982995
-19.65743781
-18.86062786
-21.44132988
-20.99760813
-19.41411523
-20.7275145
-18.73746754
-19.52918837
-19.50843035
-18.95174673
-21.5052482
-20.71538294
-19.11975724
-18.96848304
-18.07181388
-19.38632902
-20.10708513
-19.11084377
-20.80183311
-19.64699812
-19.26527135
-21.75623064
-19.05120351
-19.59303048
-19.52916315
-18.96479338
-18.86990696
-19.20952008
-21.45694468
-21.06833155
-20.72399806
-19.82841197
-20.03101594
-19.06855538
-18.29726366
-19.32416223
-19.98233502
-18.22925219
-18.35293321
-19.05210093
-19.46832149
-19.57326724
-18.47154427
-18.90328542
-19.04658901
-18.2705395
-19.3043988
-18.28888629
-20.81383137
-19.54419107
-19.30700956
-18.50608869
-18.90601462
-18.93082084
-21.94081686
-21.34139752
-18.06104917
61.40203909
57.07092116
55.25252315
62.46719716
55.57926659
59.32488935
61.58598198
60.65393707
65.73154918
63.42891136
63.29032051
58.26714473
68.52761148
79.56304613
83.59592768
74.56936244
83.37988118
70.55396326
72.90698774
70.99504936
75.62267479
80.5141173
73.57805771
82.17467984
79.91011375
78.65232271
83.74664774
72.88686499
83.53623914
75.12835968
75.72807075
80.77534777
85.56664129
80.44196608
81.55935768
83.5812583
75.99689775
85.06526729
78.52998766
74.66087011
77.44668549
75.78622159
75.50809885
76.36796916
74.74510325
82.51786166
81.11730838
82.21032015
77.46859574
84.28200815
74.04411036
81.10573208
76.37668466
80.40958171
77.14732353
84.61432897
86.22584528
83.84774705
74.77941567
76.36731123
86.70279227
78.9892024
87.05192184
78.27296468
87.2214163
86.80487886
82.56182477
72.13546148
78.39908248
86.57283569
86.15487168
74.99220495
78.38566574
85.36679296
81.24474572
85.55541883
85.22371455
86.5183278
73.8743474
74.32225309
73.32377126
86.96291003
79.60132451
73.02803607
77.14423158
77.62235387
84.95268533
83.76736222
83.0299271
72.34958532
86.57085572
75.44864283
82.06471987
72.98887112
73.3041829
72.15300585
81.05479044
82.07002219
72.80735026
76.6477091
85.62321583
73.62088675
75.46470634
78.79020891
85.47633094
76.07753618
87.95413596
77.68413929
-1.00E-05
-9.47E-06
-1.06E-05
-9.71E-06
-1.05E-05
-9.67E-06
-1.00E-05
-1.10E-05
-1.07E-05
-9.53E-06
-1.05E-05
-1.05E-05
-14.689821
-15.89058013
-15.23414082
-15.89481849
-16.88662933
-14.9064325
-14.79457535
-15.26181474
-17.44728367
-16.79303963
-14.46226061
-15.6832175
-18.26840863
-19.73047556
-19.04368343
-20.98367478
-18.12087764
-19.53736905
-19.96880688
-20.45016808
-18.84276916
-19.91778055
-18.44429404
-18.9522286
-21.40984855
-21.62523348
-20.70826732
-19.34142838
-21.1099894
-17.95864065
-18.26369585
-20.48033107
-19.01167443
-21.6311006
-19.58628859
-19.55971969
-20.67917835
-21.03656183
-19.87039139
-18.82583402
-21.05948541
-19.25055487
-18.67052238
-20.49371828
-18.33243578
-21.85039406
-20.49674173
-21.90847237
-19.34937991
-21.87781751
-18.57630267
-18.156967
-18.12613403
-19.85312645
-18.32615055
-20.04225597
-19.30382282
-19.33632637
-20.53586241
-18.64642326
-21.06621348
-20.32812368
-21.65977852
-19.45936262
-21.93085997
-20.30331059
-21.89360782
-18.10824262
-20.91190529
-21.2664861
-18.21269315
-20.31587866
-21.20776917
-20.2441549
-18.25525436
-20.77378896
-18.24238766
-21.26987558
-18.17213673
-18.54958952
-19.10043036
-20.53345917
-21.9054364
-18.47129141
-18.57083068
-19.47548159
-21.34487655
-19.86892381
-19.2864424
-20.24481533
-19.04209279
-19.60463963
-19.3304206
-21.21656409
-21.69702291
-21.03828877
-19.7563343
-20.01733991
-18.50029478
-20.98745884
-20.38590272
-21.60975998
-18.80244457
-21.03890449
-20.73868665
-19.06338214
-20.66951456
-21.69749352
-21.67374395
-20.8785063
-18.19229245
-21.48905735
-20.63111443
-19.24173701
-18.74900145
-18.46481545
-18.2009476
-21.01641299
-18.943372
-18.09701174
-19.58908261
-19.93042832
-18.67692092
-18.17619334
-18.75650193
-20.71641105
-18.32897471
-20.22014812
-18.58564795
-18.78275669
-19.57231153
-18.40330134
-18.69281401
-19.39580965
-19.31867602
-20.99708594
-18.29912922
-21.44180294
-21.26492868
-21.06396656
-19.23748945
-21.29152714
-18.73120832
-18.49763682
-18.17982533
-21.75724145
-19.23204359
-21.67047152
-19.09045425
-21.63026384
-21.61571621
-21.69470418
-19.98461376
-21.46378515
-21.80306358
-19.29846777
-19.67549762
-20.87696075
-19.20143929
-21.01523724
-18.29556858
-20.09399354
-18.48925394
-19.17329391
-19.03450157
-21.35572829
-18.77406902
-21.23379168
63.52752415
59.98659667
56.80611907
56.72275608
59.57909577
54.10570809
60.37620906
65.43335431
55.85648258
60.88014746
65.54134426
64.32626567
81.32577777
80.89211894
73.09715881
81.93737584
82.70837334
75.93604483
73.78947992
74.69628104
73.47993792
71.62876032
77.80041675
76.95147267
78.60734753
72.79819093
83.90278456
74.05094763
73.09466277
81.1494509
77.59452668
72.22736625
76.91220274
83.50500078
81.02554741
77.0265306
74.91873891
81.94451247
86.02848305
82.17568276
84.83644875
80.18375653
83.32056263
86.16694912
84.20212192
86.38454793
78.74043717
86.29458903
81.91229772
85.88641195
72.60097248
82.49262786
85.53337422
74.75731765
82.5555555
85.16519572
76.57654704
78.45254767
81.07983858
80.27456035
72.62122013
73.57286727
73.60157667
76.19019079
75.9277511
83.8688481
81.15741706
84.21687946
73.11248745
79.75704673
77.17423484
85.59218105
83.32329332
85.906761
72.74167007
83.5318393
80.63884339
85.19863726
80.11328762
80.64205495
72.82711284
82.6950427
76.36901609
72.31394571
73.0627608
87.31629033
77.53698851
85.88893521
87.35455621
87.09199633
86.10732831
86.31722638
76.62388351
74.42328009
82.22793786
79.80943408
73.57990041
82.84060804
81.00570828
85.8090235
81.74688841
81.18308692
79.05197698
79.4045423
87.27004378
74.21508865
79.13945045
82.49318295
-1.01E-05
-9.80E-06
-9.80E-06
-9.69E-06
-9.92E-06
-1.10E-05
-1.03E-05
-9.71E-06
-1.00E-05
-9.43E-06
-1.11E-05
-1.01E-05
-17.5372541
-15.51212606
-17.07634154
-15.22043495
-14.64369113
-14.50154861
-16.33974106
-15.39703772
-15.81926564
-17.01967269
-15.19394782
-15.3876899
-20.52609139
-19.17220754
-20.45823468
-18.71798825
-18.80974113
-17.92181169
-20.79876852
-20.72364983
-21.05939379
-18.82539737
-20.42348181
-18.87342273
-19.65865768
-21.14943768
-18.55979142
-18.73019387
-19.10484174
-20.98349449
-19.33468143
-19.27721153
-21.81930335
-19.37894286
-18.83915357
-20.32891196
-21.17358779
-18.24918586
-20.44280803
-18.11391313
-20.07316089
-18.99752152
-19.1958043
-19.83659446
-21.67369637
-20.80932097
-21.71258659
-20.60686022
-18.02266189
-19.05624084
-21.61617093
-20.56719848
-21.91957244
-18.61789645
-19.1808515
-19.44324681
-19.30005328
-19.00188357
-19.76753523
-20.56261036
-19.24502769
-18.31879969
-20.83413011
-19.83606622
-20.22592922
-19.82160263
-21.56143001
-20.23497999
-21.69310736
-20.04230137
-19.17035265
-19.42177035
-20.08851717
-20.11995775
-20.74935081
-18.89797949
-20.6353716
-21.11435203
-20.70636796
-19.92731244
-21.9667226
-19.61925264
-18.42636246
-21.28601686
-18.84880488
-20.85314229
-18.71590513
-18.06750956
-18.63919442
-19.50795479
-18.42647299
-18.79071634
-21.05850511
-21.07953443
-21.26995291
-21.36462095
-19.68174358
-21.47019864
-20.1037475
-19.88238847
-20.87414532
-18.85527365
-21.15798951
-19.71786331
-18.50918166
-18.47724765
-18.65962698
-21.56229094
-21.96375129
-19.4278952
-19.16857541
-18.87508389
-21.29526591
-18.83682993
-21.69636052
-20.66940152
-21.58851117
-20.21603942
-20.76271945
-20.4778324
-21.32478183
-21.34344324
-20.359172
-20.5300306
-21.68750368
-21.71946594
-20.65699914
-18.03101711
-18.41764486
-21.43177013
-18.33885647
-18.85407672
-18.92218672
-20.40093908
-20.30653119
-19.15767009
-18.83044546
-21.05812812
-21.74182462
-18.21122272
-18.53272185
-20.56865595
-21.21776581
-21.16475468
-20.87873261
-21.54971182
-18.86939552
-18.42916379
-20.46145188
-21.28910357
-20.32817431
-21.85198995
-21.18225785
-20.8031672
-18.24102916
-18.43096895
-21.13935053
-18.7929517
-18.1153407
-21.64304274
-21.56322149
-18.87393531
-21.12082503
-18.19191864
-19.14023202
-20.49466763
-21.05271598
-18.04159676
57.91450336
56.57214672
65.98536487
62.05178679
58.86805743
54.90783122
61.18404309
61.70041765
63.79687113
57.46292224
65.77713697
59.27358887
72.89834507
73.69642988
76.29770801
82.63786378
79.57441373
77.17206667
70.8747179
70.67017033
76.03339309
79.47637231
79.81538503
71.83389863
72.86557628
77.36986207
85.82385309
79.91861728
76.35038031
76.40642067
73.3722588
78.77586398
83.81518483
86.62196967
79.2252648
73.92868427
82.76135198
83.94044416
73.0009016
85.43102162
85.09861992
79.40153555
80.80482678
83.24769996
82.66231406
72.1200465
73.81104693
74.45224599
84.0571779
79.00972047
80.69575081
84.32925379
77.42473402
83.94865074
79.04515768
78.00366905
77.29766479
87.4041414
84.31783394
72.2942058
87.31166229
84.40028151
74.38084449
73.21555229
76.92495101
81.98034552
81.85819785
76.40748891
79.12446919
75.38421127
72.80343422
80.26510576
77.55061732
80.68482794
87.14272285
74.29273628
72.03023979
73.22887973
79.40206228
83.3095795
81.29091698
79.91703503
77.66216748
76.95835539
78.02032914
81.78589755
74.6838243
84.34152344
81.20379199
76.30625786
80.01819135
87.40417931
72.32763302
75.19212164
79.17383048
82.21477246
75.39560401
86.90240756
82.28109954
86.03885612
77.26903743
85.26320838
78.05145752
76.04397969
86.58643001
73.47544859
87.086165
79.33619252
-1.12E-05
-1.03E-05
-1.08E-05
-9.23E-06
-1.02E-05
-1.07E-05
-1.08E-05
-9.54E-06
-1.01E-05
-1.01E-05
-9.43E-06
-1.01E-05
-16.98269964
-15.36058033
-15.78424049
-17.47507003
-14.5014677
-16.29287174
-16.77899764
-16.83482594
-16.69100382
-16.72464676
-14.5888424
-16.10923924
-20.28660167
-17.64121016
-17.32627207
-20.40791787
-20.01521088
-18.86287304
-20.89112275
-20.22373711
-20.99658646
-20.84857104
-19.12816784
-20.17808291
-20.51135152
-21.07581468
-20.98154767
-18.46402453
-18.78346267
-18.91042298
-21.10380237
-21.07302317
-19.82149074
-20.16074249
-21.13722719
-19.09637149
-18.17159398
-19.89849715
-21.6202208
-21.12801406
-19.43532288
-18.22987092
-20.51480175
-21.30382246
-20.62673861
-19.6687782
-18.463825
-21.60846804
-19.09772008
-18.89110106
-21.25710222
-21.9178638
-20.63403603
-20.4926822
-19.27155461
-18.07586768
-18.76118597
-20.33121368
-18.59931217
-21.52845192
-18.75257875
-20.08841781
-20.04805298
-20.41578252
-19.30973628
-21.4941368
-19.77720614
-20.80061431
-20.54364344
-18.46862433
-20.49055741
-20.20281071
-21.59441625
-21.52350655
-18.60381915
-18.32674058
-19.17836888
-21.94645143
-18.08629511
-20.69156896
-20.43405494
-20.58631312
-18.87314356
-18.90686938
-19.72256833
-18.38343123
-18.29845284
-18.35343781
-20.29191669
-19.59096743
-19.17446712
-19.26327752
-18.82913322
-19.64602134
-18.81223228
-20.79218417
-18.49573005
-21.79296834
-18.35927576
-21.77384286
-21.33317989
-20.72284848
-21.64920662
-18.55687517
-18.7052591
-19.00861037
-18.97924611
-19.24339308
-20.30252359
-18.11269045
-19.52909038
-18.98554051
-20.42651939
-21.94067732
-20.07061845
-19.70274096
-19.47297418
-21.13979688
-18.28792373
-21.83908206
-19.67167154
-19.2548029
-21.89627247
-21.74351545
-20.56773656
-18.0740295
-20.9941399
-19.3422296
-19.55312092
-18.63496852
-20.09383234
-20.97821038
-19.09204447
-21.75493163
-18.77894742
-18.26504936
-20.57745549
-21.39727493
-21.81253144
-21.06868404
-18.79860005
-21.91064474
-21.6777435
-18.65266969
-20.23514331
-20.2220697
-19.77013911
-21.93712532
-18.23848895
-20.50883563
-18.82121449
-20.10932482
-21.11896309
-18.98690721
-19.57343819
-21.8030723
-21.04592295
-20.29089274
-18.88798955
-19.70122175
-21.09624528
-21.28217231
-18.97842479
-20.64824084
-18.38001197
-18.09284923
-20.19469569
-18.89751942
54.94694437
62.75793975
59.97569506
63.55532413
61.96733088
62.75765928
57.68832698
57.15930991
61.21049871
56.40098568
63.78494539
60.27504203
71.85024697
77.90255713
82.76454317
69.64783984
70.06204715
81.22635503
70.06582537
68.99850561
73.68854483
75.49392945
77.05555544
76.11096354
85.74484347
83.45570271
86.86355445
78.8270539
72.61578102
86.41560538
71.34515248
83.57336086
71.77550737
83.33763278
86.13695281
77.44588311
75.70372674
75.46922551
79.70774734
74.58472419
82.60124453
77.73785044
77.01541237
79.22180808
80.52003724
74.12234243
83.15756539
85.95489929
76.41721154
74.85629993
84.13441954
74.90669291
72.63101853
81.87512837
75.80568825
74.71906696
87.67056161
76.6391718
86.42051061
74.82155965
85.09682582
80.02589938
73.2516557
83.73098568
86.26627209
74.60230318
83.60275512
79.11451064
84.0552023
83.41617334
72.41980964
74.85354781
79.5351633
86.93611575
77.47193574
82.06066253
72.19218483
83.3766967
81.64778582
83.4449808
86.47318622
74.34279343
76.18421457
87.93108735
74.50030493
83.52976481
83.60094704
82.92763457
75.63880738
75.4419036
82.66119257
74.97976302
82.58474904
79.8801969
78.18581169
76.80347182
87.16117515
80.12944724
80.97997957
87.18804155
82.46198431
87.32559096
73.70182068
85.54617936
77.36658453
84.96774602
85.69013115
76.34375732
-1.01E-05
-1.07E-05
-9.42E-06
-1.08E-05
-9.44E-06
-1.11E-05
-9.78E-06
-1.04E-05
-9.46E-06
-9.77E-06
-1.00E-05
-1.02E-05
-14.40021784
-17.24370065
-14.42456124
-16.87579276
-15.90585456
-16.07641814
-15.06645146
-16.34358081
-16.11914417
-14.92555841
-15.16198275
-14.61409348
-17.53452929
-17.33289939
-18.1266218
-19.88989954
-18.49426749
-18.59609999
-17.78651709
-19.48980778
-18.59383198
-19.87705695
-20.12720479
-19.52522106
-18.951444
-19.87415583
-18.85566151
-21.43875822
-20.89701874
-19.81224752
-21.68693403
-20.0255257
-19.15962885
-18.23481432
-20.0135828
-21.2701332
-21.43252793
-20.38559905
-19.54243546
-20.56822335
-21.01488374
-19.61506476
-19.87316867
-20.6893093
-21.47219987
-21.13017906
-18.06062219
-18.46789341
-21.40426117
-21.32846402
-19.54896946
-20.33060382
-21.61646045
-21.63930793
-21.12560903
-18.83232748
-20.91443647
-18.39850433
-21.5688496
-18.59064431
-20.64939456
-20.4409731
-21.10759862
-20.20631001
-18.2382663
-20.82338502
-19.53261824
-19.28114
-21.9666942
-20.36159906
-20.84287629
-20.10530455
-21.07989058
-21.00829094
-20.62858446
-21.99097225
-19.83917414
-20.82476939
-21.19111185
-19.50413884
-19.82870011
-21.87666907
-18.12916407
-19.34118262
-19.94485185
-18.00585997
-21.5965084
-19.1449776
-19.03081933
-21.28130478
-19.11193291
-20.63049038
-21.28601258
-21.16990739
-21.12780295
-18.35455028
-18.31938787
-19.22708014
-18.14379152
-20.00171895
-19.57912827
-20.22810365
-19.19515415
-19.94301601
-19.33897906
-18.78083237
-20.59746672
-20.69374361
-21.31692677
-21.49900713
-20.81784762
-20.74999235
-18.22670266
-18.43911697
-21.25025084
-18.93180505
-19.42226024
-18.58118941
-18.78060787
-21.10166894
-19.04743848
-19.79613987
-18.60668549
-20.71171963
-20.91307894
-19.44676927
-21.13898658
-18.95962661
-20.76761545
-20.91985833
-21.87462951
-18.92928666
-18.37484192
-19.05214169
-18.49144879
-18.67877723
-19.33645805
-19.65596299
-21.6148969
-18.78246309
-21.8870359
-21.24061284
-21.52588556
-21.71777596
-21.01296479
-21.15511933
-19.75127319
-20.04180094
-21.72994171
-19.51302365
-18.16778829
-21.05101754
-20.29263005
-21.25950385
-18.30220507
-20.48492796
-18.99082355
-21.61307438
-18.43963976
-21.37227709
-18.35421701
-18.10038942
-18.94023772
-19.33217816
-20.50611509
-18.52689839
-19.74931973
-18.81705441
64.26363986
54.5395981
58.27125272
61.57648896
64.95705814
64.41592107
64.74230399
54.75423952
64.09107914
63.35895094
64.82917979
57.73891521
82.25882962
74.52014449
78.03831522
74.84752067
74.90025614
76.70888269
73.81008599
80.44960231
78.03130878
78.88428758
71.91172896
83.13754438
81.73718939
74.40358249
83.16776546
74.03163139
72.28401676
79.6364458
80.04781943
74.2732147
76.79832248
86.26098564
75.7944512
73.74419808
87.70522936
76.6832148
82.71829065
75.55355298
80.64033527
78.02415076
87.21049764
78.7670442
81.18409337
86.94202773
87.6520933
73.47928076
85.31499174
78.08261836
81.4846524
77.96956896
78.38649215
74.51190389
81.13179763
80.71515615
74.99968074
80.63541979
87.53460227
83.39716532
79.6893453
86.65041118
81.1985333
74.15483512
80.75369355
74.8895782
84.27333501
87.46778945
77.7668755
78.95236939
78.73764395
76.55867443
84.70552413
81.88234319
73.02365651
85.41953463
74.9922118
87.66501592
78.0253618
81.86188454
73.24400598
77.51337216
84.83630592
79.63406171
86.47337902
81.20195521
86.85687718
87.7214778
79.26205931
81.04224583
85.35845714
75.54428635
85.78579867
81.47046154
83.60773462
73.27742987
84.25894901
76.97254121
84.8836621
80.14638932
76.39378047
87.24409932
84.24094445
87.77092101
77.83146856
82.38746141
81.7853665
83.00085474
-9.29E-06
-9.81E-06
-1.11E-05
-1.01E-05
-1.12E-05
-9.65E-06
-1.13E-05
-1.06E-05
-1.08E-05
-1.00E-05
-1.11E-05
-1.03E-05
-16.57900494
-14.70338835
-16.42138034
-17.21305497
-14.97050825
-16.76072514
-14.48128428
-17.36385188
-17.54533702
-15.5333782
-14.74263821
-16.50744649
-17.39456491
-19.13274773
-18.32363242
-19.09762237
-17.35017835
-17.47819116
-17.34134755
-19.6574668
-19.43075722
-18.1753271
-19.76311004
-20.67535631
-18.95641418
-21.15735152
-20.48483634
-17.99019959
-19.34459487
-19.87078071
-20.75938247
-18.99533413
-21.75547315
-20.57225378
-19.33532475
-18.24099543
-18.6955103
-19.91851037
-19.94681539
-21.03716168
-20.87125899
-18.77500402
-20.34721878
-18.05355524
-19.56283891
-21.02273071
-19.56667753
-21.30823716
-21.89761169
-20.42231318
-18.5740707
-19.51246285
-18.03216128
-20.40437221
-21.2794624
-20.513194
-21.13757873
-21.19283184
-21.39720101
-19.06055381
-21.48507409
-20.61637599
-19.15890223
-21.94917886
-21.80072957
-20.29776393
-21.37283351
-19.04597795
-19.66414799
-18.73588704
-20.08041057
-19.98400572
-18.8512529
-20.69120677
-18.47116118
-18.2467658
-19.53961987
-19.63929911
-19.27896243
-19.03178655
-19.35510538
-18.6535023
-19.61380988
-21.61841349
-18.89770752
-20.73780442
-18.56713804
-19.4156265
-19.28469912
-21.74811758
-19.71192822
-20.76186378
-20.40985124
-18.5641203
-21.7581618
-19.38347717
-18.17903342
-19.20177483
-19.3425349
-18.37098131
-20.47990963
-19.38705682
-20.51653843
-18.02696225
-21.9281936
-18.68206543
-20.63732395
-20.86313721
-18.6864334
-18.44684913
-18.61030877
-18.98727302
-18.67292847
-20.69599771
-19.68333281
-20.15116638
-18.18934716
-21.44499585
-18.68228621
-19.44060933
-18.28760656
-18.54717254
-20.66319764
-20.77034801
-20.70786194
-20.20854715
-21.81008666
-20.02870864
-19.79764812
-18.99018226
-18.39539812
-20.19261972
-19.25956075
-20.09610153
-18.82447631
-21.35269069
-21.99878884
-19.28961404
-21.36931043
-21.49194455
-21.98429516
-19.37088052
-21.02416557
-18.91523601
-20.49918401
-20.81937028
-20.96448277
-18.82868867
-21.39490228
-19.68388744
-18.86547807
-20.17012435
-21.45342852
-21.86835164
-20.99283129
-18.02249155
-18.53880304
-18.30509595
-18.40485497
-19.53213982
-19.35397326
-18.45473993
-21.52894141
-20.46171031
-21.18585324
-19.48619756
-19.64094407
-19.27048484
59.26111935
61.32452715
59.91580809
64.05500407
64.80167002
59.63620624
56.87697576
65.34230903
62.82046372
61.68152503
62.9449648
54.91178139
69.42792018
70.72743392
70.64125471
74.79419122
70.79254205
81.38878979
77.18707335
73.99758082
69.45826258
77.3836225
70.17129887
79.69694781
83.99568825
79.89658393
73.64970929
83.74390554
76.15599218
74.80682578
78.73361719
85.89471646
75.99039295
85.62436346
72.12986841
72.60301549
83.01062245
74.89938362
76.91179907
74.03360376
77.16134036
76.33438518
83.61383942
83.06590946
87.10427715
83.42356547
82.95084988
82.9410477
86.0930283
76.70909181
76.77075316
83.82587719
75.62901848
86.55768314
80.524285
76.77127805
84.38383184
76.96633123
87.37748809
87.69273622
82.66212637
73.81223678
76.20524469
80.24025166
85.61630935
74.9521873
73.66456171
73.1857844
80.10507208
86.1483231
72.67193366
75.39111277
83.09078278
85.21245154
84.91703377
84.55973594
74.07561158
78.35454762
87.75451051
87.82079599
81.63753205
83.3469417
87.21914521
79.1975786
74.18963232
82.70291736
87.36135732
83.1550314
84.8528665
78.76372882
73.54317513
74.70187434
87.72219656
79.89069342
72.19209843
87.28559718
79.96442741
85.38023973
80.77527858
73.62718942
81.84906093
87.95834813
72.55575809
85.46865246
75.76764424
78.30180945
77.96330229
86.38069982
-1.02E-05
-1.01E-05
-1.09E-05
-9.32E-06
-9.39E-06
-9.26E-06
-1.06E-05
-1.03E-05
-1.10E-05
-1.02E-05
-9.67E-06
-1.09E-05
-15.3418383
-17.39420953
-15.20135839
-14.936708
-15.97863882
-14.56165024
-14.51651939
-15.98724859
-15.08834395
-14.42993029
-15.34738408
-15.92757757
-18.79406901
-17.80020313
-19.50595176
-20.00767911
-19.87407081
-18.79204618
-17.8083696
-19.19802962
-20.69925838
-19.07989615
-18.03141562
-17.63732506
-21.60150099
-20.80426142
-19.09785303
-19.02795843
-21.40822704
-18.56059083
-19.97902805
-20.68718505
-19.428877
-18.01433257
-18.75974705
-21.43437478
-20.06032792
-21.22774618
-20.1903858
-21.73956935
-21.60191786
-19.8996617
-19.24225916
-20.37402449
-20.66643146
-19.96143091
-21.25507029
-18.7033408
-19.33145928
-20.73886687
-18.98065971
-19.75305598
-21.84794061
-20.49694277
-21.78925415
-20.88308089
-20.89197951
-20.36091112
-18.56289236
-20.07243193
40
40
40
40
40
40
40
40
40
40
40
40
40
40
40
40
40
40
40
40
40
40
40
40
40
40
40
40
40
40
40
40
40
40
40
40
40
40
40
40
40
40
40
40
40
40
40
40
40
40
40
40
40
40
40
40
40
40
40
40
40
40
40
40
40
40
40
40
40
40
40
40
40
40
40
40
40
40
40
40
40
40
40
40
40
40
40
40
40
40
40
40
40
40
40
40
40
40
40
40
40
40
40
40
40
40
40
40
40
40
40
40
40
40
40
40
40
40
40
40
40
40
40
40
40
40
40
40
40
40
40
40
40
40
40
40
40
40
40
40
40
40
40
40
40
40
40
40
40
40
40
40
40
40
40
40
40
40
40
40
40
40
40
40
40
40
40
40
40
40
40
40
40
40
40
40
40
40
40
40
40
40
40
40
40
40
40
40
40
40
40
40
40
40
40
40
40
40
40
40
40
40
40
40
40
40
40
40
40
40
40
40
40
40
40
40
40
40
40
40
40
40
40
40
40
40
40
40
40
40
40
40
40
40
40
40
40
40
40
40
40
40
40
40
40
40
40
40
40
40
40
40
40
40
40
40
40
40
40
40
40
40
40
40
40
40
40
40
40
40
40
40
40
40
40
40
-8
-8
-8
-8
-8
-8
-8
-8
-8
-8
-8
-8
-20.70004277
-18.38130339
-18.74812892
-20.65384039
-19.90668198
-20.94519066
-19.1231552
-20.63167015
-18.70784067
-20.17484105
-21.83119837
-20.51288893
-18.19997447
-21.95504855
-18.62746532
-20.87227641
-20.13012016
-19.17744275
-18.70924194
-18.71080946
-21.43359872
-21.49165006
-19.86058209
-18.41448585
-21.53666042
-19.94806594
-19.75504969
-19.6294281
-19.4600567
-20.10402161
-20.41816491
-19.86572881
-21.58659265
-19.27064491
-20.31324743
-19.19981568
-21.0134001
-18.4084844
-18.75479599
-21.20480564
-18.73279038
-20.50298538
-21.88097381
-20.09156246
-18.74958579
-19.28276418
-21.29383231
-19.40664365
-20.89404544
-21.10940025
-20.00473139
-21.13285354
-19.26761202
-20.06463859
-20.74623306
-18.67229259
-19.09448787
-20.60814641
-20.62144048
-19.97321059
-21.18234143
-19.92821961
-21.52528906
-20.94361372
-19.25877945
-19.58101603
-20.67074674
-21.57781048
-18.71483493
-20.05865416
-18.47513769
-19.11782062
-20.74392544
-18.31093854
-20.64943433
-21.60324448
-21.87748116
-18.8665288
-20.99559183
-21.70548179
-18.36547724
-19.65609443
-21.67763907
-18.81114999
-21.73504274
-20.10876828
-18.39957233
-19.79950927
-19.30504478
-19.12881664
-20.1659023
-19.93437076
-19.92786864
-18.35256692
-21.20927272
-19.92575726
-21.28362331
-21.29837857
-19.2685413
-18.01738522
-21.64498271
-21.04277877
-18.42900783
-20.80690814
-18.08009307
-18.11103628
-20.10329296
-18.38414972
65.57203827
64.72597472
61.79774438
54.76450765
57.89802309
58.46067597
59.77055803
56.02683449
60.93013971
59.22924777
65.36756356
65.23434276
76.99520412
78.19410991
70.49450631
71.79451323
82.09087414
79.02732203
71.279339
77.06719665
82.60837101
73.64660081
71.22446971
82.71878421
78.58644331
77.88911326
75.51826444
85.40271107
84.67456959
77.66336793
71.76491435
78.35495866
74.14479098
73.54090767
77.50660281
72.84937869
87.14479325
72.61510565
78.26507021
74.45403675
82.85493918
73.11446122
80.58739141
84.20088468
87.02655545
83.01008813
73.44468439
73.26949614
83.67208655
75.41509237
79.12416661
87.59088725
85.08446137
85.51127552
85.73800955
81.87996035
83.8693816
77.71227728
87.93994957
76.44336513
81.43360324
76.50686581
73.78723336
81.07488653
77.64736645
81.32500176
80.93238052
80.66965358
73.96690013
79.03656896
84.98526367
77.03613255
79.10003846
79.90002702
85.80232814
82.48827647
73.60206291
85.84136229
85.3116906
84.05699076
79.45565698
84.1193802
79.65859844
83.78463597
86.08148718
86.24838937
79.27300351
85.74920847
73.62308249
73.62887507
80.77201268
82.42925012
74.44766218
79.55462614
73.50956745
81.63333054
85.68144975
83.80216998
78.05261489
87.90064449
82.60690676
85.04392052
82.71510526
87.83060445
85.14170178
80.31072009
77.87002317
82.9144242
-1.04E-05
-1.05E-05
-9.92E-06
-1.01E-05
-1.04E-05
-1.09E-05
-1.08E-05
-9.46E-06
-9.72E-06
-9.27E-06
-9.23E-06
-9.68E-06
-16.9578292
-17.29519472
-15.65366077
-16.20223758
-16.65937046
-17.44939967
-17.32138538
-14.58301724
-15.19413264
-14.5572644
-16.37293784
-16.67358075
-18.4638087
-20.55879177
-19.01880137
-21.11378547
-17.28153519
-17.70044086
-18.43888645
-17.37794955
-20.28418395
-17.48264404
-20.15608222
-17.48186325
-18.85882186
-21.19418649
-21.62994622
-19.50084061
-21.7047179
-20.34346359
-19.50603385
-21.04151582
-19.02786365
-18.91067964
-20.46118127
-19.40545393
-18.51400225
-18.23862839
-21.11752813
-20.67051712
-19.61575741
-21.5503747
-19.61199754
-20.80783601
-21.60184278
-21.32868127
-20.01234805
-20.68938951
-19.64837362
-20.58220028
-19.02412009
-19.73265199
-18.83215473
-18.14693094
-20.34764607
-21.45085092
-18.09652036
-18.77810805
-19.8343912
-20.65697492
-18.68491677
-18.22677932
-20.07619487
-21.27483885
-18.14093964
-19.3974778
-20.65405897
-18.52296802
-18.94378711
-20.14197058
-21.81292679
-19.14937047
-19.95010968
-19.59972345
-21.58958669
-18.28755946
-20.26459037
-21.3844788
-21.95247031
-20.79490199
-19.5197419
-19.64729741
-19.40672888
-20.4144524
-20.95762308
-21.27787025
-19.66637244
-20.86683401
-21.66489037
-21.68329918
-20.81611601
-20.54760877
-20.1261043
-18.73279067
-18.49451861
-19.94284403
-18.63777662
-20.3079997
-20.58281092
-20.10246239
-18.14570685
-18.23091184
-18.45336474
-18.61458322
-21.95953046
-19.37798007
-19.16789349
-18.20906654
-20.54128156
-20.60876314
-18.70179476
-21.67696616
-21.20197419
-18.92127727
-19.94339892
-19.83356342
-19.39408178
-21.27053885
-18.43705794
-19.66125696
-19.71212452
-19.87490242
-21.44539996
-18.87266748
-18.41169269
-20.47123385
-18.6953379
-18.29972834
-19.70659688
-18.87858572
-19.44486648
-19.03884432
-18.37054585
-20.24138881
-18.10807367
-21.86550139
-19.36532209
-20.78063004
-21.24145149
-19.11641918
-20.99495484
-21.32968342
-18.96526894
-21.96997871
-18.08275473
-18.86800192
-21.12008303
-18.7765241
-20.79303945
-21.42212162
-21.83685709
-19.89699006
-21.88443649
-19.64648919
-18.87251216
-20.05568741
-20.59929298
-19.83185326
-20.26788978
-19.66563675
-20.09904782
-21.81038269
-19.99932461
-19.01271853
-21.03498649
-19.35033783
-21.26482868
-18.22736796
57.98613573
55.1323189
55.02381389
61.90067471
58.62401762
64.4577473
60.19686165
57.54411865
62.65066666
61.4882015
63.59513545
61.72305932
70.93860394
78.58871257
74.3515478
75.43977406
82.40778155
73.8714535
77.70177897
73.92492235
69.83985778
75.2935852
77.47533487
74.59405004
77.46815237
84.27479566
71.75021313
75.96207268
84.13823508
85.86119755
77.81082544
85.35850081
74.43105313
74.78740475
84.68367141
85.58760262
75.4137625
72.80328867
73.29829582
76.02972918
84.01481886
79.99954951
79.13084263
81.18354642
86.07108268
73.2999923
82.94935487
86.65499622
75.38343523
85.37019531
83.13512801
72.20260398
75.67550457
81.66083877
80.00639007
80.41480125
75.68060244
82.76693551
76.23218886
78.19966708
77.89642244
82.74578016
73.43816866
75.28264732
75.20193649
73.728896
75.31549394
81.70642725
83.70799356
82.55824996
79.59664197
72.83312602
87.34271467
74.68802835
82.69341881
86.60486415
83.1631029
75.48758642
77.05150794
72.48213414
81.80282299
81.80657877
83.60667157
72.17478581
85.08518835
83.8191071
74.25394814
77.56177755
82.21613519
79.93249421
73.84127193
73.39729113
84.50303038
74.4952355
74.75324357
85.29449706
81.7941818
81.67539746
79.66948135
81.10386832
81.6282628
87.48516377
75.56752456
75.43295044
72.91544914
82.53112796
80.78462319
73.77978004
-9.96E-06
-9.58E-06
-9.89E-06
-1.12E-05
-1.06E-05
-9.23E-06
-9.73E-06
-9.24E-06
-1.07E-05
-1.02E-05
-1.13E-05
-1.07E-05
-16.05732347
-16.97505954
-16.65537382
-15.18008571
-16.09682854
-16.17919799
-15.84394346
-14.97341831
-15.1147829
-15.29935364
-14.43281833
-17.33422267
-19.91460903
-19.92813092
-19.47774997
-19.92695393
-21.05035264
-18.7590161
-20.01609868
-18.66059177
-20.56046943
-20.57483029
-20.74470352
-17.30097953
-19.03922373
-18.3874119
-19.65741731
-19.82194426
-18.87142732
-20.72663577
-18.92644632
-21.24424106
-18.56095245
-19.31318973
-20.32503951
-20.25796964
-18.28281708
-21.35081841
-20.35963213
-21.44507111
-21.43618946
-20.1513809
-21.60849685
-21.3594014
-21.79755981
-21.36775042
-21.25075972
-19.84563803
-18.84209284
-21.63590923
-20.88351189
-19.12087082
-19.35778642
-20.73767587
-19.90489763
-18.32006595
-18.55985073
-20.97588031
-19.30809755
-20.02418793
-21.06648591
-21.00470237
-18.66806011
-18.39357546
-20.36460917
-20.9665315
-18.59615969
-19.48782115
-21.48111198
-21.77689257
-19.81627904
-18.31806374
-19.03078582
-18.93187968
-18.95585488
-19.97552682
-20.33290261
-18.49003835
-21.55742403
-20.47989529
-20.38900692
-21.94911599
-20.51257591
-21.7158366
-19.14502789
-18.96051796
-20.06607475
-20.03443579
-18.9059346
-20.79862263
-18.11853528
-20.76252189
-19.82871154
-20.75603004
-19.90832252
-21.90933513
-19.3387398
-21.93029175
-18.25989577
-20.7350431
-19.81687683
-21.2885505
-21.15846428
-21.20084073
-18.3789544
-21.2894628
-18.85616063
-18.10272106
-18.87095488
-19.91714042
-20.96844544
-18.87452992
-18.45203019
-20.58386902
-21.93559215
-20.40348121
-20.76422946
-20.24466978
-21.12939378
-21.90321768
-20.17651692
-19.66716205
-21.44137224
-21.87891338
-18.51672656
-20.31268386
-21.16983997
-20.13335762
-19.63678787
-20.62091928
-19.08051238
-19.39653497
-21.96910664
-20.54586134
-21.49170919
-21.23107405
-20.60909022
-21.36291633
-19.14863398
-20.5484658
-20.36241396
-20.4896784
-18.67452771
-19.10897216
-19.14663328
-20.40778465
-21.89018752
-21.8162702
-18.90875821
-19.21938097
-18.14424757
-19.59526236
-21.33869649
-21.66300696
-18.94598592
-19.06317789
-18.88339927
-19.40041427
-21.21903759
-20.58742988
-21.14376367
-20.33212443
-19.03093231
-18.91197672
-18.03600282
-21.12392855
-21.3884849
-21.0731304
54.89282469
63.14665953
54.54920944
55.26711679
59.28570448
59.71376411
63.79342364
62.1543227
55.83984214
56.7137614
57.42810226
55.48407165
72.77220227
79.47469196
72.06930235
81.09746664
75.53665833
73.30862357
74.66875519
79.18435046
76.25524909
68.51063569
82.41932247
69.40313925
86.14776217
71.72594073
83.49231267
79.74924738
79.2907027
72.43281148
75.06172096
83.5963495
85.39755571
79.66123991
76.8769594
72.22950042
82.7490267
76.30223548
72.734459
82.48832041
79.61197366
72.04701161
73.62723506
83.02085641
72.87270385
85.68369822
76.827258
73.2718262
84.1224556
80.35867942
76.87547802
78.46617444
72.31366129
82.57013533
77.82123807
83.39123128
82.01791804
82.38709895
84.65240886
82.06568984
78.6933189
78.23258188
73.90740064
84.46433692
84.17100085
75.93469861
85.79604637
81.4175382
79.65261676
72.27415843
78.11760907
82.24415223
73.43479043
79.35180729
87.8935689
83.46328276
80.7486422
80.5272377
72.69907811
87.31563393
86.84945295
82.91714868
73.58300905
75.32413714
74.94231276
80.31299876
75.32462095
83.13254296
80.72341986
72.28229953
83.9046473
75.02101972
85.19788928
77.68047842
77.41766714
72.18884637
87.80360753
81.79201708
78.76363225
73.5458954
83.18631579
76.52363854
87.81243689
87.20870193
83.76469325
87.53709486
73.69009464
76.47859682
-9.73E-06
-9.36E-06
-1.12E-05
-9.34E-06
-1.10E-05
-1.08E-05
-9.99E-06
-9.25E-06
-9.23E-06
-9.63E-06
-1.02E-05
-1.02E-05
-16.27293833
-16.87027195
-15.60753677
-14.91316573
-16.9601587
-15.46461216
-15.31802403
-16.84580068
-17.38924843
-17.32787832
-14.83981766
-16.01010814
-17.63662227
-20.97014813
-18.10647547
-18.03812995
-20.69332143
-20.99654658
-19.9589083
-17.74465971
-19.14568595
-20.415764
-19.4783128
-17.78916462
-18.53805067
-21.28491426
-19.9472518
-20.6567604
-19.33631218
-19.96890288
-21.73314535
-19.16426173
-20.53356096
-18.54050213
-18.33906394
-20.96548405
-21.34223056
-20.6401696
-18.60297091
-18.93201212
-21.61007133
-19.12416851
-21.24140137
-19.11311917
-21.72303773
-21.62315917
-18.14397583
-21.04792532
-18.67187013
-18.85505096
-19.83303225
-20.29877492
-19.29702186
-20.29503697
-18.67665505
-18.08356203
-20.27840639
-20.06323875
-20.7519731
-20.59269648
