18.62218492
8.163417348
13.29238261
11.66704622
12.94035755
14.27731037
12.79148074
12.56331535
16.05995757
15.54463903
17.1659841
10.74954879
14.70481361
14.43714264
12.06711592
13.34663296
11.45160358
9.560288374
10.35181332
9.16065011
15.51376533
15.26800132
18.45667009
16.02646255
8.572504226
17.72669691
17.48942679
12.87652353
14.44449356
18.73686166
13.855348
17.95854011
8.913426336
10.10157056
12.84830438
14.43232489
16.97850637
18.87088327
12.27736646
8.521571998
16.81288654
14.64818791
10.18397145
13.44311302
16.1654127
16.47452966
13.49580253
11.35735983
18.7111684
15.29698872
12.49061271
11.08509547
16.04213281
10.6640179
9.888809879
13.82817278
11.18986132
14.91795659
9.297325424
15.20435215
11.11626181
8.002672279
9.396296634
18.26976916
17.54090103
10.56969935
16.56209095
14.69428752
18.67995183
12.10966225
15.49606674
8.698892947
12.35872082
18.60199427
13.92878962
11.16667454
9.322980594
15.73881174
15.09341648
12.11332585
18.46035487
8.244230943
11.34096237
18.13176435
11.53028982
10.77478117
13.87642451
17.06181925
9.13461437
18.37322781
16.74580169
9.993752811
15.83208757
12.23454595
12.42524146
16.61619102
18.59063289
9.393214601
12.62693261
13.29035769
12.13942999
11.99508036
8.574955343
15.54092483
12.79835859
10.14273183
16.97636853
16.82816823
13.35030791
11.28295727
15.01901998
11.16967349
10.59608723
16.03566119
8.443577637
9.042453181
8.074669914
9.682375051
8.758890096
18.95382605
11.17690967
9.641948139
10.65095884
18.29738129
13.72176245
12.01299906
17.60730604
12.34489298
11.68509427
10.28010775
12.15576506
11.48352792
15.45034355
11.18540975
14.34919721
8.724813815
10.10418072
12.48145799
18.30644179
12.14977184
15.30481533
10.80595945
9.397369336
8.643902601
11.35954848
9.734271295
9.914114928
16.36835239
8.17421878
14.13591138
12.17407519
13.57205
14.19113261
11.44704464
11.24619746
16.06742034
17.58404687
10.11839796
9.073806366
17.87575387
11.8488501
14.0644913
11.95497459
9.3838257
14.48264809
13.77654937
10.23292915
12.97055949
16.76642254
14.49468713
9.066090598
14.02823647
15.73012129
16.71973746
14.92029337
9.67923981
15.81190593
15.45076031
8.268695712
12.52922434
11.66245272
15.36353271
10.37749394
14.49959115
18.04526558
16.77582609
18.1360351
18.76356564
8.117371397
14.85015404
12.54123338
17.45839939
10.76996172
18.79132438
14.75078767
16.72891142
8.941595081
10.01803673
16.3424404
8.241851742
16.98565784
8.153439206
15.22830723
12.01603312
14.72644338
15.65634548
11.76722741
9.187586929
8.766104545
14.47829625
13.72720889
16.1642111
13.60709061
12.64690369
12.37895896
8.290915929
11.69112922
18.73622173
17.60911134
11.62315874
14.46574946
17.3202642
12.8540177
8.197536501
8.81961508
13.61431993
18.66383313
15.62530496
8.780078106
10.08296963
16.48455458
17.25583736
14.79464045
15.08865487
8.311711954
17.11383286
16.67102729
10.84938659
15.79544392
10.36340067
8.443631772
10.21250197
9.964917644
11.71522796
12.60294447
13.59392781
13.24429263
10.97742067
8.320877354
14.65611784
12.35319313
11.28539373
17.53635147
16.21417639
17.43542103
13.44481074
9.440243773
15.6584358
10.26681158
12.85352636
8.715008678
17.07839243
9.385347052
17.93407258
17.50653662
13.11041041
16.18805025
14.81389581
16.83383207
12.74985611
16.64389333
13.08702499
18.35062367
13.35009311
13.08881199
16.63579048
17.03735461
14.09938026
9.977775948
13.14534054
18.64879753
16.28284812
16.92278864
8.361080487
13.14645409
15.11283247
17.13035952
8.542010189
17.37682774
14.0324103
10.17045368
11.48980738
11.10122507
13.83944938
8.568542479
9.743897744
16.93962348
9.458643898
10.56735896
12.98707666
13.68832977
16.39971528
12.92065669
16.68851083
14.80180938
9.244097134
9.719645822
12.80737098
12.36578332
16.17898697
14.38810854
12.26946389
9.878363118
10.49520813
14.3305112
12.65782685
13.6642026
9.877451788
15.29196878
17.37792615
10.83733457
13.40665648
18.73080062
11.66565915
14.54550979
8.992152702
14.66616503
8.985949506
18.55158979
15.87228917
16.66975767
15.74514797
14.4870194
12.94904059
17.44210718
18.52519234
13.4893979
18.24688554
14.41666201
13.92222606
12.99931006
10.30216538
8.040916269
10.6565685
13.60695489
12.17955947
12.93333751
18.78713042
11.85299608
12.97401233
9.468671065
8.527535057
16.52950466
14.27751493
16.36775287
9.648490788
14.29011648
10.79006722
10.50867999
8.126786155
9.433747959
11.40194923
9.285666367
18.84444284
11.39495913
9.433563414
10.18990544
14.46473551
8.704478763
17.48677543
18.57649647
10.71422163
12.95104795
8.243478961
15.04781247
12.55318664
10.97064313
10.27520822
15.19425385
12.57838734
9.976252179
15.5801999
14.21579511
17.4453926
9.292234888
16.64233262
15.40868466
9.265120305
15.64302803
12.85702018
18.39483264
9.557724857
15.0711673
12.2017805
18.52496138
11.62972385
18.584045
17.91634436
10.97421559
16.83895955
18.95164622
10.77929302
12.80454886
13.7219881
11.24424249
8.167913236
10.42142169
11.10130573
12.87959671
9.882127263
17.60579792
15.75402246
8.937205253
15.15101696
15.19022124
18.51843291
8.033229585
10.72725695
18.20570627
18.25347307
15.92645061
16.42339653
9.006312537
13.65263418
10.5474129
9.99339848
16.91333629
9.485419504
13.15516801
18.32436064
10.04415261
18.75792766
18.93716784
14.1117887
9.871570142
11.47715377
12.66942116
11.40256647
11.08699138
18.6945268
9.687013102
16.066607
8.004513184
14.55800936
18.07537304
11.16727504
10.04078573
15.16847774
15.83861548
15.56833571
11.51248568
10.77422642
18.5151068
18.15629459
13.03048271
17.30813253
12.97555825
12.6682792
9.724392424
12.69046662
13.91158632
8.247547602
12.88524306
16.5949184
15.48050662
14.98672688
18.00510971
8.198352108
14.12752345
16.66083733
13.95468921
11.56285108
9.498756216
17.76319379
13.17838632
17.65926717
14.44437335
15.41611328
16.8468727
15.25071099
12.37860325
13.64996722
16.83350077
12.11015326
12.26933602
9.052591277
18.06042879
9.001399464
15.13030095
12.54513927
12.46181329
15.4750702
8.738031059
14.53076361
16.49234965
17.11034034
9.875834283
17.87160955
15.21760701
17.70040281
13.33808789
13.9623668
18.10942105
17.89900498
12.92976961
11.01853895
12.32487478
12.26540761
11.15553562
10.95437565
17.4716923
8.768481128
15.453723
9.901020566
11.78956483
8.676973376
10.96971001
16.45263178
17.73516857
10.43679867
13.09902623
13.17356453
17.60932836
16.39078958
13.6438494
15.37821921
17.32090559
8.104928494
12.43179034
17.97967484
16.14344334
13.97125512
13.8260898
11.82547107
13.72572587
15.20921519
12.60199342
15.85568461
17.4735545
9.70153333
12.96701725
12.488221
15.56211284
10.74854212
15.04276006
17.65238166
12.5994476
18.0211727
18.92480113
9.167012549
10.56358507
18.45417727
18.54160455
9.074780029
8.164983504
9.772100256
18.95614062
9.979995783
13.52802367
17.33259499
8.224417718
14.6493788
11.04727994
17.48568408
11.11807264
15.55431292
15.41641596
10.43642904
8.382791199
12.50174531
11.18112467
16.89875525
16.80400607
13.02726347
14.67163448
14.64685468
17.09873963
12.67502656
11.02991348
10.9153841
13.89811507
12.94063023
12.84132848
9.00251073
15.90464115
10.35110357
10.16648993
12.54034152
10.50556176
14.42244094
12.08609673
12.93802895
13.90886254
10.23889075
9.713267852
17.68464093
12.77096073
12.53302971
8.391733653
13.47773933
14.09586694
14.14724958
15.77734286
9.952300185
10.77445448
16.91803512
18.41887679
9.495260221
13.4741451
10.35593878
8.660804852
11.58053672
9.580563877
15.80926381
13.87097955
9.582179181
8.101657473
16.88972754
9.938138468
14.66838306
11.70614104
14.44034532
11.4721899
8.956335168
10.45245009
10.06864423
12.70821288
15.24112162
10.90186682
8.132769288
13.70831101
14.66335438
18.59157543
14.48417883
13.18289815
14.30741788
18.20690693
17.1121596
11.55276607
10.609798
10.88896974
13.54863144
16.18454396
13.53541128
8.745760354
15.9593877
16.86567142
11.18447652
15.30538313
12.69251091
17.78031291
17.29748114
13.77975198
15.606561
17.71684671
13.45288711
11.44575815
16.29032752
10.4207288
12.27384263
17.52299961
15.96864574
12.44192106
10.36218953
11.9156523
11.12514564
9.936982167
16.17666205
10.77276876
12.99584217
12.24445392
18.80285117
12.30201469
8.879807311
8.988083278
14.49829093
14.59299907
12.6063489
12.75028062
8.593258411
13.68201161
13.55213423
9.645042504
9.142233247
9.359297397
9.111310711
14.70679015
10.16130918
10.76573167
9.909293586
18.53618835
17.40079209
10.53544321
11.60322923
10.30882127
13.41063555
8.215715857
15.3850481
13.75473965
17.88502821
9.808319528
16.84520171
16.71157116
9.398993081
12.38415147
9.871679053
10.80192551
10.89570792
14.11860033
12.52552025
18.42506084
9.390071561
18.71061348
10.53702504
16.5016133
11.72866919
9.57389535
17.43678104
11.39746989
15.24740945
14.23088054
13.1893194
13.4540142
16.05461706
8.965502055
15.34998728
17.85393312
8.635670167
9.547186732
15.8829513
12.81009813
12.43903483
9.50663298
13.57447045
9.391998423
13.24282502
16.39976829
10.84090794
13.28864785
18.91217566
15.55315466
17.25492448
12.56332367
16.44647015
8.445600902
9.352023008
10.23377652
12.42147117
17.30319366
11.80892656
15.20083313
15.80245724
14.4480059
11.92966165
14.34758676
11.76492152
8.922611124
18.92084376
9.39900699
8.795832222
17.66383824
11.32018127
15.15326671
11.61906303
12.30599698
10.88324269
11.77348406
12.51770441
15.92457676
13.62689814
18.37921739
8.460684332
13.53375155
14.42647268
18.12216685
8.54074376
14.30849543
17.38992921
10.66120501
17.63921583
8.209477502
16.05700092
18.26424543
15.22917428
12.82932168
8.493691181
18.12125195
13.17325845
8.318964188
15.58803178
13.30020979
9.367798492
10.3569899
8.709397485
14.31722894
14.84232427
13.56316528
16.98812346
17.47109703
14.77186836
8.140321277
15.64752621
12.59799139
14.22113232
15.13988662
11.85260276
18.08808356
9.473723534
15.38662988
8.04795538
18.17116216
9.237545466
9.043726532
11.66308396
12.10922915
10.3573008
14.43633827
12.87205508
8.37593148
11.51617268
16.91476205
15.58671688
15.97357939
15.67928616
11.42070324
9.096303143
10.99713902
17.1496383
18.78517878
13.43231716
8.106703904
9.540492934
11.54288633
14.36443883
8.826030104
18.37693029
12.01592041
18.0384264
16.58573983
16.30981
14.67391538
14.89462199
15.01803559
14.91593526
14.09101055
18.8505542
16.05519624
16.54641027
17.59709097
10.37203739
8.92184575
13.3118388
13.65488765
17.12099958
12.88161937
14.27938328
13.79778032
8.420230621
14.76736386
17.10847614
9.732506029
14.53764907
14.52971599
9.806034605
9.358099311
18.78057137
12.33091087
10.50163902
9.884569989
15.34361885
14.70389827
15.07907335
8.968066303
17.82888042
12.28193036
11.44706347
13.08597592
12.29072672
17.49934703
18.22187073
11.33798538
17.50329388
16.59675442
18.2388844
10.70325343
14.34655065
11.01999043
17.0650394
8.058566096
14.21301079
11.73123774
11.54952078
15.09396956
17.36632894
14.70114931
17.38490277
10.91056823
13.7145204
12.95590193
8.128093895
14.12493357
15.27676757
14.51105845
16.09907889
14.28473481
8.734252803
9.280900765
14.56122035
11.02477111
8.876096419
12.72563018
14.09754858
11.61620587
15.92477072
15.08147669
11.66100197
16.30359782
15.13564547
15.01189917
14.08770471
8.125286349
15.66157902
12.1364597
18.36870681
16.99783248
14.46463916
10.7740018
10.24089133
11.74423321
13.24224738
11.25672061
13.66422445
9.819074681
18.75484094
9.187170105
18.25138554
18.04935813
13.7789653
15.97401299
12.79653128
14.93038035
11.74633531
11.31274922
14.36052765
13.47942642
14.37490006
11.15326639
12.03653615
8.922877567
8.575040095
10.78802843
8.816715453
9.141521795
16.94221246
8.427610667
15.24837073
10.99813524
17.58700249
13.33491513
11.36134105
13.69402829
12.20153821
14.20731171
9.259861552
18.96689553
12.68111465
11.83053704
15.81230833
12.00289347
17.16601736
12.99697797
15.91514255
9.181985381
17.30731104
16.09289785
10.32888456
9.598146107
11.47921584
18.73677645
10.82514732
13.0173993
8.330222483
12.36950283
14.28452017
18.48437074
13.68409649
17.01018059
14.01840407
8.448635148
11.46509103
14.33104459
18.45653363
17.45043396
10.51191176
10.42120813
10.21290264
18.14748786
17.37932768
16.52371775
12.32008626
13.54818775
13.10764919
10.78737918
13.55530851
8.335462026
9.449914109
17.75248556
16.26847744
12.6515525
13.68865399
12.06998775
16.14857854
16.62605897
16.39613709
15.94872897
10.24954773
11.71766977
13.16829978
11.63872291
16.3043422
11.62288877
9.520552955
12.38944497
18.77905876
10.48469554
14.73374525
12.76270355
8.781270244
13.36664267
15.72380762
13.64541973
17.5931667
11.17830718
8.948740884
18.30222173
12.16015984
14.34046107
16.71203439
11.5674503
15.87780992
9.489607348
11.20423122
9.591816998
16.92353614
10.44914159
15.89143911
18.37628237
13.8054943
13.94032111
13.07136925
11.58479158
13.23220534
14.63088285
18.84590729
18.31541015
17.48368254
17.78043589
13.14634102
15.2318876
17.84573395
12.32245841
18.57938726
12.57364668
14.61190932
15.80785185
18.45651214
10.69077901
16.20744076
13.72897145
10.95412855
16.54267524
14.07444508
15.27071203
11.55191175
13.29401347
14.79089676
12.45401896
10.18209794
18.57804542
13.62614294
16.07312407
12.52151913
11.9064494
12.47880728
12.50116308
13.98598128
13.97816857
13.46869197
9.482643634
13.45683026
9.860142905
9.387493649
18.25910289
14.65445014
15.25439064
12.41973037
17.99878981
15.01723539
16.46086856
12.05418716
18.56013069
17.02507419
17.39343309
9.894136942
10.98059529
11.1418926
10.98000146
17.40948978
8.350732747
8.837099879
11.01306358
10.19860272
10.55045575
16.77737508
14.19439253
8.063477274
12.72255042
12.4867342
9.253397964
15.43755967
15.72306907
15.92982541
16.0131804
8.000581096
18.49312884
16.95629644
17.94379866
8.172076248
18.27244675
16.90767382
17.20941057
9.026161232
16.12655832
18.55908359
15.46402076
14.27617545
18.40192646
12.87230834
14.59222923
13.23972123
18.26130844
8.836931994
13.51231671
15.55647686
16.71097192
14.41320512
17.99809519
18.36190592
8.707511455
12.42607594
8.258049239
11.62358323
13.9055504
18.01874424
17.31209755
9.402496993
9.023334122
14.48194073
13.8532977
10.93015406
17.89398393
18.2010305
12.42872582
17.79332813
12.22343784
16.10498515
13.23536439
9.348414722
18.20727621
12.99506253
16.07935744
12.03891196
8.207689664
9.105833946
13.45841427
15.58960793
11.68208859
15.65037305
15.68499148
15.74329498
13.41774039
18.06374765
13.3811617
12.95291713
10.19318901
11.38420596
8.465679418
14.96888823
10.73389318
11.3457078
16.47895974
11.59943301
10.66415481
9.859635241
16.52344242
9.426768838
12.99129136
13.57623128
15.56128904
14.96611831
16.9179274
8.492265773
11.26084797
11.08147531
9.606185962
11.18096079
11.40741846
13.74072908
15.30074927
12.19210565
15.91417254
11.69781872
11.19312045
13.95306861
8.260879963
8.87768036
12.59766498
18.37203983
15.93662958
8.969392265
17.30949814
16.05530848
14.72041178
17.02322257
12.44520833
10.43651156
13.63225728
14.03725931
13.92159009
14.21581171
18.4357541
17.92470185
17.6328874
16.81558492
18.37770918
9.083441059
10.91635588
13.4456154
17.31187942
13.55682283
16.22838213
9.528558958
10.77655194
16.04953705
9.812074098
11.86491528
10.91352884
11.84847864
15.79156454
12.04631899
14.10789655
9.099250648
16.85519463
12.06877488
15.13387575
15.97928562
10.30627014
17.73142483
14.77846677
12.71597656
10.00568702
18.36531032
16.30575025
10.28827019
11.71481852
16.90641684
15.6524543
16.42362722
12.85321212
15.88123889
12.25143095
10.32389209
14.95944738
18.73615318
11.41661069
13.07066551
15.41401508
13.9565691
17.27770575
16.37916977
8.641269243
18.98263357
16.27642699
17.50293648
15.16317483
17.41913641
9.236212724
11.82511619
17.64063038
10.21820732
8.860663084
16.66930834
17.19034771
9.7891744
17.39780581
15.55444575
13.72090952
17.13275212
12.61174174
10.13393352
11.13337944
13.5568042
13.84463872
16.86138909
16.70487996
14.39503213
16.58864032
10.10950804
8.550709798
17.60997205
8.831099431
10.71357273
15.64850845
12.50392731
17.63945367
11.27777774
8.130584813
11.30721205
14.35882554
12.13532213
13.88360031
17.64257931
18.0373356
10.92571471
13.08354521
14.04058417
18.44023703
18.98479051
10.58947974
15.99677858
12.15834168
8.089190166
8.101777747
13.06622608
13.37168404
8.248266662
15.55620158
11.23403727
14.15882412
11.3101098
9.838477464
12.47891112
10.55500701
13.88281075
10.18711383
13.59246574
9.731163664
15.3807218
16.29331453
9.214336577
13.14582653
8.779588707
14.5800069
10.90844728
13.80386903
13.6920711
18.16789781
14.03991545
14.41298328
12.41818438
18.43987564
16.549045
11.13945819
17.28630544
12.75635996
17.11533858
17.05176875
10.07757205
15.71255245
11.19707266
11.27241937
11.25982885
15.98125072
10.52808646
8.009964188
15.86760539
9.883032182
9.149306348
10.61267733
12.17890575
13.2349696
8.490270448
18.67630666
15.87669359
11.55513472
11.50566983
12.93396804
14.88869305
9.610103733
10.07822795
17.45378041
10.81880416
12.18214498
17.58399036
15.29462612
11.75883067
15.520695
8.216515369
16.09206926
13.35717645
16.94500362
18.50101417
18.18367404
18.00191548
13.63386952
11.96156326
13.11538857
15.58885604
17.72397555
10.27684933
18.10012474
16.96698255
18.76741617
17.68276951
11.07931063
9.165515025
9.234651792
11.2034565
14.75602096
16.84752359
17.89175338
14.86128723
8.06194444
10.04948454
9.096988242
11.99656923
13.51486093
8.477368964
11.83325773
9.970976421
15.11777183
13.10699606
13.44849412
12.70460967
18.51621682
10.36208638
13.68330686
16.09619105
14.12528854
18.21922974
12.15765191
13.10043386
8.973745467
14.69899022
11.17033165
9.763399435
13.98984422
13.8554129
8.834588054
15.68036999
14.8614941
10.07919011
13.16378348
15.92355208
13.82379315
12.35037984
11.54572304
14.71433253
18.33019568
15.38919325
8.82220494
13.06753471
17.79906545
9.039086684
18.87763283
18.43976333
8.861019288
18.26754652
11.99445849
17.29180084
12.60221671
12.84940624
14.976674
16.51925161
8.37168066
14.52471595
10.05406294
11.8054447
11.82765533
13.15966374
11.67550053
9.180972303
9.601916124
8.367817841
13.17273994
18.49892464
9.27242746
18.40890942
16.06697666
15.01248683
15.09805531
17.09400413
9.176118508
13.55229756
15.66800252
14.4550249
17.16056978
8.794988799
15.59771143
13.87430503
12.1707695
11.7430248
14.82915896
17.80094912
13.45793519
17.0719548
12.4237202
9.126339091
8.676563101
8.564678085
12.18165156
11.70961526
15.89730726
16.17103652
8.559393657
10.43235589
11.01688035
14.02373183
9.589667463
9.473353413
18.38167778
16.84623198
9.987203923
12.47224589
11.91184199
16.70104481
13.61234208
9.406347107
16.12891269
12.36576776
10.89216672
12.13048484
13.4753222
11.77427068
10.6609635
12.38352232
8.210902018
16.49747631
9.880393829
8.48295075
15.19068562
16.51329742
16.95212045
13.42860101
10.25905003
16.10950445
15.69684385
10.70897808
17.93748531
9.148086039
18.80957064
17.46272592
15.5668851
18.32624877
15.94542285
10.09502697
12.86371752
8.786533268
12.28623165
16.15763322
12.25087686
11.63323593
14.54891295
17.59424982
8.523415118
12.24017478
9.74064816
15.64889676
9.162970165
15.31288534
11.14798958
10.18808495
18.29987814
8.203770344
12.81554999
8.237896917
13.31952353
13.51152116
11.53828719
9.453779553
12.14026292
15.39489234
16.6063539
13.83825663
14.48817834
10.20678008
11.16063367
9.780851711
10.74224885
10.47375458
13.71393665
14.18957631
18.39442163
10.15127712
15.05843281
16.98985196
14.1626561
10.80504018
10.88805253
8.431783584
11.35988649
16.19064047
8.522695329
10.41224811
15.76855748
16.60916719
13.00850251
15.67881772
12.26747386
9.759045695
12.37964443
14.37964602
18.4285861
8.756260473
13.58133503
11.61811756
13.59142864
8.263729921
11.4432789
17.01854962
14.09335907
12.95640742
11.14077579
11.27846775
12.21411577
17.19127781
18.63934527
12.82520919
12.32688123
17.31205853
12.69595853
14.0721999
10.54035831
16.17852789
13.8518715
16.89938005
16.58806003
10.36505245
15.87199106
16.80059849
11.80717965
9.898700242
8.028953711
12.95994018
11.87676005
14.10400817
10.06845202
17.45632102
10.83530737
10.49072566
13.28785462
13.48736126
10.36593752
10.99046799
9.866757631
15.90306196
16.47097934
13.08561347
15.85495725
16.09528931
9.521030805
18.62795827
17.03135142
10.24931807
10.04781539
9.382272601
9.522164188
16.22977979
13.16619683
16.6122759
16.20880384
14.65073985
15.55003267
8.201912968
11.42955411
15.01604397
8.102794488
8.36274638
17.37076781
15.52427348
10.91906706
15.56759124
16.71702336
11.37473711
8.396411153
18.26057037
11.79697822
9.171299396
13.41042559
16.45314575
10.43812046
10.96439055
10.66986485
18.90840358
10.17144107
14.33072239
18.17791106
9.615862258
18.67939618
18.42224958
17.73029186
10.36012173
14.97460562
16.3698062
18.84630721
9.984662043
16.42628489
11.72681287
9.931891121
12.63514635
16.73219503
13.11334784
13.9127541
18.94675351
12.3902023
14.7694083
12.01768622
12.32064211
15.65204829
18.31675674
13.96594846
16.45239922
8.981272147
10.32273841
13.52344805
8.22012896
10.78140477
13.69141419
8.164573181
10.91000915
13.65433901
14.30464173
18.18326862
15.09880186
12.56209383
18.23386295
16.63371282
10.20009813
9.439265975
15.43392799
14.15871482
16.68640975
16.12685555
14.87732687
18.85020389
13.86948703
9.244163322
17.11100921
10.77038699
16.55032363
18.52817806
15.66475065
14.55633177
13.06424793
12.00850853
11.88305226
15.00009976
16.26400429
15.46368776
10.18251111
13.43385898
16.70804079
13.23274486
13.90285608
16.48249653
15.27391837
12.50279413
17.84953982
9.788237755
18.95068093
9.307378363
8.164449682
17.79020791
10.69448859
16.0266959
16.92116912
17.4488503
18.90753659
11.23443681
15.81267676
9.269398441
12.4749022
17.32768863
12.04423851
14.50204919
13.54150788
15.10546684
18.70183828
8.613090792
14.31357669
17.49331657
13.29520983
8.863799045
14.16593288
11.6528128
9.704359639
17.33937965
13.73759464
18.26604054
16.86618155
15.62268973
8.055280537
12.70605802
10.1723491
18.01877702
9.920423831
11.14666057
13.68520445
10.89699981
10.30851145
14.59009258
8.97822475
8.639845346
12.09469825
15.927309
14.10287434
12.65164115
14.22326721
12.01996633
18.29760969
8.6039538
15.40730627
17.80410931
16.8427318
10.02445138
11.25518984
15.88752733
8.926976151
16.9304787
15.90797639
16.02567314
9.102655073
15.89536599
15.47799938
17.1401474
8.457555519
8.254217353
12.1030781
9.636671122
14.14222925
18.09083792
12.30627703
17.29445415
8.00264962
9.853661078
8.334658936
11.60961899
17.99008555
9.06647336
14.67050754
12.96645533
18.32315034
9.347710568
10.33230636
8.324961655
12.77328775
11.0561619
17.56896527
14.65434895
14.75499812
13.85101767
9.01035371
12.89520552
18.99455709
17.1875222
17.8280496
17.05548995
9.133458628
10.50193079
8.034338165
11.33861137
9.194681426
13.2007268
15.44840237
17.61955825
16.24138882
18.32444155
8.592881194
8.13397819
15.27471925
11.18287651
10.78851118
11.63975796
10.96775664
13.62580047
12.84163292
13.63671407
15.39984973
12.2584356
10.76438456
9.828205905
11.84421531
16.15987123
16.32375401
15.33595925
10.57430993
14.4689487
14.27758628
13.32692818
14.04976885
13.40969696
14.22002003
15.8705655
9.205910138
16.24588327
9.494747651
8.732907983
18.73687655
18.52690946
8.664801994
12.87578786
10.04869432
13.33879387
17.13194967
18.45672952
14.97677919
11.89296234
14.63658122
11.43201437
18.00806005
17.57440509
14.14054925
11.57278807
11.22728643
8.367597942
16.97402936
12.95421534
11.57646221
13.18221391
17.0061179
9.370756285
17.43421587
17.87259719
18.41378707
12.37236792
10.38854444
12.110049
11.66203306
9.937693038
14.67993337
13.24286577
17.52271092
8.353205385
15.0825472
16.39243766
16.35435226
17.74681364
16.01937117
18.20591068
11.6592226
13.53530358
8.154876296
8.07653346
10.64139283
9.108879169
10.86232505
9.94747624
8.313720273
18.00234561
8.090454445
16.09690359
9.673626756
18.03452584
17.82075534
15.19291261
15.39457565
8.058730562
18.83358723
17.65615864
17.84616848
15.25168991
11.79265622
17.83013514
11.20668621
14.18982698
9.097040696
18.14151193
9.548475036
10.47386486
14.13947574
16.405023
14.81286437
10.55347304
8.010373468
16.32865638
18.83728059
16.90904432
13.0622728
17.94143988
12.5083244
13.77427493
13.24842744
12.9238626
16.52709846
13.79445798
11.48388834
10.83973984
8.415220487
14.41514678
10.52957557
9.629473142
15.1921296
15.49330184
16.27370381
13.53934586
17.83460066
18.29977029
16.88108034
14.9915283
11.34093049
18.81239414
11.01549784
10.22922614
12.86369525
8.625246278
18.76343911
14.47276912
14.12647301
15.21375908
13.46726013
8.352698688
14.73542418
15.87791265
12.58423967
16.33025129
10.49701429
10.4340425
9.775586865
12.09194236
17.31713239
17.10703268
12.21106629
14.4803061
15.92897948
10.65327452
9.849551945
18.69305593
14.79313045
18.79557294
11.71531586
15.7333487
10.44864
10.87320188
13.63092333
11.51579938
9.843837202
10.89168772
8.393232339
15.74865984
13.41328323
9.03667373
9.888633924
9.127879919
14.73852089
9.036314
16.29710566
8.225620113
10.74313367
17.79733343
15.9038445
8.802651662
17.03238715
13.42338634
17.3146133
14.60813752
15.50016335
18.92851716
10.55569101
14.86340132
13.06353529
8.433971482
8.159177056
9.311514356
15.14000915
14.23879397
14.08772517
8.350424388
13.16233296
18.170851
12.37351056
14.87414717
16.57800543
16.62317807
13.71208091
17.4374714
12.30515903
17.77562536
10.64249883
11.08238048
8.584326866
16.7514002
12.5876076
10.52028275
10.54969305
17.91539935
17.17308261
14.08883974
14.7772188
13.21758128
12.30833197
18.07024569
9.381739739
12.60291469
11.79018099
13.47965792
13.03395062
13.70778485
9.53910875
13.64455652
10.66660695
10.02764484
8.713176407
16.38917815
12.70186113
14.89308052
16.00352678
15.47248332
13.17550791
12.26688382
12.13555901
15.04053677
13.4427379
17.34045473
17.62172183
9.876164158
9.498570167
14.93441019
11.31348323
8.204277906
17.77506936
10.49590844
18.22208717
15.89177896
16.38918839
10.21607645
10.57613868
13.73394529
9.893098379
11.35974862
11.53608726
9.755929266
10.25701117
16.67407026
9.8391544
8.31303131
14.92290437
18.73581431
11.64335196
9.305212735
14.27426058
17.96989632
16.62467958
14.84767455
11.46562146
13.96068191
9.003693254
15.46839967
15.97605621
18.61534785
10.86437095
8.20302061
14.00169311
15.77469555
16.69448223
10.13112826
10.87928156
13.63850018
11.63660891
17.46562635
13.21136169
16.79536509
14.38681737
16.50399156
11.65940285
17.14558284
11.02029547
14.00708689
10.35407824
13.23079174
11.4999273
10.93373774
18.6368352
9.76081516
16.66058421
18.82581455
8.218916321
15.68930155
10.78202986
8.445366068
12.43178537
18.28739591
8.129416038
14.46674261
13.51536126
17.60722581
8.92401886
15.49678633
15.48120668
15.35988019
18.36567944
17.05396282
8.461699989
13.18191136
12.37748362
11.41161943
12.96470398
12.22613603
12.7556729
18.77188052
8.974962722
18.14453957
13.28260385
14.8611647
17.13201263
11.96509332
12.73464099
12.50470328
12.12204125
18.18082254
17.1182288
9.198999889
9.189356877
12.70656466
9.085231144
14.81002405
9.58060768
13.7461059
8.079419417
11.48255983
15.44909796
13.32442834
18.76096435
17.61514176
11.94977857
8.500351956
17.3018893
18.02357741
17.02690133
9.40744935
18.97706648
10.84442644
15.96625404
17.98838364
10.59255826
17.9908441
11.40429737
18.74054545
11.09386022
18.48779407
8.58899116
15.80199213
13.85322247
13.25664785
10.45843746
15.76155369
10.09890441
14.08125976
10.78569899
18.51183518
8.314943132
10.19701108
10.66541667
12.55474608
10.56003266
13.40483999
17.59712076
15.83269764
14.37958179
8.979034958
15.63391319
9.830557127
16.65004125
10.75062434
12.58753601
11.85517223
17.44695306
9.391989046
14.22209371
9.562677704
15.7527542
17.95585941
12.78068419
13.36901486
18.2016512
13.73090528
13.36358282
14.36162013
15.5815271
9.175717126
17.03221581
12.7905553
8.795833609
16.64800936
12.14644969
9.104042446
14.97156944
17.68144489
17.7652886
18.53429822
17.54476006
8.023550113
12.18265283
17.00396838
12.02878307
14.61703357
14.66948642
12.01527834
17.9492132
13.5355118
13.11262627
18.9726512
13.428504
9.962380771
13.64376365
16.95418409
16.5454636
16.67439942
15.78826162
10.79639612
17.48292494
17.82787812
10.13567966
9.435012002
18.73165465
17.5515636
17.82559762
17.75014023
13.95855506
15.1104191
13.99899137
8.563269841
16.20053394
13.55865237
15.12479982
13.52903785
13.40992455
9.889680204
11.06585087
9.747379611
10.15232925
18.70275118
9.684247904
10.96197467
14.49648624
14.71196434
9.693715427
16.73089168
16.63723155
10.61049475
11.17532933
18.31786652
17.08238591
15.67576736
8.904565437
12.60090489
14.15232059
10.06152417
12.9304924
14.61128465
11.60114348
16.59039301
17.2449454
11.55970416
17.2252287
9.139342227
17.21502008
9.680254748
8.912198678
15.05952945
13.19131102
17.9867966
11.99508116
11.1586749
13.50808397
13.01540804
11.78870851
15.63115429
16.35518017
17.38282366
18.70142265
10.93321811
15.87702831
12.33684059
15.44790169
13.23579859
18.93150413
16.01792349
18.4774043
17.18466504
17.93191112
16.95861117
13.05075043
10.76967299
12.07352193
8.222598559
13.76392484
13.5556358
13.77775511
18.71434347
18.02599404
9.778840562
12.05770774
12.66351797
11.9658621
16.7834556
13.76441437
14.29309799
17.38314915
16.86520969
9.454326751
15.85306042
12.78979742
11.24113793
8.55020703
13.35974516
11.90980349
10.76664344
15.64138903
16.46433926
10.69268471
8.543921804
17.33627971
8.109557153
18.30823743
14.90381861
11.54031299
10.71125701
8.099062307
10.59018559
9.515011317
14.73382843
9.832001475
13.81492821
14.49128065
11.27845868
8.385714439
8.409792687
8.289820654
16.13037134
11.49810675
16.75930205
12.74906106
12.98297911
13.64170863
15.84334602
11.00853152
9.337460845
14.11663069
11.59675386
12.86740445
15.11641379
13.43538315
14.82306699
13.98620002
16.13776009
15.76530279
13.87608881
15.46793323
17.60915563
12.75498417
12.5403938
16.40670183
14.40809221
8.781074582
17.81323217
8.338614125
16.23235992
16.34673557
18.48422194
8.595478492
14.56542547
12.70624628
11.6369625
8.993504163
14.18919532
13.26944798
9.15009904
14.73738458
16.11748432
16.44006131
17.95910507
12.50417816
18.48380045
17.51972346
11.26151728
9.752113411
12.78928336
12.42088579
14.33291236
14.41724856
16.24985683
13.60878943
9.15304905
17.44120469
11.40741042
18.68427206
9.296461196
18.54076289
9.001129876
10.54139752
8.512379363
15.75624461
17.3532861
12.7747819
18.21374283
14.49328979
14.93007849
17.29961122
11.26480226
11.89692293
17.96547111
17.91059846
18.74131054
17.92022148
9.401092396
17.06096715
12.50822326
18.89881492
13.19509061
14.09219691
13.82752407
11.53910733
8.825242978
17.85216353
16.82943394
9.534794586
16.54445098
14.88431333
12.50058167
10.79423264
17.45701662
15.70207085
14.025139
14.70525387
9.001728003
13.21311737
10.13070322
10.29222047
15.27434359
18.02381767
12.44132272
10.285242
15.13621631
17.58305751
16.23150681
17.55632954
13.90210138
16.27063869
9.540710153
11.83102077
12.28504081
13.62425321
18.21983996
17.61726216
9.479780415
9.900686171
11.93404605
11.19818252
14.76248048
17.93053653
18.58520696
15.18963248
17.21975122
13.7772242
10.29159642
13.77157253
14.10590862
16.16703321
10.41871289
12.0514142
12.00430216
18.55383555
12.88339456
16.30603364
16.2589252
10.92098603
14.29056658
17.83733183
13.22717491
18.39629258
10.35904052
8.815750164
17.8059926
17.32449318
18.91848864
15.47332837
18.30356719
17.09643928
17.28868966
14.26055728
12.20601058
18.2801388
12.75328893
13.92701304
12.90725738
14.21300145
13.17555587
8.527643144
17.70253005
12.88833201
14.47838013
9.53106583
8.037266328
10.69819103
15.75044635
9.091139831
17.99776184
10.36524826
10.25052976
9.996587578
8.153798843
16.48986015
17.62537984
14.75578973
10.0701998
11.13805797
13.23519367
18.49780547
10.72086509
16.04810494
12.83393046
11.27632083
13.01507531
8.783273893
16.78556108
10.67632121
15.97953336
8.751832086
18.50608412
10.12316484
17.71016284
16.90420531
18.64645916
13.25679727
16.00137023
12.07781723
10.02805062
12.87383526
9.823239169
18.80249085
9.058711403
14.48132896
14.89110241
13.91887497
15.28404474
9.277988525
14.10520377
11.15933828
18.3419367
16.38278819
18.6976593
8.413116767
11.13646493
10.14964845
8.12270046
10.66558303
15.46653582
10.54197814
13.5990379
17.76599926
15.63133712
12.34091977
12.09715833
13.01309395
9.947455852
14.97400844
12.00568101
17.37601884
16.32207926
14.71564481
12.00622445
10.30925015
16.53767051
13.35050009
10.47225042
10.14692077
9.81940995
16.54877316
10.51885904
13.7930649
12.96700997
14.37571989
17.6487039
17.54522129
12.96183679
8.169028758
12.69088186
14.66812891
14.13541235
15.16469716
9.694833057
15.11188609
10.00916781
16.25576379
11.72996375
15.80884977
8.526521588
12.48646028
15.75537974
10.49557568
16.74815749
14.93857706
14.46317949
11.8890374
13.30696617
14.57084231
13.19708325
15.68144656
12.77066626
10.225005
10.35327161
8.063841457
11.31053487
16.23809405
16.7357898
10.22714296
18.54948397
13.52643073
18.08676624
15.7744181
15.94676765
8.935479834
10.4199024
8.096963166
15.87740405
11.78882117
16.65317768
11.72829842
17.01267128
9.437680791
9.907104724
11.74964194
12.49336128
11.83573092
16.40011736
9.066465319
11.86338722
17.20963999
8.73476785
18.36577858
18.84948527
8.974249912
11.20399774
12.09640733
16.54030506
14.55519493
15.08802271
16.33260805
9.297768994
17.16530403
15.76181785
14.35075898
17.78708868
15.70336989
10.21869959
12.72719919
13.43447154
8.607393894
18.50101265
9.414349869
15.67207394
13.5685414
8.281954749
18.17222223
17.3702049
13.76683721
10.5183657
9.337851798
11.99731727
10.80971109
13.57360321
18.63050226
14.32448843
17.78924161
15.15966721
13.22771179
17.40068319
13.18504921
17.55490988
11.20734447
9.416943811
17.40845911
14.4615668
17.78001638
18.31609928
8.589912294
13.51066232
12.12461004
14.88444237
16.72950317
11.08649238
14.12478223
15.79601438
9.478741911
16.95473597
14.6672056
18.44491181
11.73481811
9.189605366
13.57151321
8.943918489
18.66479176
8.425534541
16.28854291
13.77612638
12.05482718
8.72426381
14.84383617
14.43742362
11.089716
18.01243872
11.34521008
12.94697952
13.98138702
9.10255066
18.25377891
12.11989768
8.888571353
12.26020291
14.60222802
13.65017939
15.63996171
8.610323363
11.12994671
17.01153635
8.878830566
17.4103455
9.010857013
17.17899636
11.96867241
14.7342997
9.681758272
8.727855939
10.37532024
9.406391997
11.43646487
13.65821571
14.4763541
16.68854918
15.21863883
14.69634158
12.5296023
13.21189278
12.55972912
17.26382633
10.53000498
8.062930247
15.16451887
10.22708402
17.7912665
17.44950963
8.844001091
9.17027246
13.44688751
14.70144929
11.02399171
15.88477488
14.54407623
11.57306521
8.279086369
16.25165309
10.36229032
17.17921118
12.62319286
14.34785187
17.60243603
17.49985301
12.08671533
10.29777782
16.52660686
12.76388224
10.11246193
17.94867877
10.17914614
8.28387885
8.223079711
14.84546892
15.27842567
11.42145876
11.52012088
11.73443307
15.48174401
8.639471701
18.22027988
10.44773149
18.99640526
9.886749632
16.48701103
10.45753799
8.889314818
17.62426657
17.44626385
12.43927432
15.72635757
14.12772526
17.38251725
11.46561566
13.7603964
13.33909608
11.89296409
17.80600571
9.824657171
9.644595035
14.34600489
15.23243653
10.1408118
12.29789186
18.41220227
10.71279165
15.35196772
16.14164333
12.92941569
18.31278585
16.10322409
13.03717038
14.26268722
15.61874788
14.51409198
17.66567342
11.92577529
11.29874314
10.35222778
8.415612649
8.473153608
17.57060712
15.46232461
15.26585657
14.76107101
17.34141059
13.28293618
17.57451911
11.95389529
18.19378255
15.68522678
10.8289485
14.20493414
13.86333618
9.516887039
14.50367196
11.46264186
8.575836435
18.43521773
15.05639406
17.64610825
15.43661606
11.92682061
13.6395688
15.43321436
18.56277558
10.79036405
17.62474764
18.16485586
15.37457066
18.2439329
12.37666446
18.48317794
15.73061165
8.462063442
17.97560115
13.3292009
13.06359683
14.23113267
9.643230015
13.16082653
17.14239938
8.170307051
11.00208876
8.027000451
12.5728244
16.01147062
16.78649012
18.39708737
14.69355074
10.80089553
18.16562744
16.52847329
14.31871331
15.65204237
18.16747991
15.83633431
12.05211958
15.84331023
8.44305979
12.25057118
12.46955335
9.835220579
8.253940286
9.467193603
15.20083645
16.82517698
18.87023842
11.80999853
14.59317144
18.30859464
9.837459595
15.89410145
16.30476606
8.978730895
17.47374324
16.94415552
8.367433072
9.001928564
8.540395833
11.68217885
13.6021789
13.85582501
10.94433436
18.02756575
12.05089069
8.501051716
11.30249823
13.84220365
12.49044005
11.01226771
9.444555747
17.0108095
18.95759766
11.62496347
12.19783149
14.79841277
15.90285622
12.31232488
17.95422469
14.16004388
12.95429084
15.11340028
18.48084233
16.74007524
8.440144436
11.65540902
13.17599153
11.45969329
15.70206317
17.08896065
16.04479605
18.88266616
10.99802413
17.62488445
16.43284932
11.98396633
16.07536998
9.144835521
16.68266831
13.85563663
11.2151919
15.21355032
15.05781999
10.30434845
8.334371563
12.76984846
14.26463056
17.64265806
18.21038475
13.8168574
16.29183832
12.832336
16.20690372
10.25281677
12.08171208
14.97650799
8.199737622
15.94707441
17.19089051
12.39055827
12.92736659
17.36410433
16.53220099
11.16964438
11.56373717
15.46766056
14.19517902
9.784525282
11.409229
17.89981605
15.5699188
18.84571749
16.43713783
18.36171875
10.37807431
16.48633362
8.222392722
15.37836024
13.16210506
11.81436079
17.48644788
17.39694462
8.245318754
14.70455635
12.04615447
12.57227102
17.15244813
11.40823749
18.37353692
9.97597209
15.28994666
15.39315574
10.77414678
11.5722567
17.18278342
16.3798578
11.62005468
13.87352202
8.678483259
10.29620471
13.34402615
8.945711088
17.2766559
15.89806831
18.37997038
15.62813597
18.34441509
14.09963811
14.60240472
18.7466816
15.06342062
8.338652258
15.96183054
17.96015561
16.75138275
14.422166
15.38433864
18.89210968
8.997282974
15.33969312
11.11737464
15.04099436
14.68385933
9.688025153
10.2742131
14.83792536
9.41052942
10.91698963
17.18770103
11.59800657
13.36866172
18.35254369
10.49863998
12.28588619
14.67103553
16.30872822
17.91818725
18.07020286
16.54304082
10.5116392
8.27290263
12.22151323
9.557037361
15.81426412
15.27243646
8.483688058
17.20253157
10.73617593
12.75449783
15.34727109
12.72360666
12.85416583
8.721907949
12.41587904
16.41332683
18.06693971
12.54846851
12.6594441
15.72889817
18.37049201
10.93767034
12.84158627
16.75570568
14.70662926
9.216449784
14.90506009
10.05420913
13.61237527
13.82013594
17.63823698
13.08743701
11.07386664
10.54062983
17.61677064
9.881119399
12.68455417
10.05890426
16.50634444
13.21809904
11.8625806
11.97209605
17.37435627
14.0915135
15.89654636
17.86742368
17.91915844
11.6135996
18.47696389
8.273634702
12.14519117
17.85378743
11.02100568
11.00389595
11.32884514
14.73544723
12.82166053
15.9940832
17.84401707
15.41619312
10.24913392
18.25950093
10.90942161
9.648837249
8.989640068
14.19722115
9.251387087
9.526534725
11.30033529
11.09818311
14.64663461
16.98419807
16.37484622
10.887329
10.69841548
18.62370683
8.090598658
17.67692586
10.19701371
18.42012755
11.76538013
12.84386951
15.77832675
14.46435957
11.49733263
14.09214007
16.03777573
8.465684405
8.123192358
13.03873633
9.450202796
15.30778721
10.35457702
12.76136217
10.17438031
14.03331944
9.276588053
8.254175381
8.562448019
18.49684286
9.565148405
15.79326078
8.747188247
9.189763875
13.59763877
13.11358023
18.4673834
18.39318998
16.57569507
14.62312013
13.00456349
11.91796388
18.41796302
14.63199693
14.3697978
10.55091234
8.513675997
18.39707438
11.45108785
12.86847926
9.261039379
17.20616763
8.303950161
17.17389838
9.543135141
17.75220524
16.02749901
9.811372888
14.22399792
11.43921946
9.960564088
17.45100419
12.43875043
12.38398086
9.868753423
12.21372244
17.58778531
11.99441582
18.46763919
18.40939789
9.593885252
9.950423789
17.48941477
12.32037011
8.048113805
11.01259002
14.57391893
16.79192563
9.467274788
9.215955009
18.14301919
16.26263205
14.48757561
16.46105469
12.71739797
16.34301322
12.0898329
10.6850403
16.01914763
12.61639521
18.79514815
11.84433701
18.13900163
18.26258803
10.66038242
16.780433
12.76381956
18.092772
12.951367
16.18734089
13.1366415
10.50580831
10.19285142
12.67974314
16.31044123
14.65578634
15.57492219
11.10558986
13.29578881
8.488347915
16.99285658
18.88881378
12.47566969
8.120600184
9.867719035
15.17779566
14.7328725
16.66651192
10.79272412
16.39995107
15.56782424
11.55095947
14.00036963
9.620011894
12.97820954
17.69317074
12.63310518
17.23523377
14.49278702
10.11064384
14.39216869
13.56581662
12.38505469
9.315934835
12.5837953
8.800386139
9.086459565
12.57508186
11.3591963
18.18098758
12.13276386
16.33643934
13.83272279
15.74494236
10.86127581
18.3609547
13.83097347
17.14456478
12.01550263
9.10232484
15.41082812
8.085356132
13.22822274
10.12082093
14.90113055
18.7736186
13.10843197
16.99248082
13.58562606
13.45424034
18.23465843
17.78962456
16.64380512
11.25881329
13.99509257
10.46286957
12.88308368
13.32634372
17.14804044
17.85631202
12.56082069
8.194748896
17.47951224
9.917065464
14.8407016
8.274679905
12.39457123
18.84556332
9.107629612
12.66062467
11.37864945
17.95596936
17.56274119
10.61468636
8.893065658
14.89852233
11.70005583
15.3929283
8.353317317
9.467391587
15.55009456
10.33607721
17.43346443
8.644499765
10.37030181
18.98416273
12.76383713
15.7326223
10.00929354
14.70855608
15.98716675
11.45924299
17.11786823
14.63759336
12.28035311
14.13406633
14.34436932
9.82088822
12.43005607
11.77773647
12.40992995
16.37221647
13.30792248
18.34347769
11.23044055
12.57273936
16.65652492
14.00627053
14.01730961
8.586741793
12.38459629
10.97807106
18.99268635
11.39190578
17.72946188
15.43857109
11.7500805
13.97887816
17.24589468
17.71705128
9.764332625
11.73530455
11.68745498
8.462492757
14.58061536
17.40302058
12.19731827
16.14039539
14.90470455
12.13213609
9.551657794
15.80256238
17.40021686
15.54439942
8.196663324
10.37856184
8.764279834
14.2742471
16.32125447
9.216371058
17.22171603
14.11059876
15.58965913
18.68542033
8.920490871
17.91346425
9.387129656
12.32254687
17.36582566
17.9687966
13.57008841
14.53515102
15.78962068
17.16034535
9.336622865
16.91076239
13.29403766
12.95685768
12.66289727
13.60132744
18.39555609
14.0302415
18.48495292
9.983191437
15.96549577
16.93463492
15.47041714
14.67614508
14.21294059
17.47023531
17.03811257
9.345175933
17.33446423
12.55475481
10.79066513
17.56745425
12.7522728
16.89201159
10.89743973
8.043222536
13.45005112
9.102510823
16.29813551
11.0368265
12.88010211
8.957369216
11.15325173
16.59639268
9.667467031
15.11875517
18.09168438
15.47820436
16.92123858
9.198687922
10.75805009
17.83992737
15.86616175
15.03509209
15.3014341
12.5562061
8.490122948
16.62885696
15.4658456
13.20084911
17.89735577
11.69775631
11.23753919
17.60075958
16.7668642
13.66477792
9.438082134
10.36578619
15.21850789
12.23545362
17.20120511
18.4495051
16.86200618
12.15299965
16.67555072
11.86585841
9.838100965
8.367325254
12.24288384
17.93915234
10.62885247
10.27164481
18.66802864
8.275045241
16.64360365
11.53506951
8.412367526
18.09582794
9.536065632
14.06957212
11.01459628
8.717120824
8.549147342
9.271123687
8.785037153
16.36613927
13.34122823
11.771813
12.60205801
18.21841409
18.01826994
15.87244128
17.73150615
11.5161283
12.19220259
14.750834
14.85988542
13.29869822
12.40723633
18.84798343
17.03235989
12.78478218
16.00021725
10.96517863
9.101862589
11.87674128
12.4327008
8.18190837
16.96271202
11.95112743
14.38459982
8.81359506
9.924965116
17.78663098
14.69556281
18.45312455
18.98625038
12.09046127
11.2868337
17.44191661
18.9847257
14.92605358
16.74654795
16.59920445
11.90873679
14.31697418
17.16362635
15.56925264
8.232801954
11.70376236
9.589232663
10.56269433
17.96038425
8.405826178
10.41780783
11.40526287
14.78572479
13.87511859
10.40096431
9.80665174
10.60477838
13.52782589
10.98295564
18.42362752
13.10251744
8.646756182
16.02193046
11.61729817
15.18837825
11.07553808
14.27818116
16.49367755
18.20809616
10.87239859
11.68342646
13.10693062
18.19892322
17.91525542
8.988661081
9.451228083
13.45060095
9.172812001
11.80138961
9.63223916
14.99644391
18.44444975
18.96407147
12.12765246
14.58913901
17.41894419
9.292082801
15.58520852
12.49728028
10.26760776
12.43028981
8.835563157
15.64947863
10.78016936
11.4254621
9.331894281
17.51125025
13.42788707
14.29361566
14.26375951
12.51542426
10.11782907
16.19646023
9.397618919
9.142611693
15.81159541
10.29720723
11.37450026
13.22750214
12.94286448
15.79437038
14.85774973
15.08835779
15.85459764
11.21874
11.54566643
12.81797523
11.3820839
18.83431656
16.95457119
9.811201571
8.061535715
8.470615951
10.68469796
9.257204144
13.86671926
17.43794745
16.10425243
10.37169969
12.39229182
13.5868363
16.91226434
17.23033763
18.00690143
13.60169776
15.63702221
9.229804084
14.21817856
10.7356099
12.74888574
14.97455559
10.82684532
8.574035636
8.112572421
8.243754891
8.091847113
9.213905622
10.63437586
10.43343666
18.85476254
11.36606716
9.401628617
14.00118799
17.43753201
15.45866414
11.25690298
14.17777776
15.86341572
16.00914942
15.33192301
17.57891467
17.57116004
14.36830215
12.72842006
15.05727325
17.00033202
8.062173153
18.9119671
10.0118315
13.17273884
17.59232708
10.47544439
13.24474746
9.458403982
12.34583958
9.948490003
11.99990524
12.10810638
18.92487869
18.94294332
9.262649065
15.98565657
8.569200276
8.332112169
9.158672837
18.62034223
18.34949903
10.13320602
9.778395691
10.64588595
13.67101693
14.26675095
10.43752773
16.32285067
11.40508486
18.14344458
15.22394977
12.79986314
16.68903202
16.99706089
11.19529766
11.73685998
18.29550669
9.812151422
8.463654587
12.99460855
16.8133089
16.48834917
18.11483692
13.86520731
9.100711387
14.47557872
16.56235176
9.026609323
9.899231412
8.135197273
14.53017837
17.75407831
15.37729648
18.80244096
8.693370178
17.93301194
16.95475116
11.45665673
18.70879207
11.16731523
17.78235196
17.68823435
16.33423378
14.19817521
9.320030246
13.85168908
11.92475881
16.71438736
16.33942127
18.01673758
8.163131787
16.90013539
18.32308258
16.68230494
9.432139059
8.894070153
8.229297638
14.91619748
14.92639917
18.85605086
12.37847492
11.65096913
14.8686742
17.0816954
18.30451344
16.83436583
12.69341379
14.98405659
17.41929259
13.39670657
10.38355308
9.866957837
8.00173519
15.90061794
9.222069297
10.6822301
11.27663965
14.16417846
12.37753005
15.42141391
8.612025253
9.363331137
13.49132654
11.70661267
11.25394699
8.737308869
17.85291092
15.61000445
9.337799725
8.715505535
18.72359787
15.49289805
12.59201678
15.71904145
16.31964965
16.57958423
13.25665036
12.72871034
8.121308927
18.19212827
14.63638666
10.23469331
18.11563761
18.06425092
18.88102581
17.61462219
18.97562827
10.69154807
17.26474544
17.0533114
10.54034395
9.082813039
18.77362565
11.25627007
17.5798097
8.045398701
8.231272879
13.1245844
10.62586152
15.58825412
14.22120758
8.852343772
9.78891126
12.26854197
10.0416447
16.71444582
12.57677259
9.027750535
13.32777193
8.999219992
9.41831036
10.63570815
17.45480476
18.17073786
17.08883502
11.67484939
10.99691085
14.0407126
15.94038477
18.92710067
9.447277831
8.542211989
15.63791478
17.15448362
17.30983658
15.46309904
18.49417385
13.6210524
18.05196278
18.64593351
17.31873203
11.4073442
10.15837216
14.02932071
12.98316225
17.65534176
9.100348382
10.83514067
16.26978839
9.044853095
11.52840855
12.25870933
14.84853176
9.739459103
17.46664939
12.92296459
18.08723883
13.14656905
11.02544285
9.560117116
8.041196042
13.85373233
9.178723666
12.3090054
14.48198937
11.03254487
9.927467216
16.52193785
18.4147029
9.104844597
9.711493568
18.56013923
8.41562644
18.7539557
8.051089314
17.61035521
11.38057699
18.32447744
11.48639818
15.19736954
8.880358267
10.66562793
16.51047281
13.81554439
18.20765968
12.71626549
17.56793602
12.93850981
18.77173107
18.5581782
11.62050376
17.74516037
17.32372512
10.31748437
14.86719441
8.799505472
17.20381793
9.920004719
8.778961715
12.40241005
14.34614352
17.40408654
18.71666778
12.83441764
8.664916153
16.24027137
14.21690582
12.92680479
11.40195767
13.52638381
11.72547565
16.32713055
13.98283066
17.64532552
13.97898306
10.62088655
17.3620107
14.12940949
10.27525142
14.85858591
11.93488441
17.28846174
12.98629713
15.99085494
9.050898284
12.35626781
18.8156558
16.89306318
9.759348826
11.05540454
11.6279739
15.15402117
16.32694235
16.2447927
13.60861462
16.91902592
12.80785891
9.362686218
14.20886026
18.47531523
16.72293017
14.36570712
15.11486226
18.2361823
12.71177074
11.64533553
18.74965722
17.49787447
11.55347943
13.10158657
12.56585942
9.640052465
18.53601256
12.44743674
17.62861991
10.0829185
14.02657892
8.263575236
16.40642532
14.39005288
14.88148542
8.568929708
10.32142163
8.817639596
11.17805747
14.90182908
14.22804583
14.73364804
14.04176399
11.00331675
10.68958247
9.507656519
17.33977962
14.78127294
10.05162114
