0
0
0
0
0
0
0
0
0
0
0
0
0
0
0
0
0
0
0
0
0
0
0
0
0
0
0
0
0
0
0
0
0
0
0
0
0
0
0
0
0
0
0
0
0
0
0
0
0
0
0
0
0
0
0
0
0
0
0
0
0
0
0
0
0
0
0
0
0.1465598018
0.1542644635
0
0
0
0
0
0
0
0
0
0
0
0
0
0
0
0
0
0
0
0
0
0
0
0
0
0
0
0.2492116293
0.2258244388
0
0
0
0
0
0
0
0
0
0
0
0
0
0
0
0
0
0
0
0
0
0
0
0
0
0
0
0
0
0
0
0
0
0
0
0
0
0
0
0
0
0
0
0
0
0
0
0
0
0
0
0
0
0
0.1286541252
0.1590833261
0
0
0
0
0
0
0
0
0
0
0
0
0
0
0
0
0
0
0
0
0
0
0
0
2.651633501
1.257739735
0
0.2459135756
0.2980032575
0
0
0
0
0
0
0
0
0
0
0
0
0
0
0
0
0
0
0
0
0
0
0
0
0
0
0
0
0
1.670237709
2.487016513
0
0
0
0
0
0
0
0
0
0
0
0
0
0
1.321519792
2.635934048
0
0
0
0
0
0
0
0.2492618094
0.2633400854
0.2240145619
0
0
0
0
0
0
0
0
0
0
0
0
0
0
0
0
0
0
0
0.5318499336
0.4854816531
0
0
0
0
0
0
0
0
0
0
0
0
0
0
0
0
0
0
0
0
0
0
0
0
0
0
0
0
0
0
0.1868904984
0.1570609747
0
0
0
0
0
0
0
0
0
0
0
0
0
0
0
0
0
0
0
0
0
0
0
0
0
0
0
0
0
0
0
0
0
0
0
0
0.103038706
0.1930948696
0
0
0
0
0
0
0
0
0
0
0
0
0
0
0
0
0
0.1689526751
0.1676513386
0
0
0
0
0
0
0
0
0
0
0
0
0
0
0
0
0
0
0
0
0
0
0
0
0
0
0
0
0
0
0
0
0
0
0
0
0
0
0
0
0
0
0
0
0
0
0
0.1215675152
0.165888547
0
0
0
0
0
0
0
0
0
0
0
0
0.5928722058
0.6210594032
0
0
0
0
0
0
0
0
0
0
0
0
0
0
0
0
0
0
0
0
0
0.333154908
0.4891396294
0.2975873755
0.2801537112
0
0
0
0
0
0
0
0
0
0
0
0
0
0
0
0.1393864406
0.1651232977
0
0
0
0.2959576644
0.2487854044
0
0
0
0
0
0
0
0
0.110659303
0.1657845305
0
0
0
1.160360028
1.709542584
0
0.4699950743
0.4338044675
0
0
0
0
0
0
0.2109736199
0.2547959489
0
0
0
0
0
0
0
0
0
0
0
0
0
0
0
0
0
0
0
0
0
0
0
0
0
0
0
0
0
0
0
0
0
0
0
0
0
0
0
0
0
0
0
0
0
0
0
0
0
0.2454377335
0.2844357083
0
0
0
0
0
0
0
3.083392796
2.441966497
0
0.2098082581
0.2488241137
0
0
0
0
0
0
0
0
0
0
0
0
0
0
0
0
0
0
0
0
0
0
0
0
0
0
0
0
0
0
0
0
0
0
0
0
0
0
0
0
0
0
0
0
0
0
0
0
0
0
0
0
0
0
0
0
0
0
0
0
0
0
0
0
0
0
0
0
0
0
0
0
0
0
0
0
0
0
0
0
0
0
0
0
0
0
0
0.100436327
0.1166953089
0
0
0
0
0
0
0
0
0
0
0
0
0
0
0
2.694775861
1.124788137
0
0
0
0
0
0.1713046051
0.1666385414
0
0
0
0
0.2590637834
0.2661014254
0
0
0
0
0
0
0
0
0
0
0
0
0
0
0
0
0
0
0
0
0.1966047505
0.176103779
0
0
0
0
0
0
0
0
0
0
0
0
0
0
0
0
0
0
0
0
0
0
0
0.1950772708
0.1702540502
0
0
0
0
0.2078455816
0.2544496959
0
0
0
0
0
0.1298052209
0.1105364922
0
0
0
0
0
0
0
0
0
0
0
0
0
0
0
0
0
0
0
1.6705581
1.134033075
0
0
0
0
0
2.950686267
2.633947815
0
0.1781823863
0.1644149221
2.705094843
2.875930463
0
0
0
0
0
0.2709320828
0.2167321304
0
0
0
0
0
0
0
0
0
0
0
0
0
0
0
1.170206972
1.771195185
0
0
0
0
0
0
0
0
0
0
1.142069778
1.421586203
0
0
0
0
0
0
0
0
0
0
0
0
0
0
0
0
0
0
0
0
0
0
0
0
0
0
0
0
0
0
0
0
0
0
0
0
0
0
0
0
0
0
0
0
0
0
0
0
0
0
0
0
0
0
0
0
0
1.458731554
1.938214422
0
0
0
0
0
0
0
0
0
0
0
0
0
0
0
0
0
0
0
0
0
0
0
0
0
0
0
0
0
0
0
0
0
0
0
0
0
0
0
0
0
0
0
0
1.278508142
1.021430595
0
0
0
0
0
0
0
0
0
0
0
0.1050349527
0.1052765258
0
0
0
0
0
0
0
0
0
2.088514674
2.951557637
0
0.3593224964
0.315437506
0
0
0
0
1.738272388
1.714384668
0
0
0
0
0
0
0
0
0
0
0
0
0
0
0
0
0
0
0
0
0
0
0
0
0
0
0
0
0
0
0
0
0
0.2295932029
0.2663824475
0
0
0
0
0
0
0
0
0
0
0
0
0
0
0
0
0
0
0
0.1692011256
0.1457928994
0
0
0
0
0
0
0
0
0
0
0
0
0
0
0
0
0
0.3339774146
0.3253888828
0
0
0
0
0
0
0
0
0
0
0
1.688183236
2.041087675
0
0
0
0
0
0
0
0
0
0
0
0
0
0
0
0
0
0
0
0
0
0
0
0
0
0
0
0
0
0
0
0.1226521626
0.1613970306
0
0
0
0
0
0
0
0
0
0
0
0
0
0
0
0
0
0
0
0
0
0.2965302724
0.2050416774
0
0
0
0
0
0
0
0
0
0
0
0
0
0
0
0
0
0
0
0
0
0
0
0
0.2890384321
0.2576881201
0
0
0
0
0
0
0
0
0
0
0
0
0
0
0
0
0
0
0
0
0
0
0
0
0.1252858118
0.1577631754
0
0
0
0
0
0
0
0
0
0
0
0
0.1359208747
0.1823552227
0
0
0
0
0
0
0
0
0
0
0.1977283823
0.1242353695
0
0
0
0
0
0
0
0
0
0
0
0
0
0
0
0
0.166331071
0.1839099699
0
0
0
0
0
0
0
0
0
0
0
0
0
0
0
0
0
0
0.4393377976
0.4450652781
0
0
0
0
0.1550660459
0.11531445
0
0
0
0
0
0
0
0
0
0
0
0
0
0
0.1728116437
0.160025141
0.1731250589
0.1769746623
0
0
0.6648167523
0.6522441901
0
0
0
0
0
0
0
0
0
0
0
0
0.4951203838
0.3130553515
0
0
0
0
0
0
0
0
0
0
0
0
0
0
0
0
0
0
0
0
0
0
0
0
0
0
0
0
0
0
0
0
0
0
0
0
0
0
0
0
0
0
0
0
0
0
0
0
0
0
0
0
0
0
0
0
0
0
0
0
0
0
0
0
0
0
0
0
0
0.1341641113
0.1648464557
0
0
0
0
0
0
0
0
0
0
0
1.910789811
2.036030698
0
0
0
0
0
0
0
0
0
0
0
0
0
0
0
0
0
0
0
0
0
0
0
0
0
0
0
0
0
0
0
0
0
0
0
0
0
0
0
0
0
0
0
1.014926281
1.845373239
0
0
0
0
0
0
0
0
0
0
0
0
0
0
0
0
0
0
0
0
0
0
0
0
0
0
0
0
0
0
0
0
0
0
0
0
0
0
0
0
2.436136322
1.885387404
0
0
0
0
0
0
0
0
0
0
0
0
0
0
0
0
0
0
0
0
0
0
0
0.4643678646
0.4292619867
0
0
0
0
0
0
0.4887548241
0.3007660581
0
0
1.080138173
2.968643958
0
1.766962245
1.304456428
0
0
0
0
0
0
0
0.1050322933
2.439708458
1.568576578
0
0
0
0
0
0
0
0
0
0
0
0
0
0
0
0
0
0
0
0
0
0
0
0
0
0
0
0
0
0
0.1187346791
0.1032470772
0
0
0
0
0
0
0
0
0
0
0
0
0
0
0
0.1743352896
0.1723330304
0
0
0
0
0
0
0.3476249687
0.4876895281
0
0
0
0
0
0
0
0
0
0
0
0
0
0
0
0
0
0
0
0
0
0
0
0
0
0
0
0
0
0
0
0
0
0
0
0
0
0
0
0
0
0
0
0
0
0
0
0
0
0
0
0
0
0
0
0
0
0
0
0
0
0
0
0
0
0
0
0
0
0
0
0
0
0
0
0
0
0
0
0
0
0
0
0
0
0
0
0
0
0
0
0
0
0
0
0
0
0
0
0
0
0
0
0
0
0
0
0
0
0
0
0
0
0
0
0
0
0
0
0
0
0
0
0
0
0
0
0
0
0
0
0
0
0
0
0
0
0
0
0
0
0
0
0
0
0
0
0
0
0
0
0
0
0
0
0.2063601436
0.2551687968
0
0
0
0
0
0
0
0
0
0
0
0
0
0
0
0
0
0.1136056234
0.1836078901
0
0
0
0
0.1154786035
0.1301175587
0
0
0
0
0
0
0
0
0
0
0
0
0
0
0
0
0
0
0
0
0
0
0
0
0
0
0
0
0
0
2.746782916
1.789980541
0
0
0
0
0
0
0
0
0
0
0
0
0
0
0
0
0
0
0
0
0
0
0
0
0
0
0
0
0
0
0
0
0
0
0
0
0
0
0
0
0
0
0
0
0
0
0
0
0
0
0
0
0
0
0
0
0
0
0
0
0
0
0
0
0
0
0
0
0
0
0
0
0
0
0
0
0
0
0
0
0
0.3538239505
0.4606266178
0
0
0
0
0
0
0
0
0
0
0
0
0
0
0
0
0
0
0
0
0
0
0
0
0
0
0
0
0
0
0
0
0
0
0
0
0
0
0
0
0
0
0
0
0
0
0
0.2336450352
0.2211208259
0
0
0
0
0
0
0
0
0
0.1442735928
0.1948916218
0
0
0
0
0
0
0
0
0
0
0
0
0
0
0
0
0
0
0
0
0
0
0
0
0
0
0
0
0
0
0
0
0
0
0
0
0
0
0
0
0
0
0
0.2313182051
0.2178841069
0
0
0
0
0
0
0
0
0
0
0
0
0
0
0
0
0
0
0
0
0
0
0
0
0
0
0
0
0
0
0
0
0
0
0
0
0
0
0
0
0
0
0
0
0
0
0
0
0
0
0
0
0
0
0
0
0
0
0
0
0
0
0
0
0
0
0
0
0
0
0
0
0
0
0
0
0
0
0
0
0
0
0.2901916108
0.2397186886
0
0.2245279305
0.2448407841
0
1.67001714
1.414565045
0
0
0.124599974
0.1532086824
0
0
0
0
0
0
0
0
0
0
0
0.2947732804
0.2126370142
0
0
0
0
0
0
0
0
0
0
0
0
0
0.3506796215
0.4010056092
0
0
0
0
0
0
0
0
0
0
0
0
0
0
0
0
0.3060993096
0.3263620747
0
0
0
0
0
0
0
0
0
0
0
0
0
0
0
0
0
0
0
0
0.1003020871
0.124793245
0
0
0
0
0
0
0
0
0
0
0
0
0
0
0
0
0
0
0
0
0
0
0
0
0
0
0
0
0
0
0
0
0
0
0
0
0
0
0
0
0
0
0
0
0
0
0
0
0
0
0
0
0
0
0
0
0
0
0
0.2973692135
0.223063864
0
0
0
0
0
0
0.2772873936
0.2338969926
0
0
0
0
0
0
0
0
0
0
0
0
0
0
0
0
0
0
0
0
0
0
0
0
0
0
0
0
0
0
0
0
0
0
0
0
0
0
0
0
0
0
0
0
0
0
0
0
0
0
0
0
0
0
0
0
0
0
0
0
0
0
0
0
0
0
0
0
0
0
0
0
0
0
0
0
0
0
0
0
0
0
0
0.1927791479
0.1932133915
0
0
0
0
0
0
0
0
0
0
0
0
0
0
0.1720586419
0.1765763321
0
0
0
0
0
0
0
0
0
0
0
0
0
0.4773179192
0.4503359534
0
0
0
0
0
0
0
0
0
0
0
0
0
0
0
0
0
0
0
0
0.1091482958
0.1513875835
0
2.708691966
2.373535591
0
0
0
0
0
0
0
0
0
0
0
0
0
0
0
0
0
0
0
0
0
0
0
0
0
0
0
0
0
0
0
0
0
0
0
0
0
0
0
0
0
0
0
0
0.1782395809
0.1530750602
0
0
0
0
0
0
0
0
0
0
0
0
0
0
0
0
0
0
0
0
0
0
0
0
0
0
0
0
0
0
0
0
0
0
2.747119204
1.864542576
0
0
0
0
0
0
0
0
0
0
0
0
0
0
0
0
0
0
0
0
0
0
0
0
0
0
0
0
0
0
0
0
0
0
0
0
0.2874505295
0.2749217165
0
0
0
0
0
0
0
0
0
0
0
0
0
0
0
0
0
0
0.2938585596
0.205389829
0
0
0
0
0
0
0
0
0
0
0
1.825526146
2.528491242
0
0
0
0
0
0
0
0
0
0
0
0
0
0
0
0
0
0
0
0
0
0
0
0
0
0
0
0
0.1589834394
0.1200616371
0
0
0
0
0
0
0
0
0
0
0
0.2012179835
0.7260495402
0.4161239521
0
0
0
0
0
0.228935241
0.2253501016
0
0
0
0
0
0
0
0
0
0
0
0
0
0
0
0
0
0
0
0
0
0
2.165107674
1.14201356
0
0
0
0
0
0
0
0
0
0
0
0
0
0
0
0
0
0
0
0
0
0
0
0
0
0
0
0
0
0
0
0
0
0
0
0
0
0
0
0.1287330333
0.116189561
0
0
0
0
0
0
0
0
0
0
0
0
0
0
0
0
0
0
0
0.2330887088
0.2269796058
0
0
0
0
0
0
0
0
0
0
0
0
0
0
0
0
0
0
0
0
0
0
0
0
0
0
0
0
0
0
0
0
0
0
0
0
0
0
0
0
0
0
0
0
0
0
0
0
0
0
0
0
0
0
0
0
0
0
0
0
0
0
0
0
0.1705619804
0.1577341725
0
0
0
0
0
0
0
0
0
0
0
0
0
0
0
0
0
1.117592033
2.823095711
0.4090976296
0
0
0
0
0
0
0
0
0
0
0
0
0
0
0
0
0
0
0
0
0
0
0
0
1.657690576
2.306977864
0
0
0
0
0
0
0
0
0
0
0
0
0
0
0
0
0
0
0
0.1889735335
0.1700306354
0
0
0
0
0
0.2292290173
0.2655777302
0
0
0
0
0
0
0
0
0
0
0
0
0
0
0
0
0
0
0
0
0
0
0
0
0
0
0
0
0
0
0
0
0
0
0
0
0
0
0
0
0
0
0
0
0
0
0.1201699963
0.1429745381
0
0
0
0
0
0
0
0
0
0
0
0
0
0
0
0
0
0
0
0
0
0
0
0
0
0
0
0
0
0
0
0
0
0
0
0
0
0
0
0
0
0
0
0
0
0
0
0
0
0
0
0
0
0
0
0
0
0
0
0
0
0
0
0
0
0
0
0
0
0
0
0
0
0
0
0
0
0
0
0
1.559188741
2.405649483
0.2209486223
0
2.54430501
2.856017484
0
0
0
0
0
0
0
0
0
0
0
0
0
0.1494042867
0.1055217627
0
0
0
0
0
0
0
0
0
0
2.763975181
1.742348241
1.150709793
2.916697167
1.870023855
0
0
0
0
0
0
0
0
0.1141828829
0.1003745095
0
0
0
0
0
0
0
0
0
0
0
2.246515019
2.332610646
2.093027417
1.410515059
2.5102861
0
0
0
2.607503949
2.105951172
1.977122321
1.227876366
1.167903323
1.679129691
1.621692311
2.907312902
2.567245485
2.319848591
0
0
0
0
0
0.1532157485
0.1107156697
0
0
0
0
2.035296178
1.334735062
2.956913344
1.750081397
1.213851205
0
1.987597791
2.747996023
2.774582004
1.021931832
2.77259149
0
0
0
0
0
0
0
0
0
0
0
0
0
0
0.1391727764
0.1589271761
0
0
0
0
0
0
0
0
0
0
0
0
0
0
0
1.542968435
1.205513318
2.81310297
2.727733512
2.19246216
0
0
0
0
0
0
0
0.1774721623
2.719295635
3.224814931
2.780758137
2.981354215
2.105494895
0
0
0
0
0
0
0
0
0
0
0
0
0
0
0
0
0
0
0
2.935294186
1.775132677
2.22614462
1.426923032
1.852779789
2.878961775
1.857127676
1.716735265
0
0
0
0
0
0
0
0
2.077074562
2.142683955
2.263982688
3.052704389
2.368688874
0
0
0
0
0
0
0
0
0
0
0
0
0
0.3432981135
0.3527145902
0
0
0
0
0
0
0.1977632337
0.1004644483
0
2.63496187
2.067441323
1.676961021
2.315901656
2.43544451
0
0
0
0
0
2.116097951
1.113229946
1.33976575
1.570595442
1.565251212
0
0
0
0
0
2.346841601
1.036697323
2.853069062
1.983697636
1.620043692
0
2.055819656
1.431851202
2.698844539
2.231687789
1.584659032
2.084265469
2.65442252
0
0
0
0
0
0
0
0
0
0.1873668656
0.1307325181
0.1938588858
0.1316945289
0
0
0
0
2.946521487
2.786277437
1.684865617
2.996395759
1.007009327
0
0
1.055259512
2.946520018
1.645905581
1.121538537
1.474296147
0
0
0
0
0
0
0
1.852200308
2.461132541
2.248671053
1.475242435
2.006540896
0
0
0
0.1654306322
0.108003257
2.852428211
2.630015554
1.64637957
2.964529123
2.417240801
0
0
0
0
0
0
0
0
0
0
1.124898711
1.070321427
1.336815898
2.455711736
1.367477852
0
0
0
0
0
0
0
0
0
0
0
0
0
0
0
0
0
0
0
0
0
0
0
0
0
0
0
0
0
0
0
0
0
0
0
0.1738652651
0.1958786644
0
0
0
0
0
0
0
0
0
0
0
0
0
0
0
0
0
0
0
0
0
0
0
0
0
0
0
0
0
0.3816533548
0.3619361129
0
0
0
0
0
0
0
0
0
0.1862271729
0.1167892692
0
0
0.1326820306
0.117245184
0
0
0
0.2455882588
0.2953254856
0
0
0
2.664978949
2.761164886
0
0
0
0
0
0
0
0
0
0
0
0
0
0
0
0
0
0
0
0
0
0
0
0
0
0
0
0
0
0
0
0.1601308364
0.1712187982
0
0
0
0
0
0
0
0
0
0
0
0
0
0
0
0
0
0
0
0
0
0
0
0
0
0
0
0
0
0
0
0
0
0
0
0
0
0.3594234316
0.4928678934
0.1539506574
0
0
0
0
0
0
0
0
0
0
0
0
0
0
0
0
0
0.4769606162
0.444759046
0
0
0.2850452918
0.2145232869
0
0
0
0
0
0
0
0
0
0
0
0
0
0
0
0
0
0
0
0
0
0
0
0
0
0.2029780787
0.2933524313
0
0.4339446016
0.4597498298
0
0
0
0
0
0
0.169092057
0.1421339817
0
0
0
0
0
0
0
0
0
0
0
0
0
0
0
0
0
0
0
0
0
0
0
0.185401553
0.1771549935
0
0
0
0
0
0
0
0
0
0
0
0
0
0
0
0
0
0
0.3514229326
0.4236085624
0
0
0
0
0
0
0
0
0
0
0
0
0
0
0
0
0
0
0
0
0
0
0
0
0
0
0
0
0
0
0
0
0
0
0
0
0
0
0.2433727063
0.2457299798
0
0
0
0
0
0
0
0
0
0
0
0
0
0
0
0
0
0
0
0
0
0
0
0
0
0
0
0
0
0
0
0
0
0
0
0
0
0
0
0
0
0
0
0
0
0
0
0
0
0
0.1831138964
0.1348697895
0
0
0
0
0
0
0
0
0
0
0
0
0
0
0
0
0
0
0
0
0
0
0
0
0
0
0.1400149554
0.1894054613
0
0
0
0
0
0
2.87452409
2.172535686
0
0
0
0
0
0
0
0
0
0
0
0
0
0
0
0
0
0
0
0
0
0
0
0
0
0
0
0
0
0
0.2550944194
0.2105582713
0
0
0
0
0
0
0.2991401863
0.2244136821
0
0
0
0
0
0
0
0
0
0
0
0
0
0
0
0
0
0
0
0
0
0
0
0
0
0.1496623814
0.1544253909
0
0
0
0
0
0
0
0
2.398386396
2.05035158
0
0.1956498125
0.1886726383
0
0
0
0
0
0.1169466709
0.147321503
0
0
0
0.382969594
0.4069319133
0
2.66947591
1.066266924
0
0
0.1971296227
0.1372366298
0
0
0
0
0
0
0
0
0.1371573109
0.1195030232
0
0
0
0
0
0
0.3040389846
0.3317196012
0
0
0
0
0
0
0
0
0
0
0.4283373016
0.4433953802
0
0
0
0
0
0
0
0
0
0
0.2198552404
0.2526802919
0
1.536756731
1.939296713
0
0
0
0
0
0
0
0
0
0
0
0
0
0
0
0
0
0
0
1.153207233
2.411813339
0
0
0
0
0
0
0.1114323114
0.1740304791
0
0
0
0
0
0
0
0
0
0
0
0
0
0
0
0
0
0
0
0
0
0
0
0
0
0
0
0
0
0
0
0
0
0
0
0
0
0
0
0
0
0
0
0
0
0
0
1.70150643
1.429792867
0
0
0
0
0
0
0
0
0
0
0
0
0
0
0
0
0
0
0
0
0
0
0
0
0
0
0
0
0
1.232925498
2.759533876
0
0
0
0
0
0
0
0
0
0
0
0
0
0
0
0
0
0
0
0
0
0
0
0
0
0
0
0
0
0
0.3578898389
0.4378568164
0
0
0
0
0
0
0
0
0
0
0
0
0.1876223293
0.1883777458
0
0
0
0
0
0
0
0
0
0
0
0
0
0
0
0
0
0
0
0
0
0
0
0.3676221841
0.4935508647
0
0
0
0
0
0
0
0
0.2778652151
0.2889997483
0
0
0
0
0
0
0
0
0
0
0
0
0
0
0.3203007717
0.3995493634
0
0
0
0
0
0
0
0
0
0
0
0
0
0
0
0
0.1108498345
0.1428350284
0
0
0
0
0
0
0
0
0
0
0.3856095584
0.3652046905
0
0
0
0
0
0
0
0
0
0
0
0
0
0
0
0
0
0
0
0
0
0
0
0
0
0
0
0
0
0
0
0
0
0
0
0
0
0
0
0
0
0
0
0
0
0
0
0
0
0
0
0
0
0
0
0
0
0
0
0.4291067982
0.3262111487
0
0
0
0
0
0
0
0
0
0
0
0
0
0
0
0
0
0
0.4433324836
0.4961184248
0
0
0.1464721956
0.1977615368
0
0
0
0
0.4609117429
0.4720033506
0
0
0
