21.59801104
19.32139205
21.39993814
18.37391568
18.1674988
20.01618073
18.23864889
19.5699592
21.58711247
18.96593214
20.8239031
19.20946157
18.17968022
20.22676233
21.33941396
19.63787379
20.46917531
21.60009439
21.15877805
18.7755056
20.93353584
20.0075721
20.98386723
19.9780622
18.51183266
20.27963779
19.96853597
20.07168693
21.51560981
21.57934819
19.81414843
19.82292817
20.06074784
20.07835711
21.80154858
20.59760187
19.10982798
20.12614719
20.50889433
20.55908688
20.34101691
18.71094462
18.13437276
19.35137221
19.71008862
18.24721696
21.25986935
19.37630975
21.65453098
18.61764043
18.22773983
19.92926442
18.75651735
21.7495971
18.04121359
19.6504787
21.70699109
19.53767283
18.37243712
19.21157977
19.99204158
18.74060675
19.86624682
21.34537278
21.49047188
18.19704294
18.64361343
19.10116054
20.3794634
19.44397904
21.37616365
20.86668747
18.40182409
20.49823001
18.4520505
19.02014268
18.71148253
18.6922478
20.4655821
20.25441969
18.70411261
21.96069122
19.68734693
18.38827731
18.48227607
20.33557485
21.91627761
20.28780441
21.79616591
19.7765314
19.74336441
20.00002944
20.78970183
19.47046387
21.45554413
18.11712554
19.75905678
20.0439674
20.42812895
19.10428765
19.70991988
19.938151
20.74763991
21.09417674
20.95130931
19.36633221
21.99780209
21.39466125
64.73631787
63.85343896
65.47068901
67.35189
72.77087155
71.78572679
72.77694728
64.89861676
69.27107263
65.05218725
62.68271499
70.50508931
72.05932199
80.20266926
79.89640601
82.41505586
72.00588746
81.9996119
85.34877168
83.0481788
81.50812342
80.1168063
76.38604864
81.17736261
83.08532747
81.61134869
84.23201133
78.70514088
73.49640313
80.45941314
75.78325228
77.68202398
71.84496663
77.65590151
84.43117279
80.19945652
72.07022026
79.42208012
76.57123049
79.54524151
78.38091344
86.80737351
72.57164618
82.83788329
85.51368583
87.24299997
74.75236901
80.40427578
72.67998585
79.96773953
73.98956767
85.38584927
73.80420278
80.19336274
80.3182561
87.52539683
82.45989598
76.58705938
75.83458429
74.03419882
84.10019858
83.04812
81.75410965
72.64995972
84.20122001
82.26625226
87.41802562
81.39132711
76.85954107
78.10057983
74.80986024
83.56261572
83.32274665
75.20967823
74.53511363
73.2313759
86.59078062
75.72839034
77.50587236
76.48733785
78.61723891
83.42397991
85.92870522
74.92086075
82.98243817
77.64084521
87.68826633
76.78255913
72.11494884
80.2500855
74.41155448
72.71177122
83.17214802
83.71598779
79.37103182
82.83000923
80.61180022
82.07678621
81.54723226
82.65313249
75.1940615
76.29927662
79.03938004
79.13801776
84.39055498
77.87826864
74.60005385
76.02342633
30.17428862
33.48261769
31.81016743
33.33523007
31.46379992
34.49430123
35.09452323
33.0869857
34.32839378
32.05076676
34.7815667
34.12214696
24.60316665
22.95145868
23.6508449
22.59204803
21.3208569
21.74930197
24.16514293
20.41064568
22.80982864
21.82872727
21.89238137
24.12287768
21.92925618
20.88485812
19.54987536
20.37946895
20.1043695
19.88041921
18.8530095
20.65659423
19.66830076
21.13866908
19.73945908
20.19804543
18.29684677
22.07560896
20.1265876
18.18381569
20.26171421
21.58452674
21.19144149
20.90348409
18.64693629
20.72997682
21.16630639
20.38706665
21.59170416
19.12630276
18.98678863
21.49889812
20.52127449
18.02307443
19.43116165
21.4519981
18.12666294
18.03028418
19.14339719
21.6767899
21.61005866
20.07890219
20.21682837
19.33174303
18.97858984
21.26496951
18.42871707
19.95324777
20.54153225
18.41825679
20.08228344
20.31398469
20.96998424
18.9393442
19.17331001
20.27808459
21.93250564
18.86997273
21.94361531
20.85737013
21.30432828
18.35856507
19.20168075
18.23094512
19.48618798
21.92515864
18.42109225
20.24949113
18.02428249
20.85073126
18.78877077
18.51833815
19.34807125
21.08417719
18.42645235
18.91935598
18.03385769
21.87365945
20.3685824
20.87959855
20.60553268
18.57745824
20.37975976
18.52566238
19.60494582
20.27585254
20.23552446
18.4762937
18.13774388
21.19293726
20.90368975
18.32727562
18.50966208
21.57033511
21.07651561
21.98464118
19.0159498
19.95121196
18.9458383
20.49120055
18.46165696
18.50897269
18.28755157
20.77434433
19.97629031
20.47092487
21.51720419
20.96131394
19.84689167
21.93742395
19.8250244
18.44980269
21.97061899
18.09128292
20.19953424
19.23638195
20.0142086
20.23485181
18.96038359
20.22743502
21.02424445
19.06603935
19.53370453
19.07297077
21.28223892
20.89992904
21.48478575
18.68019957
18.29431855
18.47753402
18.64407333
20.13233064
21.88364828
19.42894167
21.83403308
18.15280318
21.70748881
18.72461043
21.64989994
18.22490972
21.79287779
18.80319306
19.21085624
19.96376938
19.52288352
20.67011188
21.89923107
20.42570596
20.88594164
18.352021
20.51124972
19.81539911
21.54312943
19.5528444
20.71781658
18.91261491
19.03749013
19.50448972
19.21625415
19.01551536
61.8754944
72.57975011
62.07450082
73.26817101
62.90632929
62.08755962
68.85686479
68.03320838
67.88079014
69.01325885
65.10396984
70.21611012
77.63728245
75.03521861
82.66729035
81.13423142
75.94883251
82.99502803
84.12240804
78.17216447
73.17606203
84.05309427
72.7807237
70.59152847
76.77635339
83.12967274
86.25175107
81.70339093
86.70604025
73.03706583
72.53422732
81.17706878
86.93311399
79.5632797
72.38729815
75.08626151
75.82558648
77.31282721
72.61041695
86.37450927
80.15272429
82.63561082
72.98707567
72.77840847
81.28582417
86.09330008
80.35916516
85.94185263
84.95546616
73.19608929
75.21326407
82.5035651
79.07703908
76.63280073
78.67925414
79.10420477
86.54805949
73.63765526
76.45733778
80.58169282
83.16859854
82.08625629
87.06210462
84.72567577
80.90934564
75.43130219
79.21018543
83.09012739
85.40329524
87.35158651
81.68332327
80.4268492
72.28237685
73.15288283
74.49696478
72.87545929
78.41305905
77.38931378
82.19687743
80.56986825
81.53474941
79.55087155
76.44306052
87.24436749
73.38240566
87.02208891
76.97966095
80.20242914
73.74133558
73.13475667
78.87257574
83.866997
76.30968993
80.99741071
76.45825865
78.2176588
86.50310788
85.6934011
80.25624988
75.80966093
75.09091377
87.26536414
75.24343665
84.93066036
77.90349344
87.77052386
77.89046194
77.62423619
32.87976091
34.95370085
35.04773475
33.32611294
33.62947428
32.4057677
33.63695827
34.30258321
31.91100381
32.76711219
32.23882066
32.39980571
24.14741331
21.75316221
21.09266328
22.20413368
21.0922205
22.39283268
24.20771498
22.92610091
23.99233787
20.90453417
24.19591237
22.85600524
18.56208787
21.02525499
22.32892166
18.75626781
20.81774006
22.18180009
18.47171119
21.01621909
20.37719954
19.85326801
21.00238921
18.64786756
21.11311094
18.10440387
19.32003609
20.11191051
19.60172778
19.32220723
21.42569256
21.84367903
21.59802597
20.18615588
21.6400326
21.78752675
19.65580505
19.15215186
18.41071815
19.93548739
21.80610145
20.26306399
20.69009184
18.46924874
18.59190976
19.87695662
21.82599204
19.46180397
21.51406607
18.48470275
20.47199869
20.40636918
21.44361538
18.01672536
18.76332853
18.88237522
21.80404992
18.61834866
18.15133379
20.14171244
20.11423385
21.37618786
21.7954386
20.15418177
21.71997673
20.90063661
19.05823651
21.71368284
20.6697727
19.65638373
20.72096834
19.60525131
18.45673507
20.87591499
21.29635045
20.9152248
18.91645867
21.82654005
18.10101825
19.33074119
19.04036974
18.19250491
19.62291877
20.49245936
21.53021145
21.95875886
21.23235835
19.87472207
20.8948177
21.37449515
19.86122879
21.14021774
19.93060967
19.54598396
20.10436335
20.70341895
20.90752823
19.42694508
20.28528101
21.6394835
21.9052516
18.90899236
18.77132466
20.70674253
19.65873554
18.09688935
19.38744748
21.22697897
21.18970772
19.9787406
19.89031174
20.31802977
18.87758684
20.1041745
18.04418544
19.90223822
19.34420419
20.69947842
20.55341434
19.52334352
18.02909193
19.00909452
20.5333914
18.28949337
18.43056969
20.5881401
21.0230696
19.28619883
19.95869226
21.78284546
21.78217425
19.2300111
21.2399515
20.37577621
21.90193797
19.91045428
21.09882747
21.07254852
19.98973147
21.18252046
19.04416133
18.48901215
19.70065498
21.77452263
20.00297843
20.54103655
20.49664982
18.53029147
19.56118753
20.82775589
21.88796039
18.67207095
19.64176756
18.3803752
18.96950584
19.50703737
20.16257299
18.92226753
18.91025064
21.11131992
21.85056665
19.29445187
20.75196807
19.03232185
21.71180902
20.69160944
21.21070742
18.19741617
69.33968117
68.37552771
65.18475793
64.7690478
69.08833731
70.80820464
61.6511495
68.91666151
63.51824959
63.10893315
69.67442504
65.42783359
76.68246122
75.42718152
79.90217969
77.13625877
84.79287843
75.30898042
81.32921296
73.83318065
77.735848
78.41588255
74.94777604
77.16203381
76.00964746
71.66343643
74.99767059
82.7018206
83.82939594
76.0243464
78.05751585
72.16226346
75.33824838
83.96070348
81.20560564
74.84057438
76.02772904
84.96674977
75.25493283
77.25370779
82.53058338
80.88062481
79.27867458
86.29218243
75.42474896
83.76208299
74.45556742
81.75351925
85.90935382
79.30739022
83.56865082
85.10586334
74.15862046
83.27323995
86.69664419
81.20243649
74.9599612
74.01331305
76.1374879
73.63853481
80.21045486
73.11176539
75.57084642
79.03477325
79.57881604
81.04248554
83.28584149
72.75216596
73.28641732
72.97024369
78.76662407
72.66607898
83.93649447
75.56727744
87.02656443
79.78169417
79.14045228
84.48780799
83.409663
81.71616017
86.96151246
78.75539212
84.93569142
78.08073755
85.41336679
76.15144785
76.62812604
82.84575348
75.40326794
75.66632171
76.88405125
82.86270122
86.23004392
82.79292346
85.24486424
80.6968145
73.10274347
73.60743112
80.8702406
77.24478584
75.52906018
79.46008032
82.66391611
78.15984115
84.84064354
83.81633976
83.75860595
87.76300133
30.68946596
32.92623743
34.2750548
32.50895014
33.85280743
31.45248795
32.57913836
29.15625932
35.10890594
33.92011177
34.36037146
33.243477
20.993503
20.29900631
24.03366028
21.93556013
21.34211347
22.67629361
22.04562417
23.07946239
22.32739246
23.28360319
23.98333493
21.03609426
19.78135684
20.2211964
22.37259113
19.92840624
19.99298474
21.1086232
20.14904177
22.32821219
22.09574378
20.53492211
21.07299911
18.66969296
20.88268009
20.9287817
19.53009376
18.9693494
21.76428306
19.80141229
20.71377553
18.22035505
19.75061871
21.37112656
19.64414541
20.51062528
18.85750904
19.68498204
21.73139299
20.28526216
21.62846924
21.62882094
21.79749672
21.60228493
18.03041711
21.75692617
18.56764559
18.17713831
18.22505267
19.39938875
20.48714912
19.61300976
18.10569276
19.90975247
19.77231852
21.03143432
19.12212233
18.87374776
19.02740839
19.21864856
20.39665949
19.88610194
19.34757826
19.49725663
19.48369464
21.88962678
18.93198795
21.27224624
20.83284335
18.02228002
21.97270487
21.02575748
20.72979835
19.62129883
20.22081236
19.01308358
18.14193362
21.34408663
21.58593797
18.64988255
21.14822438
20.96461069
18.71350001
19.68731521
19.69103168
21.03985703
21.35064362
18.37910049
20.25187694
21.04699399
21.14476238
18.5919741
20.10202057
21.43023483
19.27407431
19.7004676
21.21743405
18.35727808
21.43797316
19.24462687
18.00580127
18.93663658
18.35800256
18.36953963
20.77134294
18.85590534
21.73896945
20.06577819
19.84039303
19.73713407
20.77035056
19.80905105
18.51440142
21.52068872
19.7135814
18.2960183
20.11746395
20.58938743
19.10232986
21.20136163
20.67910338
20.60136468
19.68329981
21.84766121
19.09675667
20.310822
19.23622063
20.97921901
18.19116594
18.18357547
21.24344388
19.73707264
19.36472022
20.43010745
20.80759738
18.80480539
18.74172497
21.83260299
20.35865723
19.56046591
21.20576678
20.10063584
18.96665124
18.82694122
19.58743706
21.43958344
18.24579166
18.874104
21.57260728
18.48693828
20.51850287
18.85404547
20.42346739
19.53241667
18.40670759
20.32990027
20.73217099
20.72109048
20.54813764
20.00089912
20.07789047
20.54256044
20.76103745
20.61950696
20.34778226
18.62335594
18.84246615
19.04089608
73.70739854
71.52777325
68.71898875
64.62797423
62.70812472
73.42312547
73.34025782
62.7054601
72.04214666
67.27437294
65.60595029
71.25182169
79.37439448
81.94606727
70.99358392
74.78447055
74.79579752
74.95776799
77.63848762
74.23237422
76.73683363
75.54790825
81.25179467
79.20633235
81.96332249
74.91712625
76.74478644
71.90461528
73.29159134
75.78342251
72.60913502
81.1522657
87.44226136
73.17136516
84.6288453
73.4576536
82.61936195
82.19177302
86.33973879
73.73454206
76.95465492
73.36433319
78.42391145
86.48158819
84.40296517
83.46612193
80.43180595
86.03240895
79.17206292
74.37711588
85.38086724
76.45585944
72.8406507
73.9988445
81.72532387
81.69370023
76.14465163
83.61481
84.35799171
86.70722729
81.35509475
84.46671923
84.0455605
76.12129078
76.95992059
79.65189486
72.30115286
76.75467997
79.57830603
73.72556973
74.01686122
79.40797601
83.69463703
85.33916363
80.74024725
79.59521968
78.14773887
75.08646304
74.34427833
84.66953039
79.43934349
84.64431133
83.26452923
75.10161365
80.16476231
79.10411421
78.78182484
80.68098188
87.71314201
85.00624635
86.4592329
72.47409418
74.24523932
73.35607772
76.21154975
79.07012806
82.27282037
80.01326954
86.45090944
87.03766192
74.61630657
85.64657384
79.70752466
79.25324111
84.55899711
73.49021992
86.11985697
82.7337819
34.40166768
35.16464975
32.11522233
29.39687242
29.86574699
30.87115083
29.46273317
34.01818116
30.69994835
35.04566487
33.29657877
29.90994863
22.29266984
22.25164009
22.366451
22.55989521
20.2996543
23.23462777
22.34261793
23.70352369
23.81276478
21.19279618
20.37693368
23.3104864
22.43691611
20.26151087
19.49537383
19.07372785
19.60937693
19.77515825
20.16819071
21.11654732
19.55087564
18.6408006
19.96094895
21.93665864
20.08937434
21.96405883
20.11055561
19.19529248
18.86336757
20.87783281
20.24222361
20.51399245
21.12140554
21.00395115
18.26068573
21.31209695
20.1501388
19.58561827
20.16942177
20.4694376
18.61587933
19.68854445
19.36091348
19.42026134
18.38297047
18.65726774
18.6652297
19.51161215
21.58210915
18.82772371
19.66854566
19.25013298
21.15359396
18.20400022
18.78978053
18.84618394
21.97606979
20.28699443
18.55939578
19.0924616
18.67128838
18.49841828
21.18872811
19.98301051
20.52484055
19.32500499
20.21478034
19.03027613
19.2321451
20.60895178
18.6014005
20.46888744
21.40893927
18.4816929
21.58984512
18.31778272
19.39563691
20.44203726
20.23765904
18.38556429
21.19565267
21.89261317
18.72491316
21.58052388
20.22723777
21.74373509
18.70434383
21.16808557
18.2391263
21.53278579
20.69663769
19.48101914
18.76186729
21.26613239
20.41296529
19.44166341
19.7753433
21.30617062
19.35570877
18.35853071
21.64512869
19.54937496
19.39355004
18.81759848
21.58969028
18.87002133
20.54669147
21.52306005
18.13965446
21.31516682
19.64239769
20.6318983
19.48961825
20.78206503
19.01717966
18.08772217
21.79115006
18.06547106
21.29639716
18.67655037
19.56888091
21.28996951
18.8237286
21.46283042
19.99103576
19.46461385
20.64975099
19.36555889
19.38915344
20.93410556
19.2393289
18.80309059
21.23058451
21.22148413
19.99034281
20.10662246
20.7843065
20.03709717
19.66815984
21.97957677
18.59056171
20.37091192
21.5434521
20.74886016
21.5236932
19.34533888
19.08797191
21.40508955
19.5764583
20.83872929
18.59099431
21.0233525
20.1959306
19.07444656
19.97801586
20.7877745
18.04754564
20.54986824
20.16636311
18.88114467
21.0119243
19.21384394
19.10744373
19.8848734
20.70459871
21.7153839
18.56542897
19.58587248
62.11105846
71.51629017
67.2891673
70.81423624
65.58184417
72.68271448
68.47366186
74.03306638
62.27187909
68.19416481
71.62379135
69.36207601
70.19997306
84.93069629
74.46905252
73.70879249
77.37744127
78.25429383
81.7327919
75.94360717
76.66818504
78.1425779
75.96088779
84.03378619
85.10631128
78.80390165
71.57109909
85.89646222
73.54544886
75.45672545
73.99115387
74.42778683
84.33696436
80.78439093
86.77373747
75.24903666
79.67443434
87.53368728
85.12082851
83.55746144
74.9335749
84.20931383
77.46796871
80.39200404
81.64848351
81.6517196
83.5240263
82.4881288
73.07639152
79.2985162
82.60451586
76.7174711
76.99042486
73.97532242
78.67895229
87.76821752
76.54673415
80.48366957
83.87166201
72.1986245
86.40288542
78.18105009
85.90173231
72.61967663
74.32704896
77.15676757
77.52366705
85.56060046
72.17575324
82.25384005
74.09744213
85.16736218
84.45636147
79.99796845
75.40227174
82.1511376
74.49941788
75.03966029
82.02625098
87.85881168
86.25614533
81.48893542
80.61581438
87.97331353
80.75819931
78.72171321
86.55272239
75.7468033
73.56027461
82.14528283
73.53345296
77.97022689
78.77708692
80.76045401
87.86638403
75.53556254
78.0120721
74.11581353
81.72178504
83.6427388
79.71319856
75.93327113
81.93418084
80.62649261
74.73894287
78.49088027
78.96312314
87.72185038
34.23542275
33.49996661
34.48816634
33.50709376
34.58176523
29.14913434
31.71881765
33.5801429
32.53308685
29.92105771
30.97914341
30.83375008
21.330833
21.69724609
22.4665415
23.98981192
23.48430504
23.90191736
24.11854345
22.02435284
21.71019656
20.41815163
24.32860113
20.454886
21.46769081
19.98073138
22.31820578
20.15068964
21.77682755
19.58975396
19.65706715
20.87124725
22.5197366
20.55197638
22.26711991
21.65247904
21.2851378
19.83861034
19.63999056
18.85777209
21.96067269
21.94239475
21.08901459
19.2770978
19.07182556
22.05982223
18.35384884
21.47685355
19.44047695
19.69436733
21.34838538
18.38003997
19.43531872
21.82903287
20.81622805
21.03993562
21.05021001
18.25979291
18.83089068
19.98421947
19.47633967
19.64742075
21.12984566
18.06218421
20.64593096
18.00389701
18.25573853
19.63691404
21.36789593
18.58355042
20.22236758
20.717998
18.91813154
20.04932102
21.64562913
20.0489141
18.62929225
20.51125719
20.36880072
18.10781904
18.36237762
18.62712542
18.54515631
19.03786308
19.81642129
19.48686519
21.56259957
20.44843764
21.5045774
20.1081573
18.35948188
19.8531498
21.28813019
18.77641507
18.36485712
19.31773895
19.55559132
19.22503071
18.54096314
19.00335944
20.72912962
19.54371407
20.53019778
20.14521512
20.19621176
18.99419823
20.08617213
18.09437886
19.72697497
20.29049129
18.72798249
19.02623403
18.87812408
18.28223182
19.39142928
21.91586307
19.41552163
19.84214649
20.612349
20.593991
21.79957992
21.43025656
21.17580275
21.8065089
18.92306154
20.46821678
21.54878707
20.49655263
21.9096819
18.40141086
19.75732201
21.90945163
19.51827211
20.9582255
18.1216116
20.77934846
21.73850693
19.53082514
18.08519935
18.11163922
21.56809322
20.89006443
18.42674554
18.21836111
21.21930145
21.23944253
18.48208736
19.20608162
21.12010426
20.10164828
21.82633944
19.92425058
20.70783175
20.03913346
21.77186198
19.59463637
18.91918582
19.30653544
21.41110082
19.99175425
19.41700921
20.17704009
18.53291883
18.02143722
19.12233873
20.42002288
20.84672308
21.30644387
21.70665424
19.64844939
20.9620672
18.29869172
18.23012
18.49919197
19.79427639
18.84512575
19.14769977
20.59152069
19.43408872
20.22948623
66.80869109
63.49798188
62.20667187
64.41274834
61.98472639
69.61312265
72.02175938
65.82047445
66.46471035
72.30019845
64.22753561
62.82057961
77.61735318
79.86887143
79.14663668
80.91930966
70.72077835
76.48568903
73.54261453
81.62156195
83.38477711
74.2063307
71.31778459
73.77320197
73.22215101
76.69580213
80.12751019
87.0534219
77.91958453
75.06751495
74.22081488
74.32002444
74.63107355
83.69109473
72.53858472
87.43069265
80.26654668
80.61150029
77.62775683
82.94443285
79.44784949
77.17226258
76.1507238
86.70624681
76.56384524
78.8875134
77.51233588
73.29080661
74.95695632
75.01402392
83.07844862
78.48652527
84.49119825
83.32321242
75.05477879
80.98722912
83.86640877
82.10897589
81.58068007
83.81365409
72.90499222
83.69873343
76.35881881
81.14606087
75.87323782
85.41698094
79.6851246
82.28310961
84.70124684
86.32090048
83.70897533
74.37672696
85.67169546
81.89646044
81.75041132
86.74061624
75.98057547
75.8326739
80.21032685
84.01300253
79.15509144
82.14147367
79.23963488
81.76540993
85.15603334
74.88748335
83.12589694
84.5986494
79.15363054
77.17158906
72.21657053
84.75351763
77.24687023
77.71680229
77.37595005
79.97967573
83.23996121
84.34977771
78.28110147
82.60960084
83.53091593
76.75064783
73.54591527
86.31461839
82.83382374
82.36973491
72.94241223
85.08593625
32.42274037
34.2264537
35.03718485
34.92543535
34.27896524
28.87005765
34.46864751
29.28039319
34.24763483
30.59310817
32.70443109
29.0436311
23.6148927
20.66044229
21.9998818
23.82215678
23.27516223
20.18707017
21.96558365
20.34783416
23.17727811
24.5008879
23.09556919
21.16518733
19.88703426
22.43236041
19.34971845
20.73202283
20.07225856
21.5790192
21.98482619
19.82806924
21.13698325
20.68089912
19.5725084
19.54586929
20.25126827
18.7053683
21.34520708
18.3637442
18.46651373
19.46187593
18.56103435
19.99833348
19.69277729
20.98749788
21.91671425
21.11510261
18.73576373
21.76295753
19.58731951
19.91585832
19.70520379
19.14054538
21.60089411
19.34751125
20.33388768
18.97833606
21.20984341
21.11704755
19.18893212
20.73019572
20.81949071
20.25393367
20.40631079
20.30171573
18.33097649
20.68503214
19.88291682
19.75762186
21.44411335
18.09638069
19.00525967
18.485614
18.14136418
19.10270799
21.95390509
19.08091669
20.65482328
18.47319556
20.40739052
21.93792593
19.16735009
21.39230247
21.99028552
20.35421635
19.2376044
20.69412504
21.37939283
18.68540097
19.81006306
19.27675084
19.13343599
21.44328504
19.68661603
19.35630537
20.41404217
18.87760632
18.91957396
20.08115492
19.63709091
19.17992954
18.21580453
20.08309695
21.26643682
21.40550882
18.94175992
20.39856482
21.42352524
19.63490371
21.72854727
21.61191412
18.83253559
19.03585933
18.72176799
18.78421741
21.63144835
21.72455164
18.20758896
20.37441342
20.25692625
19.56219059
20.52679037
21.7894713
18.68101953
18.48164364
18.13356228
19.45533323
19.35051391
19.72327875
20.01324012
21.03129598
19.56845356
19.32245244
21.30751528
21.39918668
18.93106386
19.25868729
21.30046548
18.31763298
19.30338712
19.79340043
18.74828646
18.71965679
19.69944823
21.0180869
21.36093192
21.91694037
18.2959362
18.8667288
21.02651937
20.16239482
19.3107191
18.82235865
19.12191021
19.7171558
18.70860488
21.85690382
18.43035378
21.94230974
21.36757314
19.69260647
20.95926534
20.68606097
18.85314767
19.35628034
20.05249025
20.55137672
20.17157993
19.89194984
19.77260909
19.993058
19.73740608
20.16532031
21.5519412
20.53131725
20.8904835
20.38993253
20.57207073
20.31339931
61.5653847
74.794538
61.65708567
66.57401291
62.62957322
62.51822693
71.99196654
66.9925906
72.09548643
64.909896
64.68789397
64.61674679
79.40258012
82.48879053
76.85909088
75.72594278
84.94995468
71.65202264
77.39253923
76.17972993
71.36292478
74.00246962
70.28140762
83.45033057
81.23523891
84.53005419
79.86280201
81.10260433
82.71438962
86.00901692
73.02722202
76.83140327
82.84435254
86.80960735
87.16676134
81.71639026
75.00745855
73.81865377
87.03213427
78.84811162
75.02691606
86.83794952
73.58398148
83.57272978
81.90580339
73.31567012
77.32707675
74.30961236
81.65237621
79.61469639
72.05110558
87.59034233
77.57473199
76.11299878
75.54095311
74.52316449
87.96507653
76.70333827
78.46937878
85.92106865
82.26625109
77.89537143
86.36910906
83.99155545
75.64277709
82.29587352
86.75421157
79.93953677
83.73377903
87.5334581
83.04264002
73.63548436
75.91222405
81.52076039
76.40815952
87.31982901
78.48487908
79.31492506
83.22483453
80.38722398
78.11358557
73.22550303
81.54234662
85.88045603
82.97203976
78.1037702
74.04347487
85.06124767
87.06780663
78.21221769
83.6581144
78.57206418
80.03611735
85.38345815
73.33464867
80.48521105
75.43389543
77.43686539
82.31082959
72.43562678
81.50117029
76.53504644
82.71171801
74.26527311
83.77295349
82.3302039
87.53983571
86.57973257
30.61313245
28.9748205
32.99435246
32.65847302
28.97553856
29.58513051
32.54208466
34.63568784
34.60159513
29.76949863
31.26126725
29.07649275
22.26233665
23.53381261
23.69907645
22.39547158
20.58949501
21.86850941
24.33581545
21.18866309
21.59249875
23.50578446
23.44644065
24.24666492
20.02173392
20.53979613
20.34643928
22.23207263
21.58317783
21.83758527
18.97717028
21.67540379
20.20548078
18.52759502
18.67812167
21.20871067
19.58159236
21.57553006
21.03759053
18.17353626
20.84714145
18.85950301
19.78484381
20.59733567
21.59402749
19.91954858
21.33588478
21.23329554
19.67702587
20.02312441
20.82190989
18.14199334
21.58394636
21.09950072
19.01590127
21.94576753
18.73553026
21.67713678
19.3164198
21.07279731
19.82931287
20.94989115
18.62670783
19.08168881
18.40296399
21.46469635
19.1888555
20.78189427
21.28497072
21.60982123
18.4287261
21.57620157
18.78901111
20.94760805
20.91539608
18.03401257
18.88249563
19.96763406
19.68013883
21.67429392
19.43896348
21.74793486
19.83771727
21.85741159
20.94941924
21.31733837
18.41950755
20.34456573
18.57080144
19.19048401
20.49426162
20.90490282
18.15673513
20.12377492
20.26125595
18.31531199
20.00275214
20.85536912
18.21290914
21.04107111
20.30570602
21.33290883
18.87225029
21.33309474
18.3782439
19.61531879
18.79793917
21.50408333
20.81967927
18.10144711
18.03809342
19.16499702
18.57313246
20.52121791
20.65518774
21.76780361
21.8081597
20.63558682
18.02270045
19.43599167
20.05256605
19.99671903
20.41336252
21.84220593
21.54077077
18.43563213
19.06392157
21.33243767
21.29722764
19.1014829
20.92235212
20.68814951
19.89409586
18.80581981
21.55457272
20.71140474
18.6759717
20.81920938
20.96573488
21.54752114
18.89135702
21.95501642
18.61357369
20.40275557
20.62870602
19.67581158
19.90015084
21.56364039
20.58109692
19.98800383
18.51339825
18.0293505
18.49987447
21.82473827
21.05634713
21.86846531
18.14283484
20.72088162
18.17717411
21.12822588
19.52380069
18.38306144
20.27218657
19.12048079
20.63829577
20.63269904
20.8200299
21.96986032
19.54679084
19.8612619
21.2184468
20.31348009
18.14902884
21.37231408
18.20599473
18.68328055
18.40831987
18.31170853
18.1027395
18.22011086
67.21717297
64.63879087
62.92090161
70.15839538
64.27512198
61.45770851
66.89050906
65.42188869
65.53302027
67.25567238
70.29722941
69.58411603
84.38630018
77.87496266
77.174285
73.15219203
81.5635176
72.02484005
77.46238245
76.37892052
80.05682963
84.08148521
84.53116358
72.44424463
75.73194104
84.47624813
79.81072134
78.77306178
82.86978719
81.14101445
87.00623632
80.85553287
78.97884773
80.20096733
84.42701724
81.3119841
82.25394614
87.43797045
81.79605456
77.9908625
82.96154297
82.45228873
72.13489629
79.38189603
83.7857939
79.88868173
84.37256945
79.11908218
87.71208961
76.66786072
73.45632798
78.86125757
80.64798424
77.56687919
75.8582882
82.73307836
78.01527344
82.08219201
84.44487154
84.15583979
78.00120473
81.08247952
79.19073025
85.92875926
86.05600479
77.49614533
73.46427271
74.67773503
77.86829002
81.02410993
82.50463176
77.29822625
82.67919219
87.0030045
82.43143469
74.53632812
81.27392237
80.66955383
85.93037683
77.60410388
78.7663736
81.57776173
80.39003324
83.50346384
72.64608437
81.01610076
73.94660831
77.04319596
82.58587122
74.51848413
76.94132164
83.24794389
82.41272565
73.45649367
81.23613992
74.35592863
76.03631286
79.34734999
73.74952085
87.89831773
74.64588431
84.50096961
85.27738877
87.91138976
78.8584212
85.9854793
87.32059749
74.76627761
31.86838485
29.18406364
32.77262738
32.52099316
30.10640244
33.90657115
29.03851425
33.95984835
28.9705243
33.00369806
29.30411926
30.40783749
23.39417052
21.41621233
22.45005761
24.26031092
20.38236079
23.79363617
20.45241743
20.72803977
20.69454845
24.61357688
20.96723356
24.17749174
22.49085787
20.00398218
21.01677458
21.62315752
20.04027401
19.09479049
20.20869196
21.59365153
21.63000402
19.37628666
19.14865903
22.20261637
18.26324086
21.03946083
18.27297679
21.45408783
21.72544316
19.2817869
18.38356209
20.01836724
19.28598259
19.76295354
20.75910948
18.92973276
19.44645696
21.15053499
20.59479984
19.32363485
20.67703731
21.08147048
20.38949746
18.97618699
18.0182621
21.23175936
21.31097312
20.8103768
18.30983854
20.3447946
21.28816923
19.56242854
18.795611
20.35441648
21.30931711
18.19897337
20.39171933
20.57664514
20.41338677
20.60408996
20.52550123
18.52161554
18.93974711
20.47597602
18.07077264
20.53897807
20.6615465
18.95669904
20.39253132
20.13636024
19.04276619
19.85189605
21.63849812
19.70641112
20.51937671
18.14140328
18.31120045
18.32523229
21.11296305
19.40102758
18.91044675
20.98929827
18.67984025
18.9859701
19.72372577
19.32575228
20.34156884
19.35136248
19.57180654
21.45154643
21.53812576
21.31084476
21.45932373
20.27891468
20.58493286
20.22869267
21.14235234
20.20400194
18.44430786
21.23832048
21.04234068
21.28120238
18.76171785
19.08646821
19.18300679
20.03232214
18.53550834
19.54152701
18.72863264
19.05905085
20.82555054
21.41924463
18.09162347
20.26358785
18.14423905
18.34099698
20.82033614
20.94243243
21.25592269
19.89696605
21.43922993
18.66735317
18.99886565
18.53800859
21.19014904
18.91470047
18.62204497
20.49244275
18.30832811
18.17960111
18.42687059
18.00096354
20.78796062
20.24894129
18.83950044
18.93201979
21.24387439
20.00728046
20.79411343
19.81102181
18.9508721
21.8816112
20.26259025
18.52392762
19.62436017
19.31734965
18.85634987
21.73375996
21.52367998
18.79658847
19.40859156
21.04926157
18.83402419
20.36625945
20.79917577
20.6158893
20.82563456
20.82679836
21.85922368
19.38599556
21.5143617
18.08722825
19.15281185
18.19462313
20.60481584
18.40316148
21.38282745
20.58636674
61.59188945
70.92097217
72.92367528
70.1912457
61.61512934
72.86770586
71.16150922
66.34693785
65.66937151
67.72555447
72.99258381
64.62800719
71.40695835
83.25915651
70.24801845
83.97867379
74.58516542
77.72761633
71.89322654
83.84299712
81.47745819
84.1828947
80.44371487
72.70644742
76.47067842
79.31083974
81.2258345
86.30241089
77.67436411
82.74965744
86.85188473
73.9913571
85.2885333
78.25890934
83.21643592
76.23643374
77.250935
72.34721064
87.43741549
84.91322291
73.4144841
87.88655016
81.58237708
85.55686662
72.97889233
78.13734139
82.61516066
73.61449597
79.80328803
79.06386611
75.438534
76.78588434
87.45289994
76.59998737
75.39671859
80.56000769
82.71547207
83.58142542
84.04777864
72.57189843
78.296408
84.37927888
86.4734827
81.63128348
72.83341348
78.34257227
73.18412085
83.97257493
73.01258274
74.96809843
78.66755856
79.39856256
78.50295357
79.41358397
83.41102568
77.90755325
80.76323201
76.85317032
77.6572944
81.81999787
79.84714789
83.56777846
80.96784011
84.85637074
79.09437955
79.85638459
82.71938276
75.53975807
78.1747225
81.99730247
72.46188118
78.99139127
81.58144234
87.47784055
86.0320998
76.49172438
80.1153309
72.90260197
75.85204151
84.39766148
73.97299579
76.12301917
87.10464658
85.1816601
84.50921095
85.83288689
83.99365873
73.92935107
32.10598633
31.64315502
30.79136419
34.13785207
31.7704848
29.18589905
30.55977387
30.26316896
34.47985824
32.94359752
32.38640188
32.04254899
23.0725051
23.54184116
22.64364224
24.36351732
24.53621574
24.61913223
23.1588709
24.33813836
21.97206783
24.0109726
24.23309953
24.21054799
21.83514611
20.09742992
19.08288482
19.799885
21.57481372
19.38589882
20.39100213
20.74787618
20.90540442
22.26473158
21.14147516
21.65267969
20.42508541
21.43672597
19.14611675
18.92994029
21.80946549
20.87363829
20.78539555
19.96455297
19.60042158
20.319834
18.57098023
19.91398068
19.84049942
20.17269325
20.55845964
21.85022956
20.62846083
21.5555741
20.24463164
20.52739892
18.29689598
18.55084662
20.33818767
19.60165101
21.19931156
20.17658466
21.53329775
21.89352946
18.59411012
19.58307023
20.6638908
19.22564564
19.07179043
21.25903519
21.9257228
21.0992636
20.09470649
19.77004493
20.15859088
19.85135881
20.01155223
18.8138122
21.6149678
21.01814001
20.72390969
21.79969988
19.13757733
18.32463764
21.30455464
21.99366785
20.31372975
18.23523755
21.12187216
18.2949962
20.16005595
19.1101299
21.66010712
19.80532485
21.59385339
19.19632434
19.54945034
21.78847675
18.8052578
20.31400461
19.55404131
21.09666754
18.51718548
19.74885988
20.79573051
19.62806494
18.23412696
20.82044905
20.01279331
18.04523475
20.45062358
21.67952409
18.44410379
20.36268494
20.91467553
18.28309468
18.09046183
19.85678347
21.16474675
18.64287764
21.34654909
20.62630902
19.32869315
20.06330319
21.86229992
18.86574788
19.99814159
20.49794622
18.55205842
18.17408835
18.05383981
19.29877143
18.29578918
21.21507981
21.98927811
18.24521529
19.7309051
18.10292849
18.53596356
19.29169024
19.57479285
21.75913179
19.58334724
19.98511064
18.98233347
18.00050056
21.59733783
18.32685903
21.85699536
18.52337642
20.41951392
21.99764235
18.55385838
19.69577234
21.12169468
18.1287606
20.759131
18.32149335
18.94608057
18.64030465
21.62934573
18.72182687
18.16173638
20.35050271
19.3847237
19.62282488
18.47625098
20.99293797
20.4062146
19.45686818
18.68629978
20.37380696
21.11438912
19.24958914
18.10344153
18.85737594
20.72959128
21.95638551
18.05350496
19.22461425
62.04348384
65.50235031
66.72043507
73.72372445
62.29562687
71.76902312
66.57926779
72.23317476
68.18226972
61.73423573
74.06840003
62.32518326
79.11604796
83.46140368
71.07802726
78.43642539
82.63297887
85.14775948
81.08156126
74.15974951
80.69733152
80.79350026
80.70347251
83.09812198
72.95769251
73.29230922
81.75637474
86.73852495
78.97669771
86.84478921
86.48730797
85.92787648
86.0382699
85.85486209
84.60752076
82.62094536
72.30366222
74.02711821
74.05873562
72.28979258
73.77858762
86.61188381
82.52172355
76.90077649
84.59212768
79.7181351
74.18490375
86.04865086
77.40001068
83.16178407
76.63111069
79.98193974
85.03962897
74.49055552
87.61498968
73.10590514
80.52481196
86.63561077
87.11019069
75.69557211
74.30019312
83.58643566
72.66808886
79.75999484
84.73761603
80.96018932
75.00461186
79.78887874
86.73623192
81.87147763
83.53983994
77.37650782
75.01502025
76.08954521
80.5300684
76.48278822
80.67066215
83.32387092
83.74953002
74.63424254
84.00608712
82.76221571
72.19138909
72.94125456
82.33983394
78.13911237
74.33752126
72.71020534
74.55023031
87.32005577
83.64088967
80.44313228
87.06448084
81.90560974
83.61016248
76.52228217
81.42367823
74.29560738
78.47170019
72.53181735
75.46602042
73.19786996
78.20443108
85.48852981
78.04691573
85.30620126
82.50394132
80.15244037
30.31610102
34.70179233
29.14687958
33.20903694
32.77592902
31.62265967
30.33804829
31.55644794
34.38573884
34.15529655
34.82483331
30.76987061
21.89422543
20.24389205
24.38441464
21.63566642
21.97065272
24.22696333
22.51915973
22.6964607
20.94952197
22.39399566
24.2735732
22.66305579
19.4769564
18.5597166
19.80949183
20.77733213
18.60654381
20.92971015
20.57590279
21.64095142
18.55032573
21.63035046
20.56551213
19.94968791
21.9664672
18.72995244
20.26209387
19.37648869
20.2064732
20.30610545
18.44591036
20.74363433
20.63650798
21.17904282
18.45077457
19.2811415
20.62021881
18.56472834
20.73027481
18.2536135
19.35829234
21.40737585
21.11741843
20.59879873
21.50245622
20.85708176
20.09677481
21.93991211
20.78341397
20.40938656
19.63925225
21.61379905
19.18651949
18.04034146
18.79056918
18.44161008
19.27967608
21.30760498
20.61007511
18.67950813
21.15528688
20.01687946
20.0508585
19.44844872
21.45846546
19.27330922
18.37655904
19.21091598
20.86141419
20.63032755
18.75206861
18.4471372
20.64346303
20.70550734
19.46459855
21.37120553
21.91282082
18.82258089
20.30827486
18.02138532
20.85221758
19.65712845
18.77307691
21.00888769
21.24259519
18.444666
18.16398305
19.33631377
20.50396186
21.17367811
20.18424999
20.32299511
21.19943289
20.1153735
20.44461796
20.06486936
21.52183293
18.94206647
19.05597434
18.51184585
21.27786701
19.64710916
19.39157576
21.92539487
21.70721347
21.88795073
18.56919599
21.56500725
19.3148384
18.05062708
19.56519334
20.03678541
18.43288169
20.15071047
21.27785434
19.5106038
19.41057923
19.35524168
21.69237778
18.1950324
19.78030457
19.05839782
21.5752281
18.38420905
19.64577107
19.62726461
21.55357767
18.86197378
20.57958164
18.53762451
21.81590286
20.37205984
20.50502692
19.73509361
19.36913085
18.85070572
20.41595102
21.81824698
19.43916382
21.53262755
18.59510525
21.74450408
19.40194514
19.51890885
19.85136903
20.87297708
20.87861373
19.91835434
20.0926116
18.12004195
19.21718681
19.3840683
20.23490907
20.23319907
20.83959919
20.86810918
18.9408429
21.0807486
18.07841427
20.86464754
18.40824441
20.91859283
20.10847236
19.749018
20.76266556
18.14548334
18.8938813
20.46576057
21.38886163
19.52443055
19.03504589
20.07494574
20.48926101
19.68041213
21.50684273
20.09375484
18.14329435
18.89221582
19.80258812
20.79090208
18.87900898
21.90502976
19.27423303
20.12992083
18.07586554
21.53956289
21.15533861
18.78183202
21.73294677
19.26335906
20.76874515
21.27590527
20.96365784
21.67033114
21.45709904
21.97844606
18.73044565
19.2190472
20.54490347
20.93218874
20.13842022
18.29571346
21.36638091
21.84349742
19.62206738
18.89924993
18.07725502
18.94919614
20.7996751
21.64635755
18.37405227
20.21303675
20.78212499
19.10552328
20.27958816
20.8609937
21.35087697
19.8099994
20.99142888
19.20713189
18.85218699
18.74925498
19.43549093
18.14351873
19.13196735
20.6088913
20.59167619
18.29421523
19.14966247
20.27823066
19.27420855
19.6719521
20.85124303
18.03706732
19.10557418
18.56948898
18.51043673
21.83616087
19.50624133
20.10835434
20.93528755
18.1897899
18.96409055
21.32859115
21.44796245
19.49180368
19.4994464
21.02758751
19.18028091
18.46837632
19.0301418
19.54937893
18.20881884
19.91472102
20.96003005
20.05498058
18.28758136
19.76059853
20.83561843
18.23238662
18.23938876
19.48240561
18.77985586
21.73912317
20.32537442
19.1493016
20.81910692
19.49971621
18.52846258
18.94892892
20.57098914
18.20750442
19.09075616
18.83324591
18.80454044
20.73104965
21.30326767
20.86346643
20.58291126
21.66580709
18.23356952
18.66993234
19.65762742
19.48980657
19.67220641
18.82581962
18.59801326
20.03677299
21.7122101
19.56787785
18.17341286
20.82466937
19.16441962
18.98038003
19.297032
20.8952621
21.27527755
20.35222427
19.28991501
19.24191293
18.4972334
21.73320419
20.5525576
18.10789848
20.64946838
19.7886137
21.89023185
21.2762753
18.68526302
20.88044448
19.94226402
18.74818065
20.79495963
20.18955031
18.12149552
20.5863518
20.53994836
18.57634064
19.39595091
20.34359588
18.55513206
21.41089351
18.10994419
18.41134966
18.46442768
20.1124285
20.48045605
19.61496319
19.15466731
21.2372695
18.27314393
19.12116744
18.15646232
18.05556054
19.41351955
18.77929465
19.07346342
21.28378863
18.65192039
21.12093347
20.70020249
19.3057821
20.18622458
19.77774244
18.51358126
21.62874129
20.27847187
21.52096018
21.29530605
18.3191037
18.82908266
18.58104446
21.32311813
21.44978651
20.11188604
18.41671229
18.54246647
21.25419525
21.71676055
18.79790274
18.04455031
19.32381162
18.12199756
21.31189966
19.96604903
20.56744312
19.6459395
19.38203019
18.88880165
21.08213019
20.78219034
19.44291594
19.28446454
18.00497151
18.25420852
20.4930221
20.05842924
19.73921282
21.31000896
20.01559282
19.53797433
18.64502539
21.28275203
20.304993
18.36983986
20.59559359
19.70028298
21.24554489
21.67565839
20.40186325
20.92645128
18.22636339
20.24102182
21.02135991
19.9870486
20.37420036
21.59579274
18.79239829
18.39298603
20.76257445
21.29139562
21.40196075
20.56657799
21.33285367
20.80265682
18.34950766
21.04817403
18.71743876
18.94643737
19.57860251
19.25826827
19.28660695
18.6770381
19.17548419
18.07865036
19.89164379
21.07436384
21.44898948
21.28171424
19.66583088
20.92170592
19.1515631
18.22224989
20.7038861
20.59518466
21.20651758
20.46442483
18.6275665
21.41264957
20.50901115
21.2304388
21.09642848
19.19145795
18.2982119
18.70601764
18.37144934
18.97364973
19.83812909
21.62724242
21.48807502
20.87439926
18.09644944
19.36555681
20.72939371
18.51611559
21.2043514
21.65829472
19.41641779
20.82337225
18.59281653
20.7632658
18.08582165
18.60308603
20.83952579
20.84740089
20.56465082
67.69215073
70.37875004
71.72369086
74.34415056
73.28551803
72.00566515
70.64870223
69.00851542
62.84028
63.45157305
72.35580203
72.12505561
79.37640253
76.65079886
70.24402673
74.91778615
76.36832749
77.37986876
84.26311777
71.52716988
77.8928146
75.55015405
85.20632281
83.21612953
78.54645023
87.46715897
79.74366187
74.22584144
80.4086311
75.1655765
81.68791941
86.47704854
84.07170217
75.91239533
76.28923957
72.66995958
76.48199671
73.3938184
79.89519009
83.23355301
83.91807591
72.86492475
77.34636722
76.51881537
73.5804026
77.70618153
76.6969748
82.05340528
86.11217074
79.25844094
83.92649557
74.31832519
86.29874539
74.42364985
75.05560122
73.68573204
76.93640286
80.81916589
87.78683189
84.67356202
78.08322467
81.20963868
81.96899379
85.15954769
83.77920697
81.10476482
82.7029585
83.93065291
74.12674669
75.20367743
83.01336379
85.60269987
78.54744246
87.67740345
75.45642333
78.66643331
78.05561935
86.88390096
76.56532125
79.53188894
74.99502147
80.33948855
85.71764381
76.86389349
84.97251001
86.58081908
73.16718575
84.1026311
76.08534889
74.80509897
81.61780157
83.28948194
78.3160254
72.62663987
86.53910623
83.69178998
76.34663959
79.94979099
72.44465682
77.42849478
80.36053291
80.27554702
75.33092912
84.42792544
76.78176505
81.28652916
76.34432629
78.80265571
30.12808782
32.85124356
31.52373385
28.9031452
28.9802504
31.81525353
29.97263979
32.54426286
31.41242137
32.98828061
34.89532241
32.18390508
23.68745484
23.53362237
24.28962281
21.11879889
23.86642352
24.21672997
21.91957695
21.56589537
24.42511954
22.97179378
21.86542945
23.70738689
19.67912486
19.15456524
20.66009938
20.75120429
21.81425733
20.3039838
21.7685462
19.70717746
20.78870791
19.28590427
20.01078637
21.94448234
18.9544997
21.3429144
19.22331772
18.22502104
18.52824898
21.08423902
19.13971542
20.71554191
20.89662018
19.47350008
19.99519434
19.70922064
21.81031379
19.29830404
18.75127612
19.48105524
20.69791376
20.80940862
21.71705763
21.54768387
19.17166922
19.83968081
21.00922546
21.68694861
19.35237499
19.78156307
21.60205988
19.43766681
19.92587698
21.62216722
21.21304499
18.97736665
19.3028857
19.41556198
21.65511087
21.99995813
21.09601721
19.93730521
18.04069527
20.78995223
19.55744466
20.53194588
20.42677585
19.92332823
21.77754959
18.09258538
20.84852994
19.63935947
20.8551618
20.70087859
18.04095201
19.14135398
18.75636608
18.66794541
20.91390674
18.9582054
19.89895046
18.98795598
20.32093529
20.88229507
19.32429895
20.41208339
21.2994191
18.37689714
20.8426824
19.29257978
18.49059983
20.18261683
18.90504928
21.28544717
18.17158364
18.39461159
20.0839845
20.35576714
20.91954666
19.03704291
21.36704163
21.81256936
19.99615721
21.04212546
20.09939342
18.27786812
19.30444605
18.34994676
21.95551648
18.91610365
20.54360168
19.13738041
20.61298486
18.84160676
21.14108026
18.44324641
21.5806016
21.36168677
20.71522937
18.26965851
18.83427611
21.43744638
18.48789774
18.62372839
20.1760133
19.09670976
18.8883028
20.30325373
19.49030671
18.56223959
20.13941507
19.54804961
20.9380671
18.41102177
20.48245298
19.74597331
19.6242475
18.92915075
18.12170411
21.39075678
19.30564034
20.72436416
21.7903496
20.25996119
19.58858761
19.07309427
21.73617517
20.72830727
20.66112557
19.7046333
21.38019485
20.85468875
19.13273309
20.39831464
19.72077582
18.02636065
21.23049373
18.4913214
20.03981802
19.34490477
19.36835616
19.90945953
21.98809242
19.63351872
18.72931692
20.45442535
18.94515083
18.42219655
61.88236874
61.51118533
67.06383922
67.00347061
63.72341744
71.86265913
62.95808054
73.64831382
69.1910333
61.57558272
74.29642771
65.38800113
76.82361137
74.25185012
81.14509855
77.37775703
71.89442833
71.45724534
81.09782641
73.5195034
71.97855317
77.59111631
82.29891726
74.16670822
75.96436835
84.83004756
73.91914867
81.37643562
86.75653443
84.94808529
72.55110948
76.65586258
73.8323235
86.6647231
87.24841467
75.305329
82.6159265
85.36354838
75.64799789
74.91288668
72.09276112
78.49708963
86.2873302
86.34393718
73.95503737
75.17931612
78.43452279
84.38860473
81.76999423
80.20234271
81.45135713
73.52154569
79.62350405
87.85192311
73.39751872
80.28867293
76.71197289
80.61925948
81.1616167
81.22006887
85.63123007
78.23220331
80.25781404
72.17138999
84.62874725
76.14814803
85.06079727
76.24655865
72.16915165
74.47372618
87.76671344
77.11311833
73.74047452
73.89943142
76.96474456
72.60162368
80.18304765
75.41913062
80.3081993
74.25151468
78.87695844
81.56588669
72.99129829
78.3792365
76.8402336
75.84561144
81.67239721
81.41651545
82.09103929
74.54197961
76.5712009
75.35471577
80.64790284
79.37689862
77.28455141
84.57607456
73.50355169
87.59831338
73.86467688
84.3691006
77.89165312
85.8441627
73.18669108
77.99551741
77.3670648
87.89047886
87.76875022
75.03683452
32.83165424
32.2273181
29.78798462
29.87378438
35.13120432
31.69746587
29.60512258
30.17465045
30.51742177
32.06986433
30.94750209
31.71206934
20.90591684
21.62374335
20.47501721
24.1459007
21.05040994
23.55091131
21.72599082
22.28529877
21.46484828
23.28005562
23.94356664
21.44248925
19.42412324
21.22317907
19.23134671
21.05278343
18.81877719
20.97208156
20.53491374
18.89855758
21.09072824
20.26109787
19.32130302
19.87946126
20.06425673
18.45437471
21.93522398
20.76142737
18.49850855
21.39364764
19.38281273
20.48505665
19.20029246
21.03410512
20.99231762
20.30517301
18.98190751
19.03306944
19.55020137
18.59788551
19.36919944
20.75732632
21.34385156
19.34888627
18.95253801
21.35104765
21.5835164
19.65894057
18.11109328
20.78383621
21.14019108
18.07556685
20.3840364
20.3573829
19.51857848
21.00310112
19.71650099
20.71107957
20.07232236
18.99750524
20.42600345
20.94763398
21.89562269
19.52043579
18.25789018
21.95188488
20.49522664
21.78580183
18.41530834
19.36813536
18.5357468
21.34204062
21.52137097
20.0052468
18.74642487
18.50847588
20.35265644
20.0255053
20.77915641
19.22082905
19.60947198
18.0854443
20.44057218
19.69257409
21.67905854
20.56714519
19.59477797
19.05435672
21.62113977
18.0650603
19.30764987
21.77402234
20.61613203
20.13087629
18.81413887
21.3334991
18.81679625
18.99301413
18.76740457
18.63259784
21.81324998
20.40812638
20.55134853
21.81730186
18.92230022
18.02367015
20.3955346
20.03137941
19.91060151
18.24752085
19.81773947
19.15023826
19.09825871
18.88952632
19.33011344
19.4125323
19.23510311
21.91501086
21.73092434
20.2980404
21.92421935
21.96479204
19.42375884
19.78075018
21.83624711
20.4345048
18.85171633
20.75752267
18.82298473
19.35743097
18.91024065
18.97992086
18.01862233
21.52283533
19.18396198
18.34549752
18.34794962
20.22407311
21.9716822
18.58008987
18.39848712
19.75321552
20.25332502
19.17752144
19.21008837
19.69790601
19.25658246
21.66132633
18.16781829
18.93828064
21.23421118
21.3358325
18.44622032
21.8950538
20.7734194
19.09037222
19.82415146
19.18855448
18.600089
19.16471226
20.32036775
21.30387878
19.4541163
19.39160616
19.8720028
20.5782224
21.00646505
19.30719802
69.17439356
66.49530744
70.94303796
63.43957892
64.69417816
66.99442171
73.29604114
68.99723074
74.32938722
62.60457652
67.45838563
66.89946801
79.15519986
82.44169073
82.89927336
80.24142033
79.79664437
84.56893849
75.79482847
82.76479704
84.14173784
77.46868907
81.15567202
75.69134818
74.09481184
80.89575773
74.69268514
78.84565658
85.4502726
72.93603326
72.05193543
81.21342368
76.83319934
78.21488129
78.0204212
72.94560812
71.97059445
86.27112216
75.39419524
78.72268315
87.44575177
85.12592747
73.63842141
80.04014094
83.58084691
83.07447542
84.07246147
79.22409135
74.79681133
79.41889399
82.3464281
81.71785639
73.11080206
73.02170953
87.42313871
74.41102435
76.69298869
84.261924
78.53598005
74.88546083
79.47190328
81.09930658
79.24046202
86.69897546
76.55151407
82.57735067
73.7931733
78.27281005
83.85186694
75.59344239
81.43242779
74.45141863
73.64252009
80.37095241
82.79938106
73.81316445
86.68358787
75.61163032
73.9188953
75.2424602
74.71244206
73.45008928
84.76461401
79.92783708
78.21616087
87.20987939
77.93598456
74.67142025
76.38453961
75.82331896
79.97970691
76.66393479
80.25682466
82.708536
84.43661845
83.36236444
75.28942255
73.85436715
80.67917156
75.18255979
73.35891138
80.4334786
77.22867731
84.0983519
77.02703651
87.65944053
84.13633875
72.92306354
32.05677938
32.40076499
33.24993096
31.98589336
31.89403291
31.15480113
30.53734699
34.85567466
30.83261277
29.20589087
29.8706166
34.28656389
22.78811665
23.64893556
23.78334002
23.84809794
22.62674817
20.95349912
20.82408159
22.73144896
21.80198311
22.66005488
22.39317951
22.85784614
18.56352967
18.56649882
21.38765356
19.22304896
21.10340465
20.67077468
22.45342989
21.85382222
20.12419876
20.95682666
18.91241739
20.01463699
21.03604156
20.58904158
20.0335871
18.79590573
21.31440405
19.18431117
21.38406947
20.54457909
19.58448211
18.24960046
19.02053777
21.65975381
21.29231839
20.31890068
19.88436052
20.60833574
19.88406289
20.59697348
19.24807682
21.37448869
20.82764693
19.33844961
21.34313421
19.96852151
18.70214558
18.31436553
20.80241629
21.46460363
21.23384407
20.62656366
18.5690648
18.37970453
19.38383947
21.42375613
21.85113969
18.96908478
