19.7612519
20.50083329
19.96164144
21.49026607
20.18773941
19.92312567
21.69840396
20.87875838
18.44619963
18.71081784
21.14849145
21.34340528
20.18076332
20.21782091
20.52773185
19.7564631
20.72079649
18.43392503
21.84511697
21.0006193
20.52469682
19.26528823
18.64382195
19.63737186
20.64630696
20.53483897
19.53056462
20.45314558
21.25499318
18.10513909
19.80248419
21.03422091
20.18457788
20.60590435
20.06670557
21.96749818
18.21848615
19.96417929
18.3656662
18.63914225
19.5321534
18.62216037
21.85474866
21.78715911
19.34443858
20.55899085
20.13501328
21.26234792
20.50978244
18.00100982
21.05269754
20.98739249
20.03889082
21.61167589
21.63378482
20.09564671
20.43195292
21.98608829
19.19528094
19.29846897
18.73109561
21.58346776
20.97795356
18.4225714
21.9270694
20.92384683
21.40208844
18.19260316
20.01984368
20.79439315
20.17178634
20.66658986
21.27149625
19.49734825
21.3946747
18.65166442
19.08354422
18.17338248
19.45770725
19.51963818
21.22108239
20.61252268
19.74689023
20.60845591
18.2111334
18.72108614
20.50779142
20.56546728
21.09653863
19.61199904
20.89021639
20.73592133
21.85357351
18.86052091
20.20671826
20.40705777
21.99459154
18.80473657
20.09287208
19.38474123
20.10357187
18.92851441
18.19044951
20.29026182
19.34341726
18.72776561
19.29574226
18.19712081
74.12601438
69.10361164
72.28085407
66.95440749
73.48507948
67.77312781
69.00565638
67.88839813
71.17258482
68.90652266
64.89374536
63.17933763
79.24705052
77.432073
71.32954281
75.97998307
77.82933007
82.67338299
71.02108839
75.2486478
82.60762302
79.90353942
74.34015315
82.95960109
79.41334111
79.49378848
87.09964504
86.63094087
77.2701038
73.80377046
76.74740371
72.05280577
71.89829247
77.85838405
86.53397926
85.42606716
80.08686564
80.94636975
72.00842202
75.35748087
72.30951037
83.97174536
74.24113634
85.80166794
82.19443719
75.57989399
74.43409684
81.94354482
86.39265247
83.473725
77.55812801
81.37860197
76.9537138
87.96527633
83.96127147
81.81046701
78.75324097
81.87078294
77.44726519
72.44444659
78.31765693
86.8835225
82.01688052
73.33977077
86.15576214
76.29833509
75.89666867
76.74977133
81.23133649
80.71113517
79.85878667
83.47658275
77.06386388
84.51222102
74.80442872
84.52112121
82.62016852
82.93053681
79.70408919
82.67123087
73.27604929
85.62399587
72.888056
74.37915011
81.22847938
83.83042233
73.21988445
86.7320705
87.57755423
81.69504591
79.69974226
83.86215854
77.25356931
79.89207755
86.65825004
87.29031921
86.83307251
76.19913981
75.71947557
76.76260262
79.06094744
77.02664903
77.98737478
81.93015977
84.2003785
83.76889901
85.03074442
72.51492261
29.10549067
33.85204445
32.21169828
32.50009407
29.13655031
30.43400248
32.88546124
34.29875751
34.66868709
32.00267863
32.29102889
34.13151109
22.56855697
22.47552496
24.21477516
23.69889729
24.23264359
21.13774565
22.50920095
23.93427382
20.65794113
23.72008515
20.97971961
23.78037072
20.93875559
19.22349439
20.37085847
21.22508331
21.02826123
20.18200427
22.11580504
20.5589027
20.50403221
18.68697819
22.20900485
19.15746924
20.20992294
21.31609885
18.95234976
20.20601868
19.05376074
21.13976608
20.35459997
21.52673813
21.68180747
20.69378956
21.00189245
20.29382538
19.55647113
20.61224045
21.65392231
19.68560156
19.27612743
19.57251934
19.76054244
18.31180658
20.01296137
19.99643515
20.37331492
19.46995334
20.45635725
21.51699571
21.82607376
20.33835308
18.17385252
21.88114436
20.82744634
19.34756861
18.59219982
18.57724059
18.67456245
18.18578108
21.60861675
20.16307293
20.79983765
21.31243404
21.16616403
21.53042249
21.86901849
19.75628246
21.80134187
20.89315979
18.28267276
20.72713248
20.74686664
21.62344226
19.49172853
20.339646
18.0487502
19.32830097
18.2489749
20.08749189
21.2697906
18.82577077
20.10976418
18.81603455
18.48275387
20.04398717
18.31659448
20.34941852
18.12534984
18.42685989
20.19998994
20.36562965
18.11594772
20.29350715
21.3540101
20.88926471
18.52474042
20.36989859
20.68901
18.14892481
21.42139067
21.62506959
21.40180909
21.29852587
20.97986079
20.53372813
20.71450802
21.22558117
20.64999383
19.31090783
19.50384441
21.58822987
18.06848834
20.79528233
21.81911021
20.82491268
21.97564795
20.75017962
18.13745212
21.30803953
19.13851965
19.7842289
19.24836766
19.07421642
19.72562281
19.51500579
20.53335433
21.2526048
19.18835461
18.85488461
20.66758108
20.68128026
21.60452496
18.06378275
21.41216265
20.08400869
20.48520836
18.36548576
19.73045973
18.90920963
19.01690012
20.01638046
21.2498238
20.97512372
20.36399984
20.15767277
19.70922417
21.89083989
20.24077022
19.01586559
18.92036317
20.44541212
20.09131011
18.03079121
21.32026149
20.81648942
20.64731716
18.27512263
19.4482234
21.74152904
21.45035697
19.14217175
18.62823554
19.79635183
19.42332151
20.72890551
21.86573924
19.4520058
62.04624875
73.40755051
61.71611633
74.1576162
70.23828022
74.00697323
63.91537174
61.75351722
67.8396557
67.32847844
65.70829492
74.22412805
82.60649952
80.10775297
72.36756069
81.2366993
81.1232333
76.43705805
84.19267732
72.43149673
73.98907897
70.82124175
82.18539887
79.48970567
76.57681062
74.17329251
72.20651013
74.21992152
78.77703902
75.49910252
75.68685255
85.49316654
79.76074956
83.16602338
72.13594693
77.37555801
79.57110951
74.89269048
73.83435699
85.82175062
86.92646895
73.17299408
77.49119824
87.22777097
73.24259102
82.19950405
87.45047529
87.5463968
79.5204838
74.58608077
75.21529304
86.21292625
86.56614721
81.70646004
84.23860027
83.81877869
82.56932417
85.21597453
82.94659401
80.52470632
75.78766382
83.898183
79.57118629
76.71298454
84.82706852
83.14342653
86.99325713
74.64348318
82.38307398
75.90418791
86.45317781
73.58845821
82.49779692
84.65655883
77.67793973
87.26537151
85.61086908
76.71315634
72.11996513
76.74577805
76.50023312
86.23860582
87.4730991
73.12633776
79.54056454
80.77315689
73.48644549
78.03981351
77.0731707
80.57674696
82.57889584
83.25560192
74.18793794
85.00700002
82.85651339
86.22503312
79.18934654
86.30220306
85.85235299
79.01451898
78.09826305
86.92495886
83.44260371
86.85189219
84.75156392
81.74872764
73.85361607
76.66366132
35.00058469
30.84429551
29.39682552
33.32833508
33.4976208
30.62692353
30.70509477
31.800909
28.93944372
33.85166077
30.82936232
34.26407727
23.75578299
23.12307984
21.61543822
22.47309696
22.15283386
21.67818966
23.95964926
22.32611047
23.89059817
20.63137763
20.79178991
24.53839362
20.83949937
20.52001634
20.57484699
19.31374067
21.37581112
18.77926121
20.78033368
20.76986874
22.17651552
20.58724454
18.99340857
20.7779971
18.45346402
18.90548814
18.21143158
20.14942952
18.42615344
19.97298984
21.83609263
20.97926502
18.39753296
18.98754403
20.79398395
21.68238567
18.14908075
21.27020433
20.26669288
20.20374228
21.85221072
21.0107294
21.42101992
19.43462161
20.23686491
20.48126586
19.30485063
20.30046224
18.95025927
18.5770688
19.49962424
20.96118229
21.66890822
19.83466373
20.57524444
18.41568365
21.62200566
20.27830954
21.12540829
21.18183093
19.02592211
20.11669781
21.84191901
18.35853818
20.73219959
21.84905631
19.20230843
21.44579169
21.73463018
20.98834484
18.92531325
19.33600288
18.14323718
21.32581294
21.39844475
20.53084124
19.41011141
18.30724411
21.01223044
20.90610477
21.65041009
20.92212808
21.31477977
20.98381847
20.52274875
19.70786558
21.60846923
20.60387429
19.59342129
18.33387718
19.16281942
20.17490694
19.10254148
18.88494139
20.10957406
18.67928138
21.20164025
19.93747261
20.2954511
18.58953307
19.29830534
19.64035873
21.23285132
21.08063809
18.8919099
20.46471633
18.97382543
21.95298862
21.80849551
20.25305888
20.79561029
21.20572153
20.88399368
20.79931476
21.83421603
20.38582443
20.54521069
21.397075
20.67956347
20.93173049
18.93667474
19.4850677
18.58920538
20.02306177
19.8229096
21.98865126
20.44483461
21.14577929
19.33605868
21.32618133
20.46033987
20.78796933
19.17772311
20.19455357
20.53614789
20.3563787
21.66077485
21.59309066
21.88393623
20.66971202
21.88765652
21.329912
19.08332856
19.70974268
18.95356977
18.01678864
18.75219501
18.01624235
20.87935385
19.70213719
19.25029891
21.04688356
21.3299471
21.90119815
20.56805434
19.84611583
19.22105721
18.88927284
18.8517038
19.6367575
21.96714542
18.00341479
18.78882359
18.75357193
20.86847794
19.40993891
19.82904322
18.59449652
66.70795973
62.60351744
68.44938872
62.53196177
71.95091398
68.90578336
71.04596308
66.89182286
66.38828159
62.53564089
68.32443626
68.19722944
77.10494373
81.33284502
82.76046829
81.49225576
72.07279633
79.49436358
71.0866146
80.6205379
75.76614278
71.8963838
83.2190293
79.36940942
77.20954589
72.05668507
80.11338236
86.25098437
81.05282486
87.02113122
73.73811859
80.60632438
84.26138076
79.92619979
73.01631933
80.83821897
81.68966113
83.55895676
84.07836898
84.23116418
82.51597217
75.36243541
78.37361077
84.31677787
87.15012594
73.17523566
80.47190454
76.90795591
75.5881568
80.07374862
81.67782207
72.13903818
84.46302916
85.09768575
87.42718563
74.87232606
81.49327792
78.80708773
77.33867989
81.03068319
84.51407262
72.36537083
87.5062013
84.95402738
84.01442637
84.16215814
78.22121656
84.02189557
78.1845703
86.37516307
74.83196603
76.67387826
80.8206248
77.10663634
78.78703956
79.87799619
85.70083085
80.3703045
77.7986107
75.96304937
78.53806169
80.25100725
83.93703191
73.93607063
75.54560196
78.07431435
77.76622517
78.26781913
84.69617762
77.18632225
80.03021723
81.98235512
75.71471143
83.49896588
80.75362607
79.14834664
84.9565118
75.895895
86.13078246
80.97674867
81.74676668
86.0009104
85.08129033
81.62496176
84.05097099
78.93308153
80.75801304
72.99309416
29.37508504
34.10831604
29.18189299
29.88414867
33.89332251
28.80732855
30.60738183
32.53784116
32.6108733
33.77377213
32.03792188
32.06016581
23.40939009
22.39383637
22.88603881
24.1820265
21.95849931
21.88535912
20.17589838
22.90814839
20.29337703
22.418584
23.76296607
22.62364515
19.5364295
21.65214559
19.53676061
21.43449792
20.93161838
19.1283046
22.13942809
19.25383629
22.48534839
18.46194354
19.51122768
19.25062755
18.14264227
21.02993301
20.87341693
21.27101694
19.11812275
19.87227185
20.73550902
19.85391752
20.88909169
20.63446587
18.5471924
21.22556846
20.90275282
20.64313594
18.63824998
19.09029489
19.59149792
19.13807341
18.92939594
21.24180324
20.57265979
20.28133993
18.92195849
21.69311165
18.76833498
21.18387025
21.87088907
20.91238532
21.97565361
20.60816047
18.87346438
18.81889051
19.3019624
18.03198156
20.73077342
19.07833347
21.26073293
19.4366906
19.91982597
21.86275567
18.96868849
20.88501639
21.02047116
18.88399263
20.00398735
19.4008077
21.08762497
20.48993328
19.90393222
21.11745306
18.94062228
21.01448752
21.46149725
21.51448639
21.13469437
19.63205667
21.92723209
19.51837458
20.5545016
18.64429671
21.92179559
20.81594369
21.01351018
18.26310681
21.05367126
21.09889372
20.68709091
19.16763846
19.95876017
18.44173749
19.88634827
18.97529541
19.39638795
18.65040163
18.92021747
18.30627457
21.67960547
20.12164275
19.58696789
20.14011685
20.51317291
21.68751517
18.71477181
19.18220999
21.90315735
19.48477195
18.0902466
18.59057397
18.10535481
21.95969257
19.1154834
21.69417103
21.9835451
20.39936488
18.13278526
18.32636652
19.92635622
19.62468805
20.42470922
19.75539124
21.7363074
20.13895886
20.77490425
21.58594109
18.5874875
18.91893862
18.42927464
18.5585536
20.05033587
19.28471704
19.69269136
21.92995933
18.62681739
20.16324828
18.39548462
19.27398525
20.11010369
21.78652698
19.56491289
18.25962678
19.55264579
18.5829647
18.91995845
20.47236249
18.26969546
19.85889503
20.43784634
19.68743357
18.0765054
21.94207743
19.46846307
21.11430875
19.30258597
19.90006703
19.55385457
19.37015692
18.08740551
19.44008375
21.55795996
20.76157335
18.58169144
20.36462002
21.56892344
20.80013616
63.22210774
73.00252196
65.30099858
67.37543556
68.35554153
72.76688982
73.86986193
73.84327914
61.30817687
73.7376834
61.93966274
64.81452173
77.83261151
77.28844669
79.225096
77.28100547
84.34151055
73.57331812
74.09286325
84.12985276
71.03099725
79.30038396
80.42054198
77.68600755
82.6090638
74.31548989
85.12826303
73.79496857
77.94252111
72.76489689
80.239037
82.21963732
86.53718888
83.32640286
80.17370078
86.40034104
79.55940342
80.8821153
81.43973135
78.465404
85.31322418
74.87285964
80.78042208
83.45546522
86.35986241
86.03932311
80.04367682
82.19183452
78.28900991
79.4717664
86.47949262
86.87040999
86.30590654
74.19612244
85.58080002
87.15289798
77.76132791
80.27906903
84.44525237
80.97381182
87.89151735
79.28760785
83.41907907
84.67739353
79.90177118
85.70762673
80.73459801
78.5826406
73.72163997
78.29085908
83.73896361
86.73641904
76.0261406
77.68302251
74.46266106
83.05076901
87.3621762
82.25444587
81.8724385
80.85506267
73.41458706
83.67125797
81.63200902
82.5828355
86.38081164
84.54321027
84.4944818
86.83477358
87.83879057
81.30036761
73.74196427
79.34592618
84.60145591
72.4434661
72.91005903
73.07438422
83.69653999
80.01863533
77.90233718
73.68984443
83.71581186
77.13628735
76.24515584
82.43707557
80.9441432
77.79854039
82.26376794
76.33951501
33.88690717
30.26763547
29.81655553
33.80760573
33.3305026
29.96888369
29.54396714
34.16574761
33.7702238
30.89444126
33.01245707
29.59461951
22.43157228
20.2439106
21.91437522
20.49529472
22.28865814
22.04913257
22.1508437
20.36308312
21.78004001
23.54904635
21.8127352
23.36396907
19.94538461
20.16558851
20.74170185
22.32599295
18.87789216
18.56681457
20.92219237
22.31950141
22.48590568
20.41513651
20.34926208
21.07377135
20.31960717
20.63492667
21.59917844
21.0859537
20.08344956
19.94272558
20.6570873
19.91797465
19.92630672
18.15193664
18.78599854
20.04983397
21.31105282
19.13325833
20.10986067
19.39845298
18.4368984
21.85415379
21.43925742
18.3315511
20.89919302
19.40893431
22.00049944
19.22803528
18.95859313
20.27545433
21.34460203
18.77367934
20.8416119
18.24912949
21.67990071
18.32781793
21.66108363
19.96706194
19.79616458
21.89743182
21.96153671
20.6007125
18.50847717
20.02468034
20.1166524
20.05778571
20.27796735
18.07489886
20.84490913
20.84957721
18.4618791
20.28095777
20.27344473
20.72980168
18.34159077
20.50601323
19.1230078
20.02801196
21.09329421
20.82258375
18.47561207
20.36473915
21.87646612
18.62707775
21.41162835
20.81019232
21.09601325
19.12783331
19.15155572
21.62407782
19.43932813
18.25206156
20.40238681
18.49927068
21.18638497
20.56698577
21.49890602
21.139349
18.44845459
19.52428271
21.098241
19.66936589
21.88946194
20.9429618
18.06199967
21.51994277
18.40321914
18.5620949
20.9379696
21.45987424
20.14539851
19.15619893
19.40526218
19.37155732
19.30671242
18.97163869
20.43546838
21.60162127
19.22832965
18.74677719
21.35431067
20.96713332
21.72334813
18.66207894
18.57700526
20.16571758
20.45773462
19.92069377
20.39586655
18.72151908
19.91845502
20.63237024
19.7308258
20.71778934
19.80476512
19.33439832
19.21442019
19.64360824
18.09235849
20.67410055
21.38042256
19.41850838
18.18413254
21.94710239
19.05479302
18.50648449
19.47901003
20.95422816
19.17566639
20.29881282
19.66223998
18.47105597
19.32114805
20.89948202
20.44801559
18.47911352
18.65328964
20.56293344
21.25366166
19.39789798
20.38124301
18.68257436
19.24550535
18.08108082
21.07310379
19.60403928
21.26450229
20.83349198
72.47092201
65.08495791
63.71747873
74.41791728
70.9556579
72.54297484
61.37861388
66.02067804
71.30230699
62.26056653
68.91582304
67.03538964
70.11340819
73.50234096
74.25997167
71.57606637
79.64145284
73.60201504
74.14865463
83.78066304
77.0897504
75.92582884
81.07447851
83.95720613
71.96617789
78.69679062
81.28186669
76.63442751
83.85237241
87.01837133
86.57226883
75.79818631
75.16768398
86.79592941
78.86202746
74.88076699
83.21197708
76.45886431
76.18442046
85.96470311
74.51014685
72.9426508
76.21541466
81.61307325
73.88064237
79.45006014
81.93894889
85.47709613
75.65975076
85.05712256
75.74031814
82.80838588
78.87184336
73.8171795
83.40819263
75.46608569
74.80801658
77.7145109
82.43285528
75.72576511
74.93498757
72.15579437
79.54247133
78.85454391
75.73824829
72.85493742
78.86430833
84.60722044
83.44050876
85.76860115
72.14985964
87.45851086
77.4618524
87.84552141
76.04118137
79.54381857
77.66209726
77.6914256
85.47569301
83.94189719
87.87357937
81.81544949
79.41134331
73.44047677
87.94481386
80.82433526
83.20747976
78.50772746
80.76329627
87.08107651
74.66256765
76.67781413
74.43281273
84.67529188
72.99258402
73.30596565
76.77587632
80.22698009
78.50036666
72.71703305
87.3198314
87.24587882
76.46967181
83.7043777
81.25717538
75.79959801
76.19471557
79.85842012
31.48311038
30.66386181
33.96806769
31.88135655
32.99102127
30.01134464
32.21444285
30.8350408
32.16904093
33.79727884
33.72103807
31.06700637
23.27036021
24.37697764
22.96299734
20.82487621
23.20509339
20.62997052
24.06705331
22.47463779
21.8854293
20.41538842
21.86590993
24.20636454
18.51794613
20.37615861
22.24602327
20.04926849
20.18580737
20.80178174
20.32819107
19.1225923
18.50800327
20.9297883
22.20362351
18.86766726
18.93426112
19.5744263
21.33689671
19.16861102
21.63155301
18.30728665
21.8682928
20.34015461
20.73415919
19.56421768
21.22939138
18.75586303
18.21311511
19.60086655
21.43534104
21.03988626
20.08788975
20.30802799
18.53735008
21.38323424
21.16814065
20.64568241
19.88383431
21.87882059
21.52025898
20.58167289
19.49094553
20.47601975
20.30566164
19.58072673
19.23038741
19.63181175
20.29954239
19.71632418
19.05795638
21.04789369
20.12586998
18.27070065
19.47326602
21.53965383
21.02094612
19.29298714
21.75273261
18.30641163
21.84493882
18.98282037
18.03637672
19.73523215
19.43588172
20.15635602
21.18709144
21.36972321
19.60492
19.71938297
18.59271092
18.19019044
20.56485996
18.2577505
20.93532048
20.15636058
18.79433191
20.15809177
18.73199087
19.75494883
21.19824127
19.84767717
18.59479727
20.89531473
18.74707367
20.9541995
19.91740916
19.81496704
21.40574015
20.8344141
18.13164319
19.18469726
21.48368264
18.07330467
20.18101379
20.91130268
20.48742434
21.04212881
20.9027674
20.76812278
21.28615944
20.58276267
19.60967398
19.88763644
20.86689913
21.50522412
19.0888752
19.36830718
21.72295759
20.31404717
18.71584727
20.65478056
21.96304862
21.29381426
20.98296455
18.83218662
21.50455914
20.10315537
21.55716009
19.31931132
18.24820421
19.90390387
19.07935042
20.86091716
21.82842621
20.7638966
21.54773572
19.81209605
21.08656295
21.37217375
20.84350251
20.03110914
20.50346444
20.80202798
19.01233761
21.23831704
21.80129816
19.86095726
20.80426873
20.94810362
20.64899019
20.18846043
21.52659182
19.79570684
18.24441183
21.3782255
20.69592509
21.39703451
18.55418977
18.12301176
21.73749816
18.59091322
21.23860933
21.29283977
20.8348208
18.52504884
20.6695945
21.55634633
19.70212658
19.65406742
67.22287301
62.31889771
73.33154774
73.02088695
74.77156678
69.15849072
71.41620626
63.95633793
70.27839193
70.03636674
73.45643881
72.49878103
84.4049995
83.3242955
83.32212925
70.82898603
82.96932951
79.26806468
75.74449789
70.71710697
80.35749698
74.93369117
77.09988763
80.42042534
86.0688624
84.69574871
78.73429674
77.73530334
75.38145697
77.49107505
73.33408174
87.01246201
80.69558303
73.60062412
77.17902677
80.26811054
80.42953878
72.48097223
87.1088004
76.31432369
72.17224396
73.13523642
81.18557871
74.11552285
72.58039557
77.98033463
81.86582206
73.70088955
76.99476214
78.66528655
74.53346924
80.07795905
73.34581817
72.72683731
80.29808971
75.94811964
73.50833469
78.76369358
86.62145769
83.56701825
85.04577225
85.94649819
87.55784088
84.207903
81.73060349
77.84307744
74.90269628
82.98257463
87.91497966
79.47392402
83.5748581
79.91764297
78.91017723
78.56413559
80.07322622
77.86958303
83.97956694
85.98752694
86.1253381
75.64245324
86.33371741
77.46407605
76.94818394
83.62729409
76.87499384
72.84732262
77.97773464
83.5432892
77.23118644
82.07278732
82.56175259
83.73961541
86.35392166
78.92088046
74.66276987
77.10266341
78.91464578
83.42223148
72.20992628
77.05253655
84.47744886
82.73369148
83.70780743
84.98893968
84.53173904
82.91489882
79.03455417
87.73753957
32.44206222
30.09771716
30.67399638
33.23879334
34.71832655
29.94380308
29.32701194
34.44179209
34.65777241
30.56882194
31.21462264
33.02519684
21.63808531
24.08966969
20.64195146
20.33015923
21.09401705
21.44167207
20.66591
20.454292
23.54512126
20.89595787
24.25437012
21.80863729
21.17880114
19.35524683
19.41636183
20.78600865
20.72839317
21.58071466
21.53600304
21.17913683
20.27163855
22.08006276
20.98208124
22.48785275
21.37961112
18.26448995
19.37493098
20.38488283
20.98613032
20.2983124
21.24601534
19.22244955
18.82557927
18.30310189
20.39066255
20.85401914
19.32313127
20.47397289
18.2261092
18.41483466
20.82699382
19.4909722
20.70519404
21.34735828
21.43104381
18.7066117
19.96428962
20.95580516
21.0999728
21.14276255
18.91630057
18.77374314
20.363959
20.96836834
19.28025916
18.42235704
20.87099199
19.20247749
18.66903466
18.59446356
19.25963819
20.37071226
19.43360895
18.08264741
18.38763374
19.16201299
20.63881793
18.39406029
20.24262741
18.47954348
18.84646131
18.68875411
18.26891454
20.68531927
19.85361419
21.32421376
18.39556336
18.57893173
19.22583093
21.06346395
19.22303529
19.63367483
19.20641427
18.32089717
21.75773449
20.19415597
21.15133275
20.63342837
20.05701712
18.35871303
20.57093418
18.62148142
19.65753268
20.51645257
21.128916
20.7401807
20.68613412
18.59616884
19.38451416
18.17164909
20.87790757
21.81034393
19.05644156
18.35078684
19.90228031
21.42679289
20.20789678
18.1871086
21.89708896
21.31459964
18.52637631
21.68719103
19.80275315
19.48759196
19.84421332
21.33828783
20.63791871
18.23699381
21.83041748
18.59113653
20.98227181
20.54454612
18.75011219
18.6829283
21.48131037
19.67877969
20.61830606
20.01628402
20.90941407
19.9169695
19.14951966
19.45353348
21.43631078
19.87213877
18.85379733
21.73842155
21.18640183
18.22266458
21.99577185
20.77970679
18.6410664
18.94867073
20.76978193
21.11904422
18.95614377
19.02787542
19.22848278
20.39207346
18.68726471
18.4169728
20.71545636
21.11639176
20.00371762
19.45533084
19.72817085
19.55363134
21.83993963
21.07235962
18.83234886
19.53675661
20.17604917
20.45194345
19.87273558
21.24050654
21.07042408
20.02063167
21.41771755
21.00435812
71.78871314
74.2070506
64.8239504
64.84001501
73.28975068
71.70227868
73.80101936
62.05857018
69.73749625
63.1669454
68.0530019
63.31815827
71.82777846
70.02885272
79.62130637
75.41203101
71.47252218
74.85044231
72.4620123
84.45510378
74.80647583
75.02295868
82.87459621
79.89316942
82.86256924
81.68297269
86.6163057
74.86014123
87.2976801
84.78352705
80.93502005
82.10235831
81.88692674
72.49673355
75.03533439
86.85923295
80.45317106
77.95999326
84.09158428
80.29583232
72.12395162
83.67926579
83.61502238
74.55280854
87.20179354
75.49183107
79.22880109
73.74717245
81.63292051
77.98849619
77.63213921
85.21117444
72.13567069
84.74680422
81.12370269
87.7565096
81.41154807
72.86857349
72.79285075
86.10977647
85.45532428
77.53051957
81.8845891
79.82962971
87.4704261
87.19518884
87.73721255
85.85905906
86.54867092
75.47283759
85.29201441
83.33771341
87.40374506
81.13941031
73.36197039
81.5575993
82.98449819
75.52441142
78.3050624
81.57527149
77.98494313
77.99841468
74.12867458
87.05111187
84.00774886
72.01975674
84.24965078
83.83655892
72.15555682
77.91351917
81.70780617
79.24385828
84.44761576
78.80718201
74.46166454
87.62248175
75.87261075
83.48304491
74.29047246
77.26417215
79.07241137
75.07568324
79.19932281
74.51457655
80.94407354
82.61938031
72.99892051
85.93808094
29.98489591
30.24231372
33.03263263
31.80000068
31.99612569
29.62018621
33.95670274
32.74914089
29.66643938
31.19358996
33.98661704
32.43746607
20.6467454
21.83003997
21.24726974
22.47824445
23.93825654
22.11447555
22.10137108
24.21597071
22.7413094
22.69653483
21.33335515
22.88259666
20.79092903
20.05750338
22.48988877
22.04422513
21.50230519
20.63296728
20.3245967
19.1893395
19.68430046
21.60214318
20.29055547
22.04577568
18.68088439
20.1295486
20.68668443
20.16371727
21.66038067
22.06365269
18.55196261
18.60871471
18.61019863
20.82418693
19.58425972
21.03373824
19.64072289
20.53011689
21.09966827
20.21224878
20.17736605
18.37055611
19.66198436
20.20248439
19.8669773
21.62386699
21.6468836
21.30810567
19.50493653
20.87320349
19.58491342
18.93400903
19.37532992
18.28736903
19.33082084
19.84677872
21.82611339
19.25733904
21.61396324
18.91906486
18.76387559
20.07598183
20.69004548
18.177329
18.88426346
19.82273467
19.32401734
20.85048432
20.04464238
18.64143642
21.57786152
19.1716227
20.92452444
21.11966312
21.8526308
19.99402987
20.46334206
19.33950517
20.71271717
19.85353394
19.75060946
21.42187012
18.20067537
21.52784971
21.40827935
20.02546501
19.96081142
19.44722947
21.97669517
18.44467733
20.36086094
20.72672636
21.73732003
21.12081399
20.57538881
18.46724927
19.49493407
18.55536657
21.52485093
20.99848462
21.03014715
20.60902607
20.02817415
18.59988424
19.31877955
18.54766317
20.89965257
18.6409151
20.8084542
20.76902156
19.83721792
18.54091462
19.2592033
19.28037244
20.80154053
18.45497208
21.31627458
21.04402916
18.74522767
20.87665753
20.67405273
20.9924832
18.75571422
18.63036129
18.94593594
19.46348681
21.17465992
20.95169575
21.70180637
18.23451824
18.04622512
20.79655532
19.11714998
19.33631558
20.1872081
18.40965249
20.57077767
19.30058978
20.5308605
21.33602765
18.68444533
21.72349237
20.12275256
21.69171106
18.83092033
20.41825066
19.61554847
21.09688876
20.42363577
19.97806183
21.65194163
19.50846826
18.87992082
20.43240475
20.49611375
19.75637849
19.94644017
21.83821366
20.93074277
18.44240701
18.84852028
21.90230654
20.90586222
21.6601805
19.21544586
20.96746744
20.85601083
19.17875994
68.69110203
69.73284551
67.74339263
72.44963041
72.52701897
72.76816746
72.12656054
67.83793529
66.38756085
72.50671746
67.86673984
64.55065102
77.71397162
72.04150924
80.57408969
75.05349829
73.88542455
84.68501574
81.89719305
82.05531868
79.52016496
82.86396202
81.62220171
79.13296789
86.85372249
74.61512608
86.57151105
77.95247253
79.97165743
73.52004614
80.15786871
81.28863218
87.43544532
87.07746011
86.93758253
77.10876371
87.75483166
79.19250525
85.52662488
75.37056616
79.99721888
87.35124611
87.04791935
82.84023034
84.66331113
74.73303975
83.44628095
81.79054636
73.44719621
73.79282957
73.71740146
83.56964943
74.24961915
79.46464025
77.69305808
80.78867232
83.28363093
82.93565126
80.22905906
79.41029493
78.361288
85.78644123
77.28991878
76.14619795
83.88902103
77.75248309
85.5478711
77.24251168
83.2271221
72.71825346
78.16525397
77.4879632
85.06604319
87.47204671
79.37333844
85.19656254
83.19431654
87.47733601
84.97692044
73.23894595
83.4117068
80.56722199
72.2622832
76.02027754
86.74791736
86.81681528
84.78144458
87.70830525
84.90456058
72.16312844
76.60520236
72.48984774
73.50558637
75.50130811
80.05678303
85.56034778
85.79143515
81.8591983
86.85078167
80.00096651
86.2245436
79.26501366
76.43557077
86.66257341
78.20693118
80.054435
77.26174045
82.60536988
35.16819309
28.96328115
34.5590206
28.82512123
31.13105246
29.87907782
33.64698094
29.12390379
32.34229749
30.68752136
29.6554839
33.73963008
21.13402626
21.16206379
21.39234282
22.78871385
23.11530211
20.2388582
21.2435748
22.09074816
21.64725556
24.12108323
23.68893381
22.96398691
19.8166215
21.30195367
21.88754104
20.86842498
21.64515391
21.50033366
20.77383578
19.71070222
21.48672346
19.27903769
21.62478401
21.72742299
21.39076465
19.98714382
18.86001866
18.48720905
21.07411749
21.6484617
20.70224948
18.66580807
21.84393575
22.06179876
19.82823526
20.47712175
21.12917863
20.96566689
21.89214506
18.47725351
20.34240944
20.78766269
21.58109166
21.51707508
21.93303468
20.06756019
21.34351358
19.72804758
19.69303585
19.01704403
21.27703355
21.94747353
19.02901978
18.22802546
21.26625208
20.48485254
21.84298825
19.01260659
18.28762118
19.97360324
18.34186409
19.04716
18.50391144
18.89652872
18.42457861
21.815624
19.11425085
19.77559034
21.59444723
20.70928635
20.47214992
20.82225276
21.31528903
21.51067707
20.57055868
21.5600291
20.14159011
19.10916343
21.52030684
20.16589131
21.62455035
18.16067126
19.59006301
21.79122007
18.99860037
21.76614498
21.81560984
21.52856926
20.25467218
20.5877578
21.47846799
21.10358833
20.5203754
21.92903763
20.74270655
21.90192797
18.2295539
18.55584148
19.80583538
19.53951784
21.13093937
18.64245611
21.90438072
19.2602635
19.71569483
19.09898013
20.31745447
18.2345148
18.59871002
20.98319081
18.74600233
18.94205781
21.17192894
18.37320471
19.74989529
18.09225355
19.3872296
20.79592561
18.36041312
21.55333851
21.63799617
18.4199615
21.96292975
19.19011821
18.33640668
18.02026846
19.63409158
20.51923994
19.328717
21.34686946
20.8664251
19.40064613
20.93723867
21.76195095
18.37238399
19.22441584
19.85330376
19.99196051
20.16878258
19.20250763
20.66903858
20.58033801
20.31128603
18.45504689
19.90787156
19.42490755
19.96415388
21.68746574
19.92212537
18.05592317
19.75534695
21.28259272
21.12024369
20.05356029
18.99907605
19.86035465
20.25480888
21.99948575
20.57671236
20.77705972
19.96581657
19.4179582
21.25181193
19.9797293
21.97876052
19.8284823
18.27200113
20.73031255
61.83432373
64.60682172
66.01084024
71.25697676
67.9216086
61.58958467
69.58915798
66.79553283
73.73694934
67.99404743
70.84206198
64.1766115
81.65030972
81.02922642
83.87134812
70.36491188
76.78521083
80.38049185
71.31694373
76.21257512
84.46211528
76.6057033
85.13348224
70.72214223
82.98436476
80.80848222
79.52858303
87.00835707
73.62995997
85.81796733
82.5614875
75.68707355
85.90814609
78.39550637
84.51747143
77.75205597
85.51215537
82.08744262
74.16763804
82.29573708
74.97144238
78.49645313
74.63505967
72.26543514
75.29971641
80.48525404
79.60932951
79.92792478
75.94475894
82.94266819
83.24822822
77.70883061
86.07805772
82.28461842
83.38861033
76.4190937
71.99250381
85.82540675
85.13835204
73.95331715
77.98193885
82.57746503
82.42981689
85.76148861
74.24072686
78.87524977
73.55206002
78.22976877
72.23825153
86.36822317
80.42884318
85.59272752
72.95777481
75.63860363
76.14934888
78.18631332
84.84504744
78.1841754
75.27373384
73.03914298
73.27116456
84.15994735
79.11608833
83.61809521
82.91643475
74.16565699
74.28606432
84.0853108
83.5401323
78.04834242
73.23861559
72.19342974
76.6103641
72.14741785
75.68101663
78.71186072
73.94262385
73.66841584
86.34296582
81.36748922
86.9512576
77.53318885
82.83428719
75.27503789
81.89341363
74.07334324
72.03326257
86.90447545
32.3513178
34.73241357
30.93651581
30.89782491
31.36418599
33.3186559
32.42116903
34.72226474
28.96281621
33.3324476
30.91409128
29.95348962
22.44657116
22.42268452
20.77380827
21.06449318
21.98857649
21.99147392
21.58265928
20.82548114
20.17959298
24.50665174
24.38687521
22.32675247
22.50773171
21.19128788
18.71404025
18.91417352
22.18438975
21.01269357
21.88567987
22.11131222
20.26677024
18.63076207
19.20319608
18.70467847
18.84498314
19.73641389
18.56145658
18.75653422
19.87824686
19.45361504
19.96601148
19.81132817
20.67668603
21.85315218
18.5199283
18.48534635
21.43177921
20.04481137
21.08584308
18.87979483
21.33591311
21.71621406
20.56165231
18.44120265
21.60189718
21.19027405
21.02367447
18.16433378
21.1999197
18.55536599
18.8931715
20.31243858
19.0635826
20.64935674
20.43620479
18.43613745
20.62801814
21.69998523
18.64801935
20.39216263
19.36746149
19.83844669
19.14800072
19.41652255
18.11564729
21.92620695
20.49919969
20.00282236
19.5348614
20.15749824
19.52042399
19.43963171
19.85578617
19.10393213
18.7201996
20.22642359
21.37106174
18.61131271
18.13093736
18.98724698
21.91888257
21.3150323
20.38346421
21.71699566
19.78111647
21.93312241
19.18520818
18.961223
20.5521928
19.51261587
20.50546217
19.21998207
20.47167303
19.10298504
18.20388828
21.64854361
21.53282081
21.8831926
20.8661087
20.73088471
20.23601228
18.50376967
18.75694124
19.15787875
21.56062545
18.6918781
21.6914927
20.09114293
20.86227854
18.44097795
19.0761342
21.83407443
19.06459979
19.18608688
18.79038954
18.51629466
18.93303057
20.56930757
19.82147093
20.21502335
18.48945932
21.20846579
21.1363788
18.08635964
19.53406038
18.27508241
21.16842312
20.94907873
21.60795238
18.94561584
19.82518353
18.73795151
19.48493974
20.08897301
18.21332316
20.85948164
20.17317344
21.31583607
19.087122
21.61328442
21.99477701
21.67719375
21.1115699
21.24947521
20.29497697
18.76061545
20.70816274
20.85101201
21.94154056
20.16520527
19.08547606
20.73469009
21.91750328
18.70885563
19.30399167
20.16752382
18.68085854
18.08888256
19.34793249
21.46148321
18.1738736
19.71571624
21.04880309
21.81273039
21.9419016
19.68787752
21.80153718
18.14167589
71.34447036
69.94134607
64.59349726
68.09953161
62.96193083
73.05372125
66.06741396
69.7142048
63.35935749
64.00384189
74.69060664
71.44197496
84.76980342
74.43161008
72.39401585
77.64762255
77.51725174
72.55516989
81.21956772
75.45478733
72.73238838
74.99238228
78.58798302
81.11482887
79.23199265
79.92706272
73.77779617
86.11524447
86.33842964
82.43721649
71.84840993
80.10962833
81.57509853
87.38698076
87.40944886
85.20744909
72.93367032
87.14771935
81.70441686
84.7124113
78.42086749
77.02217389
79.31661204
74.26077222
77.61980255
85.61901374
72.52007913
74.32475189
73.98409811
78.43038087
87.93068198
74.75578119
74.30988374
86.62009786
86.0921412
72.49844212
84.00712881
82.46765424
84.26362483
79.89286039
87.85785012
72.69806262
75.74630939
78.34097524
79.19264564
86.73771483
80.95618374
72.71828528
78.52203818
78.66007073
87.44365752
81.58323727
82.1696283
83.41124774
84.31981957
82.16002838
75.79438199
85.98390918
83.71311315
83.86912261
87.94406356
84.83961009
85.26560389
87.22165092
74.41800111
79.96348449
81.2889163
77.26826331
85.43028948
84.19855228
83.53396881
87.95422216
76.14995577
83.76715519
80.82231642
77.00767906
74.5693613
86.33410824
81.52725642
85.19890869
80.72548875
75.51960429
77.40075129
78.10459149
87.56692337
72.09010477
87.77062266
87.68735249
35.17535831
31.85015823
34.96837069
31.33182875
28.96827886
30.23581619
34.84988928
28.88808849
32.29435627
29.28384455
30.63293222
29.36378861
24.01068691
22.80799553
24.20143564
23.24382106
24.51020916
22.44425066
23.02142214
22.74186227
22.3294855
23.94989664
23.04747134
23.74987764
21.65294642
19.21452075
21.09506958
19.24975806
20.82128043
21.20677221
22.51667458
18.55709972
18.80572862
18.74750112
20.06368759
21.79722567
21.47883116
21.04846834
21.69113298
19.38403864
18.4407111
18.32012861
21.51129177
21.0221695
20.89427459
19.45162709
19.61331489
21.93724984
18.27274398
21.11517807
19.25700228
18.17364843
20.9904119
19.34219823
20.90864311
20.85061492
20.15848107
21.12975762
20.34366447
19.16492809
20.940481
20.36046772
18.0543749
21.61072517
20.18644953
21.47863217
21.5350813
19.78366436
20.03448587
19.66679285
19.80154827
21.58473211
21.15257606
18.50610271
20.44123113
21.98362656
20.3822028
21.1434865
21.07624589
19.4012701
19.48739721
20.89630569
19.99993413
20.28228284
20.85162316
21.11030011
19.08606631
18.58717504
19.16717859
20.0301533
19.36856527
20.27345104
18.2138629
20.03900165
19.47193963
20.13866702
19.69013342
19.1369034
21.61643162
18.73905995
20.7254623
21.69857885
20.15467984
21.50563395
18.49940591
19.97515508
19.82810112
18.03247523
19.77302937
19.47611903
20.67919491
21.75331911
18.34316435
19.30990555
19.77625895
19.82074151
21.09923888
19.77358266
18.10864521
20.84041638
21.53931878
20.05561885
20.32443409
18.65174576
18.88258378
18.94068096
19.7229679
21.71258088
20.08713907
18.76839058
19.06435094
19.53606012
20.4930359
19.76013261
19.56977938
20.2589144
18.96733998
18.31561309
18.09765726
19.00503665
18.36636814
19.34536255
21.09173416
20.86517732
20.44371049
21.41000098
19.1282705
21.54021501
19.59695668
19.60357327
19.62140645
18.39237747
21.90196199
18.55402711
19.3635429
19.27720128
18.29871773
18.60904052
18.17943334
19.16961797
21.4666277
19.35776882
18.49476733
20.58277547
21.98640365
18.92929516
19.11828402
21.88738822
18.71510515
20.04485627
18.95860853
21.72940759
21.92608406
21.25879138
19.25913526
19.6139499
18.96922273
21.56303187
21.65823311
19.67548265
127.8820201
115.7057189
122.3864103
127.2611778
121.1579973
120.4684682
111.624775
131.5464779
133.6555728
135.6426955
129.4379304
125.2100493
138.1184797
159.2597128
147.3992427
150.0462219
150.0824825
154.798492
130.6001167
136.6983514
149.5938646
156.2434205
150.1674111
142.2947078
144.8354613
156.0489471
156.1469535
152.1494717
142.7473856
161.6262124
150.5056072
157.6143483
140.4486717
144.3136632
160.119473
135.5567886
150.160947
149.2439254
157.3184545
143.2578863
141.3756915
162.558258
151.9403064
137.949132
140.5958546
164.7360306
140.6729326
153.1016696
147.5629069
161.5231647
157.6113348
152.8661353
135.2846401
161.3490963
148.2988845
162.9021389
149.8246075
155.7835187
137.040763
157.3109099
145.1318305
145.5326978
138.5519899
139.3979821
140.5649746
144.8381509
161.7501251
146.0397064
156.7221879
137.4747994
152.7244924
149.4484471
164.3369153
160.3844539
148.6432442
158.2525274
140.7896004
151.8684051
137.2370492
145.4410575
141.7742927
156.5655576
149.70106
157.5303668
150.4585293
137.594228
157.060681
159.9965229
162.1055771
152.1594208
157.6072111
157.5609805
139.6721829
139.9263102
137.1262609
144.5970882
149.2051914
164.9368624
147.9297346
156.7872081
155.8018417
141.1343959
136.7551539
151.3801354
156.0090985
164.9474805
145.7582669
161.890865
44.9137656
47.7425739
46.90391339
41.88739278
42.12116134
41.59101759
44.81166061
48.26135568
42.98933718
46.97383372
44.05720283
48.73231804
26.70391377
26.58808635
25.32515823
24.11421367
26.75959515
23.61794434
24.14038584
23.60709394
26.07801645
26.13862682
25.96864762
24.77462878
19.35751911
22.77020104
21.07253136
20.64853847
21.41377461
19.74726165
19.49376477
20.64244961
19.89214418
19.96397305
22.69168777
21.16943408
20.14118846
20.97380062
22.03297674
18.64066162
21.55601319
20.54757181
18.7779418
19.38815858
20.13671179
20.98066144
19.16772042
20.34896611
20.78182296
19.83613651
21.4967242
21.52251029
19.924121
21.93723756
18.34040922
18.05091747
19.56328019
20.44682935
20.55947555
19.94718695
18.50722905
18.68976179
21.41749791
21.48057673
20.70420351
20.66546514
20.39921105
18.81952921
19.72120341
20.79222457
20.15739107
18.08184025
21.81422723
21.37926421
19.04218006
20.46583574
21.69295753
18.38404405
20.01211792
19.8249721
19.64082002
21.34235444
19.52258459
18.25465333
18.26335097
18.17097843
19.63658169
20.87362511
18.81488985
20.58587408
20.74835389
19.0208085
20.40223062
20.73947336
19.86645449
19.34686639
20.47660621
21.91138835
19.70736564
19.56694039
19.85706761
18.30487357
20.21265312
19.31478955
18.48568849
19.86502696
18.01353595
19.60714098
18.42294107
18.09717081
21.29790019
21.66499521
18.83069859
20.15719306
19.11183263
19.97430975
19.74652528
19.07620422
20.80157432
18.50596384
18.21229113
21.07070173
20.66372012
19.9941045
19.87115908
19.98964552
19.7480963
19.57156918
19.99876241
20.11406068
20.76760926
20.84482864
19.51051632
19.65416209
19.49478868
20.14614309
19.81341415
21.55838585
20.78544507
21.59462554
20.83654797
21.88396859
20.54294711
21.85420055
18.63267956
18.20991072
20.31650074
21.93397282
19.67042099
18.84817345
20.0861658
20.5951945
19.26071478
20.85907743
21.90045803
21.58785249
19.16634149
19.30689473
19.4861649
19.57821111
18.401278
21.04785136
19.46135705
21.51927991
21.70776249
18.09772524
21.95401228
20.84009093
20.0815689
19.55811043
20.07407253
19.2984989
20.49075125
18.37192111
20.48449041
19.1013794
18.07053932
20.21082306
20.31379102
19.70627602
62.18309276
73.34946416
69.51545898
62.77370087
68.14865584
67.9626587
62.02146542
69.45329197
72.19323903
71.38650954
63.96038403
72.9271784
75.15625441
84.52981003
70.9535284
77.38595885
79.10737033
73.68352953
81.81182053
79.56942095
70.12105847
79.28188053
77.4677422
72.88237321
87.4043798
85.83646755
76.22004238
80.17319192
76.60165003
83.90148443
86.36399111
77.27481016
84.3800119
79.49467356
77.87518544
86.49266114
80.07027525
79.38319372
82.65963969
76.08833152
77.10404991
86.8084381
82.75704975
85.12392293
76.24618285
80.60380227
87.43728946
77.00674327
74.54972739
80.15493433
78.18636819
74.53534295
86.19613009
87.83049819
81.07785154
84.37457354
85.72403521
83.19574033
72.68904723
74.50426239
73.13231654
72.15461012
76.89225153
78.27393804
75.85283461
73.03016875
80.47394652
76.36944321
84.73252712
72.12537976
85.47632976
87.27186961
83.45735981
83.73750116
86.93616239
75.34441725
87.91220513
84.37488925
83.62432853
77.7767026
80.73166474
82.46189297
81.9246993
83.27895473
73.31796705
77.69022576
78.94384869
76.16992252
74.76189278
74.22269717
77.86198478
79.89491381
73.00748287
87.1431622
84.24373142
83.69346768
74.76573969
81.66078093
80.47556825
87.71946785
83.96271608
81.21215895
85.61296979
74.48147973
72.24343673
83.04370145
73.57295511
73.84690988
33.5659502
30.53141714
32.82323348
34.67139767
30.82543108
30.18971681
29.4819968
29.63495342
29.19821964
29.36090559
31.56482331
30.85353036
23.32539117
24.05868131
23.67578265
22.53725367
20.61893955
23.33975615
21.78547149
20.54371264
23.93424819
21.67520881
21.13775361
24.06410393
22.12714006
19.82042431
19.88526637
20.8061582
21.4361761
18.69065891
20.86233537
22.33475071
19.50553637
22.154556
22.32388926
19.53445308
21.11768809
19.04608447
21.05100673
21.2913903
19.07996912
20.96362282
21.35041051
19.52760016
18.76043095
18.45602394
20.39897409
22.01757191
21.3122414
19.76231217
20.16582423
19.13646492
18.67016963
19.94745581
19.8730661
20.10700401
21.8321571
20.43518015
20.4426935
18.52987066
21.99017677
21.09542932
21.51294307
19.66097583
20.01235402
20.0921922
18.77998322
20.76194215
21.61605638
18.658405
18.34879538
20.95689857
19.09280733
20.49545017
20.78303335
19.28764305
21.26057839
20.19995593
21.47599763
21.05317421
21.47430253
18.08064553
18.97402504
18.36003176
19.76833207
21.55984049
19.87016105
21.39885218
19.30871295
19.35828029
21.58224692
19.70326859
21.15906195
18.94657419
21.79520332
20.29831299
21.03729427
18.3580628
19.9706569
21.60415399
21.50815452
18.18725583
19.21479388
19.77328003
18.68905926
20.91999324
18.73804798
19.38655878
20.65312255
19.92835738
20.95428415
21.8448316
18.46618675
20.83827087
18.92137662
19.65790691
18.1314509
18.54362953
19.27910916
19.36794322
21.59834087
20.96725164
21.88873187
20.39628604
18.96685493
19.31062012
19.27934369
19.30597731
20.69185669
20.12323171
19.54169671
18.59635907
18.08855665
18.87533871
18.42988562
21.14178012
18.44999183
20.89691295
19.54263476
18.29351356
21.2509202
20.31852228
18.94304605
21.5787247
18.18103326
18.80727843
21.00818771
20.83751172
19.15708677
18.2480995
21.43231229
19.25479055
18.78285366
20.06424729
21.6409088
18.17418631
21.06321635
20.28989291
19.70179647
20.97632178
21.8632977
18.91682484
18.57458946
21.65152698
20.67581231
19.75194409
20.29303828
20.98245562
21.09212759
21.67957672
19.70737116
19.17364364
20.55865707
19.6629116
20.37839382
19.67994319
18.61198315
19.87770701
20.76367129
21.19713523
67.90923736
63.44723531
66.83975285
71.89359743
66.81488608
70.67281879
68.09810607
64.4806345
72.02764691
62.34530298
68.33850785
64.04091807
70.88085856
77.6455347
77.59320466
80.81110199
81.39853076
81.1353239
76.19635153
79.6438255
78.79419017
76.38263845
79.10874101
84.54128705
74.6357821
85.97339941
72.41815649
76.47262204
76.15066203
81.52971068
73.65500163
85.60085642
84.7452816
81.9384548
78.85861358
86.40573289
85.18959454
79.89305552
83.1300977
80.97359418
81.30938732
77.20286237
79.29808165
73.16204296
77.62431797
83.03349634
87.14675474
87.30413497
80.87215193
81.6863466
74.9535458
83.10497975
73.11298935
76.53659778
82.67396704
76.94649051
72.78007857
85.28945217
76.94680845
72.99216127
73.19309719
76.02449143
74.84466244
84.38475122
77.14324169
84.87105855
74.77794645
79.88223234
83.00460972
82.42789693
81.61415289
86.79297937
75.65567606
79.89874024
86.14305382
73.24559709
72.89351251
75.73210957
82.12755108
76.15734291
75.04311772
79.34007537
81.81678365
75.97619393
76.81091151
81.81679179
87.13164746
82.79570867
84.52630401
77.86881201
76.35592315
79.2681317
84.91396222
79.30064201
85.54744229
87.82018308
73.15239856
72.72653457
74.39340668
78.1498848
74.09664689
85.93059864
72.37031223
77.05265387
74.95508529
86.90459591
82.71166432
86.59245085
35.02289702
31.98142262
30.29963647
30.03985846
30.22667491
33.33499077
29.05884708
29.12870527
32.69210855
32.90915942
33.05767637
31.18002924
23.7706318
22.55063692
20.63248489
23.73100359
24.42974234
20.42896156
21.9132528
22.34407066
20.81618786
24.04733477
21.43298923
23.66787696
21.18039314
20.88159544
19.21901688
19.33600139
18.62593884
19.41795788
19.84693679
21.8445629
19.93274412
21.52293056
20.23195534
21.64682035
22.01023076
19.05037114
21.55232335
20.58563532
21.37126904
20.70525401
19.79033781
19.00307875
18.36788553
20.23875536
22.06671859
21.05273757
19.32791916
21.32927566
21.09616889
19.14490465
18.07456489
18.49038429
21.52987361
21.36674453
19.1992496
19.15915685
21.19178454
21.77183078
21.1206034
20.42623579
18.97432777
20.10685143
18.93768277
21.23612223
19.5515975
21.33888515
19.53018595
21.30068657
19.33698325
19.76432484
20.46195368
18.28115046
21.79282825
20.29442314
20.03128006
21.35757588
21.46305092
20.08904162
21.7090493
18.25895106
18.45290317
20.38715292
19.41626345
19.85690066
19.31231687
19.61890125
21.29058539
20.3739048
21.9893782
21.14751679
19.09466502
19.05738047
19.34359308
21.37303792
18.1091506
18.92072512
21.61967368
20.55958574
18.90738838
18.87657987
21.45047241
21.57503003
19.02452436
19.68204143
21.33838295
21.08402975
21.25566443
20.07359276
21.64619619
19.30380618
18.62668854
20.83492933
20.15741766
21.41834308
18.324637
21.37476961
19.17317861
20.61942267
18.16051516
20.43832519
20.86908676
19.47500086
18.86164282
20.15052271
21.33276322
19.29418943
19.00987719
19.11574123
21.79652861
19.43710766
18.01441696
21.12672483
20.79709918
18.51427306
21.939617
20.43224914
20.00311796
19.52887707
21.59469102
18.97585393
19.1430756
18.48964323
21.03647638
20.38219712
20.43626468
18.87388172
20.60467356
21.06183379
19.43155412
21.20538858
19.39516235
21.03255385
18.13492043
20.20465841
21.87810624
21.9249784
19.12701031
19.76559636
18.25191163
21.49336523
20.27428861
19.54040272
18.45108223
21.78706914
20.12087619
19.13171172
19.40086052
19.08278872
20.40723924
21.7198543
21.42677521
19.8415235
21.30599745
19.69242193
19.00922856
21.93366046
19.21555027
19.29489692
74.659823
63.02141391
71.54326224
73.92705352
68.16041192
61.23429596
66.30080164
62.7173383
66.86015219
71.94436396
67.16647706
67.07418165
78.48137268
78.86783788
83.12971871
74.62567642
82.59233802
78.62329178
74.50421861
74.4203562
75.44485427
79.50419913
73.42219807
84.12357688
80.71140974
86.19993092
72.30601492
77.01689124
71.93073304
75.89789287
85.27735094
72.15024092
78.50448348
73.43778669
78.19743384
84.9090956
81.87077357
83.6875558
77.49256305
87.00583068
83.24817567
78.65428257
78.72884868
86.59490811
81.12500812
83.20210488
78.57815652
75.48838934
83.5568902
81.70556631
80.00228093
81.9646588
75.31448956
84.68269058
87.14968394
86.23694847
77.12445761
78.47725331
84.91405253
81.50230884
80.7627543
86.82210382
80.57253171
80.2351674
72.66880919
73.10716203
72.11526323
86.60775024
78.53041692
79.49316616
85.5220859
81.74401706
81.75124072
76.74381412
85.34171469
74.65256295
72.84969411
75.06493309
76.28306318
76.51624236
82.72742339
75.48446874
82.82573774
73.45740957
74.35509662
80.1409893
86.75016628
85.75291678
87.49988708
82.40750682
82.81287886
82.00021054
81.96494539
74.35378276
80.69966836
78.17693684
79.08056509
80.3775783
74.05431031
77.75177388
73.01516494
87.67465642
73.89642008
76.13636658
86.2606537
79.72333013
74.17016674
78.1476586
29.54154949
30.08137661
29.13298543
31.6046499
33.96246466
32.55019649
32.68060368
30.08373202
31.00091464
34.2095429
29.36227394
34.2907496
22.32693009
23.91041918
21.58466757
21.67801523
23.52718852
23.67678156
21.188807
24.51846219
20.53851454
20.46689215
22.82785763
23.39787736
22.36778932
20.09065768
18.53559339
20.90146316
19.61859466
20.20535117
20.43277075
18.69624343
20.42258114
20.17820511
21.35058105
21.07664732
18.83081897
18.91491349
19.09524399
18.80563756
20.72787124
22.08321372
20.70735379
20.52477442
19.7339823
19.34272253
21.74818759
21.98101228
20.00629231
19.17919634
21.10072609
18.54761579
21.0825728
21.29621825
18.5173754
21.92847701
21.96311352
21.76775491
20.003324
19.00252148
20.3319401
19.68351386
18.82740875
19.69848702
20.65952521
18.2871637
19.33738407
18.07464922
21.00201363
20.56671312
18.25419267
21.86314715
