2.296
2.144
2.274
2.066
2.35
2.136
2.366
2.252
2.4
2.18
2.352
3.434
2.43
2.034
2.296
2.052
2.314
2.07
2.4
2.07
3.588
2.192
2.3
2.134
2.284
2.12
2.35
2.166
2.314
2.186
2.33
2.108
2.328
3.434
2.424
2.158
2.342
2.056
2.376
2.106
2.408
2.156
2.464
2.224
2.428
2.234
2.408
3.372
2.318
2.166
2.386
2.138
2.336
2.23
2.452
2.15
2.386
2.234
2.732
2.916
2.246
2.084
2.248
2.096
2.266
2.504
52.266
54.806
55.736
11.058
20.216
71.306
55.498
25.366
6.994
5.034
5.45
5.4
5.65
7.992
5.42
7.802
5.666
5.164
7.2
5.082
5.546
5.282
5.566
4.002
3.512
1.98
2.278
2.016
3.524
2.034
2.25
2.068
2.304
2.092
2.332
2.124
53.692
51.466
51.85
5.372
3.002
3.984
3.246
4.7
2.864
2.426
3.112
2.84
3.084
3.556
2.034
2.064
3.534
2.27
2.292
2.09
2.234
4.73
2.634
2.766
2.7
2.728
2.616
2.474
3.79
2.458
2.422
2.434
2.452
2.288
2.578
2.396
2.768
2.346
2.464
3.558
2.36
2.216
2.292
2.152
2.334
2.166
2.368
2.052
2.342
2.386
2.318
2.08
2.766
2.898
2.2
2.086
2.25
2.066
2.168
2.08
2.266
2.084
2.218
2.148
3.506
2.182
2.236
2.132
2.3
2.086
2.202
2.064
2.296
2.08
2.264
3.352
2.334
1.998
2.26
1.988
2.184
1.996
2.216
2
2.198
1.966
2.164
3.298
2.18
1.984
2.258
1.952
2.184
1.984
2.22
1.958
2.234
2.132
2.264
2
2.218
3.378
2.292
2.078
2.542
2.018
2.144
2.048
2.296
2.164
2.366
2.114
3.61
2.05
2.376
2.066
2.18
2.068
2.214
2.048
2.356
2.108
2.3
2.044
2.312
3.318
2.258
2.002
2.212
2.044
2.244
2.062
2.332
2.05
2.298
3.3
2.302
2.036
2.284
2.152
2.284
2.164
2.25
2.126
2.326
2.134
2.316
2.114
3.566
2.11
2.17
1.924
2.118
2.042
2.172
1.944
2.292
2
2.17
3.218
2.146
1.946
2.158
1.94
2.202
1.98
2.194
1.95
2.246
2.052
2.266
1.984
3.528
1.996
2.214
2.03
2.216
2.014
2.196
2.064
2.262
2.06
2.306
1.982
3.434
1.946
2.152
1.886
2.102
1.93
2.244
1.956
2.234
1.994
2.158
1.98
3.446
2
2.23
1.952
2.222
1.974
2.242
1.974
2.258
1.988
2.202
2.046
2.244
3.302
2.236
1.942
2.15
2.07
2.334
2.01
2.242
1.996
2.186
2.002
3.456
2.03
2.216
2.052
2.15
2.048
2.234
2.062
2.276
2.034
2.226
3.29
2.218
2.06
2.226
2.062
2.308
2.052
2.23
2.066
2.238
2.04
2.2
2.064
2.3
3.322
2.208
1.922
2.134
1.978
2.158
2.014
2.266
2.18
2.264
2.082
3.64
2.072
2.236
2.118
2.326
2.056
2.268
2.164
2.346
37.134
61.116
52.378
12.268
2.802
4.034
3.066
4.794
2.96
2.722
2.912
4.3
3.746
2.446
2.05
3.584
2.116
2.33
2.136
2.35
2.216
2.366
2.182
2.362
2.226
3.656
2.252
2.382
2.2
2.382
2.206
2.392
2.334
2.316
2.134
2.334
2.118
2.35
2.234
2.334
3.566
2.31
2.14
2.36
2.106
2.272
2.162
2.412
2.116
2.318
3.526
2.414
2.22
2.412
2.12
2.376
2.124
2.426
2.288
2.318
2.116
2.3
3.376
2.334
2.05
2.328
2.1
2.366
2.164
2.334
2.114
2.396
2.12
2.336
2.2
2.266
3.742
2.396
2.084
2.338
2.122
2.334
2.33
2.404
2.052
2.284
2.118
2.264
3.43
2.3
2.096
2.336
2.072
2.234
2.17
2.368
2.05
2.342
3.38
2.328
2.102
2.334
2.066
2.2
2.094
2.424
2.08
2.28
2.096
3.634
2.05
2.184
2.098
2.284
2.12
2.336
2.102
2.302
2.146
2.378
2.15
2.352
3.46
2.292
2.08
2.252
2.144
2.644
2.062
2.162
1.936
2.196
1.996
2.254
1.932
2.172
3.226
2.116
1.98
2.196
1.95
2.208
1.934
2.296
2.002
2.162
3.268
2.26
2.006
2.168
2.234
2.166
2.016
2.066
1.998
2.216
1.962
2.146
1.966
3.44
1.946
2.138
1.994
2.156
1.944
2.26
1.984
2.25
2.02
2.234
2.066
3.67
2.016
2.202
2.01
2.126
1.916
2.116
1.936
2.152
2.05
2.152
2.012
2.116
3.298
2.116
2.01
2.252
1.936
2.182
2.016
2.346
1.984
2.202
3.334
2.23
2.018
2.102
1.966
2.168
1.934
2.116
1.934
2.2
2.032
2.18
3.266
2.248
2.046
2.396
1.918
2.136
2.032
2.166
1.996
2.152
1.996
2.1
1.98
3.474
1.99
2.116
1.944
2.192
1.996
2.196
1.956
2.214
2.022
2.142
1.924
3.45
1.886
2.124
1.956
2.192
1.938
2.154
1.906
2.15
2
3.4
2.036
2.182
1.868
2.242
2.04
2.136
2.034
2.244
1.956
2.112
1.966
2.084
1.918
2.062
3.236
2.112
2.016
2.13
1.962
2.148
1.95
2.334
1.934
2.096
2.02
2.1
3.192
2.062
1.894
2.088
1.966
2.134
1.968
2.216
1.94
2.142
1.998
3.35
2.064
2.042
1.916
2.124
1.854
2.046
1.894
2.11
1.884
2.114
1.924
2.074
3.218
2.086
1.884
2.108
1.988
2.034
1.896
3.416
1.918
2.11
1.854
2.036
3.162
2.03
1.898
2
1.864
2.046
1.93
2.106
2.02
2.016
3.146
2.05
1.816
2.046
1.834
2.096
1.862
2.054
1.91
2.172
1.986
2.152
1.986
3.532
1.854
2.144
1.872
2.036
1.864
2.042
1.846
2.142
1.84
3.338
1.806
2.032
1.816
2.116
2.034
2.034
1.866
1.996
1.886
2.152
1.902
2.16
1.906
3.352
2.002
2.186
1.974
2.192
2.11
2.092
1.916
2.2
4.534
2.716
3.974
2.576
2.366
2.398
2.166
2.332
2.07
2.346
2.17
2.324
2.106
2.284
3.49
2.29
2.224
2.674
2.134
4.624
2.424
2.358
2.204
2.464
2.232
2.374
6.09
2.872
2.62
2.7
2.666
2.834
6.412
60.19
54
48.916
8.41
67.948
53.922
63.722
61.076
53.794
44.366
61.794
56.262
55.512
57.266
54.302
35.436
66.044
55.626
20.18
19.206
72.376
53.284
25.74
8.932
67.426
53.762
43.284
8.716
3.446
3.334
4.598
3.298
3.184
3.33
3.166
3.33
3.132
3.284
6.55
8.916
3.068
3.064
4.364
3.046
3.092
3.05
2.984
3.13
2.998
3.054
3.168
3.176
3.184
4.314
3.048
3.066
3.234
3.142
3.08
3.064
3.016
3.2
3.084
3.232
3.2
3.166
5.9
8.872
10.222
11.1
12
72.784
55.62
28.182
3.15
3.164
3.016
3.218
4.436
3.148
3.066
3.166
3.184
3.214
3.182
3.232
3.13
3.314
3.182
3.166
4.346
3.284
3.232
3.116
3.05
3.234
3.166
3.18
3.184
3.182
3.95
68.162
56.242
45.324
4
4.806
5.966
5.85
4.416
4.096
3.968
3.98
3.934
5.834
5.214
3.06
3.216
3.334
3.234
3.466
3.25
3.45
3.522
3.31
4.518
3.614
3.124
3.098
3.08
3.238
3.196
3.25
3.2
3.134
3.128
3.286
3.266
3.228
4.216
3.416
3.034
3.25
3.382
3.322
3.126
4.362
4.082
4.332
4.236
8.784
5.504
3.952
4.244
4.184
4.366
4.314
4.296
5.68
3.19
3.066
2.984
4.442
3.114
3.084
3.016
3.198
3.098
3.182
3.116
3.232
3.152
3.316
4.412
3.252
3.242
3.184
3.15
3.436
3.294
3.282
3.45
3.298
3.232
3.266
3.288
4.426
3.116
3.314
3.152
3.25
3.196
3.25
3.198
3.166
4.632
3.214
3.268
3.11
4.396
3.366
3.29
3.074
3.216
3.048
3.184
3.05
3.218
3.066
3.05
3.28
4.59
64.638
52.118
44.85
3.734
4.184
5
9.294
7.38
37.984
62.838
53.72
15.466
4.25
5.616
2.766
8.582
4.3
4.532
19.874
68.754
53.204
23.216
2.698
2.534
3.796
2.45
2.618
2.558
2.34
8.766
6.134
4.566
10.948
6.916
11.528
5.372
3.076
3.072
6.248
3.288
3.076
2.912
4.932
11.84
6.988
9.3
4.598
5.85
4.182
2.7
2.828
2.584
2.606
2.54
2.522
2.592
2.516
2.634
6.66
4.516
7.182
3.734
4.81
3.716
5.73
3.55
3.766
3.628
3.75
5.116
5.422
3.126
4.404
2.914
2.922
3.826
6.932
6.95
5.184
15.56
72.22
54.064
34.296
6.54
55.95
51.332
56.05
8.068
3.83
6.446
4.086
15.548
3.716
6.376
3.466
3.142
3.42
3.122
3.342
2.8
3.208
2.85
3.17
2.766
3.014
2.54
4.134
2.392
2.876
2.934
2.734
2.324
2.672
2.238
2.64
2.368
2.56
14.752
4.536
3.472
3.276
2.618
3.13
4.484
4.108
14.654
13.984
11.2
14.372
19.978
8.656
9.716
29.114
23.832
3.584
3.04
3.45
3.04
3.476
3.034
3.5
3.024
4.788
2.972
3.444
2.966
3.318
2.83
3.36
2.766
3.294
2.834
3.29
2.988
3.234
4.084
3.258
2.794
3.326
2.75
3.268
2.794
3.276
2.79
3.29
4.19
3.29
2.828
3.49
2.788
3.3
2.782
3.294
2.79
3.3
2.862
3.316
2.86
4.56
2.806
3.25
2.852
3.266
2.772
3.256
2.762
3.306
2.848
3.316
3.154
5.588
8.876
3.45
2.708
3.012
2.622
2.992
2.566
2.958
2.574
2.908
2.558
2.958
3.912
2.942
2.566
2.934
2.576
2.934
2.576
2.942
2.624
2.938
2.596
2.924
2.526
4.266
2.536
2.88
2.492
2.942
2.558
2.904
2.606
2.86
2.542
4.188
2.556
2.976
2.636
2.954
2.6
3.008
9.908
70.772
50.814
32.36
4.206
5.284
4.45
3.89
5.2
3.508
3.194
3.624
3.25
3.692
4.3
2.978
2.648
4.264
2.626
2.984
2.626
2.938
2.53
2.94
2.558
2.95
2.642
2.942
2.608
2.854
3.788
2.884
2.504
2.94
2.576
2.95
2.55
2.934
4.26
2.942
3.916
3
2.658
2.984
2.584
3
2.626
2.966
2.642
2.996
43.42
57.066
55.432
14.45
5.202
5.36
3.99
5.65
3.65
3.962
3.674
4.018
4.73
24.5
65.648
52.962
20.7
59.458
55.826
54.9
5.59
9.64
2.932
3.684
3.366
9.038
6.584
5.098
3.482
4.684
3.576
6.858
2.976
2.938
7.672
6.116
4.94
6.034
5.688
4.368
3.266
5.058
3.5
3.826
4.598
2.942
2.592
3.034
2.678
3.038
2.624
3.05
2.678
5.846
2.692
12.204
2.642
3.138
2.76
3.4
4.65
3.226
2.71
3.11
2.734
4.434
2.692
3.086
2.7
3.106
2.65
3.028
2.722
5.128
3.28
4.054
10.356
71.154
52.05
31.184
3.408
5.416
3.462
3.718
5.076
3.336
4.774
3.742
4.76
5.356
2.736
3.156
2.69
3.084
2.624
3.034
2.658
5.504
43.204
66.858
51.542
16.36
3.492
4.766
3.424
3.684
5.042
3.358
3.202
3.626
3.342
5.084
3.184
3.626
3.234
3.66
3.25
4.462
2.546
2.916
2.6
2.926
2.534
2.966
3.234
4.298
4.95
3.076
2.608
3.008
8.094
3.026
2.642
2.978
3.876
2.928
2.572
2.95
2.518
2.934
2.526
2.876
2.542
2.9
2.576
2.894
2.6
2.966
2.584
4.216
2.584
2.968
2.55
2.924
2.55
2.916
2.594
2.93
2.566
3.008
3.928
3
2.566
2.974
2.578
2.968
2.582
2.992
2.65
2.97
2.606
2.994
2.58
4.3
2.61
2.976
2.584
2.934
2.57
2.988
2.76
3.008
2.566
2.92
2.556
4.32
2.48
2.854
4.716
9.85
3.744
5.41
4.158
6.042
3.796
4.068
7.708
4.226
5.184
3.1
2.66
3.16
2.642
3.126
2.686
3.108
2.674
4.392
2.64
3.068
2.652
3.1
2.698
3.092
2.716
3.104
2.688
3.066
2.67
3.108
3.966
3.084
2.674
3.112
2.698
3.108
42.766
57.81
53.39
11.304
3.42
4.916
5.2
7.964
3.7
4.26
3.666
4.366
3.95
27.95
66.324
53.57
23.282
5.648
6.258
4.752
5.608
4.598
3.834
4.54
4.1
4.374
4.406
3.66
2.826
3.176
2.722
4.484
2.726
3.174
2.708
3.184
5.242
3.376
3.06
3.4
8.73
5.936
3.97
4.846
3.466
5.886
3.402
3.96
3.634
4.408
6.476
3.084
2.734
4.434
2.77
3.108
2.676
3.158
2.726
3.142
2.708
3.234
4.736
59.084
52.916
52.616
6.616
4.592
5.066
4.71
5.88
4.302
4.014
6.464
4.238
4.634
5.508
3.216
4.486
3.184
2.728
3.21
2.742
3.21
3.316
27.966
65.554
53.722
20.334
5.896
6.976
3.15
7.058
4.078
4.384
58.626
55.314
49.668
3.324
3.81
4.036
4.318
14.5
6.116
6.742
4.434
5.756
4.11
3.68
4.042
3.726
5.216
2.534
2.908
3.68
2.808
2.342
2.808
2.314
2.73
2.236
2.646
2.26
2.676
2.24
3.904
2.178
2.584
2.492
2.7
2.242
2.696
2.184
2.618
2.288
2.734
4.9
4.524
2.776
3.184
2.786
3.158
4.628
3.21
2.762
3.19
2.72
3.11
2.616
25.566
68.386
56.542
23.2
4.418
5.13
4.762
5.654
8.7
3.918
4.55
5.26
6.234
4.592
3.176
2.674
3.108
2.618
2.99
2.808
2.834
2.42
2.738
2.292
2.672
3.546
2.626
2.184
2.6
2.2
2.572
2.2
2.596
2.27
2.608
2.216
3.85
2.634
2.694
2.32
2.488
2.066
2.44
2.06
2.384
2.1
5.134
2.734
3.156
2.71
4.376
2.608
2.958
2.466
2.874
2.576
2.916
2.466
2.776
2.342
2.722
3.55
2.722
2.302
2.758
2.324
2.766
2.266
8.866
2.724
3.118
2.666
3.05
3.914
2.878
2.422
2.726
2.352
2.742
6.762
7.28
2.97
3.216
2.786
4.322
2.524
2.842
2.45
2.764
2.35
2.704
2.292
2.708
2.284
2.674
3.534
2.592
2.166
2.658
2.25
2.634
2.284
2.584
2.33
7.284
2.834
3.172
2.684
4.32
2.548
2.9
2.458
2.808
2.376
2.776
2.304
2.754
2.324
25.3
64.79
52.52
20.168
4.73
4.134
3.634
4.772
3.338
2.636
3.44
3.01
3.294
3.764
3.716
2.016
2.424
2.026
2.35
2.026
2.366
1.99
2.384
2.146
2.394
2.034
3.612
2.078
2.418
2.094
2.484
2.184
2.558
2.178
2.466
2.184
2.46
2.106
3.594
41.716
57.114
53.196
9.984
2.716
4.144
2.916
5.034
2.606
2.762
2.658
4.35
2.794
3.05
3.894
2.256
1.922
2.25
1.91
2.224
2.654
2.978
4.334
2.972
2.59
3.156
2.884
3.522
3.134
3.016
3.096
3.494
4.64
4.278
1.924
2.234
1.968
58.508
51.884
47.734
3.732
2.434
2.104
2.438
2.134
2.356
3.316
2.36
2.01
2.39
2.076
2.356
2.038
2.422
2.216
2.364
38.08
60.402
52.478
13.094
2.388
3.716
1.968
2.316
1.916
2.256
2.01
3.934
64.882
52.378
59.606
63.968
53.13
18.994
2.694
4.816
2.546
3.042
2.846
3.094
6.25
3.216
3.934
3.24
5.846
3.006
2.484
3.156
2.9
3.216
4.716
2.284
1.992
2.24
2.654
27.636
64.304
52.55
18.668
2.988
3.74
3.138
4.474
3.044
2.41
3.024
2.706
4.304
3.87
2.21
1.934
2.266
1.944
2.266
1.944
2.24
2.056
2.326
2.022
3.556
1.996
2.326
2.046
2.366
4.71
2.908
2.62
3.068
2.646
3.004
2.55
2.85
58.954
52.166
53.15
2.676
2.23
2.596
2.158
2.55
2.234
2.584
2.21
2.758
3.316
2.624
2.254
3.546
66.858
53.03
37.994
3.208
3.846
3.724
2.816
4.884
2.6
9.154
3.294
3.758
6.536
3.092
2.692
6.884
2.722
3.02
3.838
5.516
3.042
2.976
4.466
3.136
2.638
2.976
2.486
2.842
2.45
2.772
2.366
3.996
2.32
2.654
2.192
2.658
2.25
2.658
2.216
2.626
2.258
2.61
2.196
2.562
3.534
2.66
2.292
2.55
2.192
2.534
2.184
2.476
2.202
2.556
2.228
6.666
2.694
3.09
2.634
2.86
2.492
2.78
2.354
2.694
2.342
2.576
2.158
3.838
2.196
2.59
2.184
2.524
2.19
5.076
2.742
3.192
2.758
3.016
2.558
2.924
5.28
4.508
2.726
9.226
4.808
3.134
2.65
3.008
2.582
2.842
2.384
2.784
3.634
2.73
2.312
2.576
2.146
2.578
2.16
2.558
2.226
2.592
2.242
2.622
3.67
2.634
2.258
2.594
38.366
60.4
52.626
13.936
2.964
4.226
4.33
3.24
4.676
2.838
2.938
3.122
2.814
4.328
2.056
2.39
2.23
2.456
2.078
2.6
3.194
2.412
2.106
2.412
2.152
2.494
2.22
2.484
2.206
2.484
2.266
3.916
2.128
2.516
2.14
2.428
2.162
2.444
2.156
2.494
2.234
2.444
2.256
3.734
2.106
2.384
2.088
2.388
2.112
2.406
2.14
2.412
2.166
2.418
2.134
3.766
2.084
3.15
3.55
2.34
2.026
2.344
2.09
2.362
3.762
2.294
2.034
2.29
2.022
4.276
2.028
2.3
2.056
25.524
64.198
52.666
25.48
70.672
53.742
28.498
5.766
3.05
2.462
4.024
67.204
53.142
42.572
57.86
75.246
99.668
70.582
28.51
2.45
2.884
38.874
61.258
53.484
29.218
4.508
3.896
3.266
5.344
2.876
3.322
3.134
4.7
14.384
8.658
4.75
4.684
5.374
4.708
5.762
4.334
3.784
4.34
5.27
4.092
5.148
3.55
3.15
4.684
2.242
2.596
2.344
2.64
2.384
2.616
2.5
3.81
2.244
2.522
2.206
2.478
2.184
2.49
2.278
2.512
3.496
2.516
2.284
2.572
2.3
2.59
2.21
2.45
2.006
2.306
2.044
2.34
2.1
2.374
2.126
3.642
2.09
2.372
2.134
2.356
2.026
2.35
2.056
2.258
3.382
2.29
2.004
2.306
2.04
2.334
2.072
2.322
2.056
2.334
2.154
2.366
2.09
2.31
3.312
2.326
2.05
2.384
2.094
2.406
2.094
2.39
2.158
2.412
3.144
2.744
2.112
2.4
2.138
2.44
2.134
2.434
2.14
2.466
2.278
2.456
2.366
3.528
2.488
2.36
2.046
2.36
2.05
2.366
2.06
2.362
2.066
2.34
2.072
2.34
2.538
3.18
2.076
2.296
2.026
2.35
2.056
2.534
2.05
2.338
2.006
3.544
2.006
2.326
2.084
2.378
2.122
2.39
2.094
2.388
2.166
2.4
2.156
3.698
2.11
2.4
2.128
2.412
2.116
2.394
2.122
2.444
2.194
2.428
2.128
2.378
2.078
3.716
2.096
2.428
2.102
2.388
2.074
2.34
2.118
2.39
2.102
2.384
3.388
2.4
2.05
2.356
2.056
2.356
2.09
2.35
2.166
2.434
2.16
2.412
2.138
3.728
2.122
2.384
2.11
2.418
2.116
2.4
2.166
2.338
2.088
2.266
3.316
2.444
1.91
2.208
1.942
2.212
1.938
2.216
1.976
2.256
1.984
2.272
1.966
3.624
2.032
2.266
1.96
2.25
1.956
2.272
2.028
2.276
2.01
2.288
3.224
2.306
2.056
2.246
2.004
2.306
2.044
2.356
2.134
2.366
2.116
2.368
3.35
2.366
2.096
2.326
2.034
2.316
2.022
2.356
2.084
2.3
2.084
2.35
2.31
2.25
1.984
2.264
2.044
2.356
2.062
2.344
2.078
2.29
2.04
2.508
1.966
2.256
2.006
2.266
1.984
2.316
2.05
2.408
3.5
2.216
1.956
2.228
1.952
3.572
1.894
2.212
1.96
2.2
1.972
2.212
2.028
2.234
1.968
3.6
2.006
2.286
2.038
2.3
1.988
2.262
2.012
2.322
2.106
2.332
2.022
2.278
3.33
2.262
2.038
2.28
2.026
2.3
2.05
2.334
2.126
2.394
2.144
3.64
2.05
2.312
2.052
2.312
2.06
2.29
1.956
2.288
2.108
2.338
2.066
2.378
2.106
3.666
2.112
2.406
2.15
2.378
2.062
2.3
2.182
2.466
3.316
2.266
1.988
2.2
1.93
2.238
1.934
2.2
1.966
2.224
2.088
2.3
2.034
2.284
3.27
2.244
1.978
2.212
2.052
2.288
2.022
2.284
2.05
2.258
2.01
3.58
1.994
2.246
1.996
2.294
2.018
2.304
2.002
2.296
2.088
2.344
2.174
3.55
2
2.234
1.994
2.288
2.024
2.274
2.038
2.288
2.122
2.3
2.094
2.338
3.384
2.366
2.084
2.316
2.028
2.388
1.934
2.228
1.994
2.194
1.934
2.156
3.166
2.162
1.916
2.212
1.944
2.246
1.976
2.266
2
2.184
1.924
2.176
3.582
2.284
1.906
2.184
1.9
2.178
1.95
2.216
2
2.194
1.966
2.2
3.272
2.234
2.038
2.296
2.016
2.228
2
2.316
2.072
2.284
2.04
2.326
2.088
3.65
1.972
2.216
1.966
2.216
1.968
2.246
2.05
2.284
2.002
3.566
1.962
2.258
2.018
1.92
1.938
2.184
1.838
2.242
1.988
2.2
1.984
2.208
1.854
3.56
1.984
2.278
1.952
2.384
1.978
2.164
2.184
2.294
2.026
2.258
3.308
2.25
1.846
2.068
2.144
2.27
1.944
2.234
2.05
2.266
1.9
2.366
3.3
2.234
1.984
2.244
1.962
2.234
1.934
2.19
2.088
2.306
2.034
2.212
3.288
2.184
1.928
2.2
1.946
2.238
1.93
2.308
1.966
2.146
1.914
3.486
1.878
2.15
1.9
2.166
1.912
2.192
1.862
2.308
2
2.238
3.304
2.184
2.094
2.194
1.938
2.15
2.062
2.284
2.034
2.304
2.078
2.216
2
2.234
3.256
2.264
1.984
2.224
1.994
2.296
1.954
2.234
2.036
2.246
2.022
2.28
2.084
3.666
2.084
2.366
2.134
2.472
2.028
2.166
1.92
2.154
1.972
3.5
1.966
2.206
1.956
2.204
1.996
2.242
1.96
2.228
3.496
2.176
1.94
3.552
1.94
2.248
1.996
2.276
2.046
2.262
2.022
2.254
2.054
2.234
1.962
3.53
1.946
2.222
1.984
2.268
1.978
2.3
2.084
2.356
2.132
2.284
2.084
3.566
2.066
2.266
2.128
2.444
2.078
2.46
1.966
2.238
2.002
2.222
1.972
3.478
1.95
2.2
2.012
2.204
1.966
2.204
1.978
2.238
1.972
2.21
2.022
3.536
1.966
2.23
2.034
2.304
2.04
2.326
2.05
2.318
2.122
2.374
2.122
2.362
3.616
2.346
2.1
2.362
2.126
2.35
2.084
2.334
2.136
2.366
2.1
2.362
3.316
2.434
2.016
2.234
1.988
2.31
2.046
2.288
2.106
2.338
2.094
5.366
3.884
3
2.584
2.828
2.346
2.666
2.166
2.472
2.246
2.526
2.134
2.45
3.424
3.116
6.108
3.718
3.2
3.486
3.114
3.334
2.99
3.334
4.364
2.488
3.4
2.44
2.112
2.484
2.122
2.462
2.188
2.728
3.084
4.934
2.038
3.666
2.018
2.366
2.074
2.434
2.09
2.41
2.072
2.372
2.136
2.316
2.034
3.3
2.35
2.158
1.888
2.234
1.972
2.294
2.046
2.254
2.066
2.224
2.044
3.546
2.118
2.2
2.022
2.278
1.954
2.166
1.908
2.16
1.986
2.208
1.966
2.212
3.268
2.238
1.99
2.276
2.024
2.282
1.978
2.212
2.012
3.182
1.894
2.112
3.206
2.136
1.934
2.196
1.99
2.31
2.022
2.222
2.016
2.19
2.01
2.288
3.266
2.222
1.95
2.228
1.978
2.196
1.966
2.204
2.05
2.28
2.038
2.246
3.34
2.26
2.012
2.262
2.022
2.266
2.018
5.016
4.518
2.938
2.542
3.616
2.926
2.674
2.244
2.588
2.188
2.522
2.146
2.542
2.226
2.54
2.202
2.534
3.536
2.65
2.31
2.61
2.226
2.482
2.138
2.434
2.166
2.44
2.128
2.384
3.412
2.384
2.062
2.322
2.012
2.284
1.974
2.21
2.006
2.238
1.99
3.6
42.896
57.976
52.316
38.57
65.18
53.65
21.678
6.65
6.962
3.926
4.366
3.814
6.132
3.176
39.684
60.812
53.176
17.308
2.806
3.274
4.008
3.226
4.646
2.972
11.07
70.866
55.216
37.156
3.884
5.278
3.9
4.1
5.182
3.516
3.506
5.034
3.382
11.67
3.35
3.582
2.934
3.266
2.984
3.284
4.642
3.006
3.524
4.202
3.136
3.842
5.16
2.274
1.866
2.144
1.878
2.164
1.916
2.216
39.134
59.984
52.19
14.19
2.512
3.938
2.8
4.466
2.63
2.556
2.762
2.806
3.558
2.794
2.344
3.712
66.522
53.16
37.916
25.234
65.588
53.49
19.35
4.584
2.35
4.15
2.568
2.822
5.358
57.932
54.014
49.032
4.734
2.606
2.404
2.95
2.606
6.872
2.55
3.742
2.966
2.924
41.288
63.56
55.118
14.95
3.326
8.72
5.864
4.534
5.036
5.6
5.416
3.89
3.532
4.316
3.668
4.216
4.81
3.164
4.142
2.33
3.288
2.266
1.924
2.26
1.972
2.466
2.01
2.306
2.1
2.35
2.01
2.266
3.216
2.162
1.918
2.196
1.954
2.166
1.988
2.204
2.016
2.188
1.934
2.2
1.912
6.596
2.55
3.226
2.51
2.766
2.334
2.808
4.808
5.438
3.422
3.262
2.416
2.68
2.262
2.61
2.108
2.466
2.102
2.414
2.12
2.434
2.116
2.508
2.216
3.762
2.134
2.378
2.094
2.44
2.134
2.362
2.072
2.35
2
2.258
2.344
3.484
2.072
2.184
1.852
2.216
5.478
3.054
2.65
2.866
2.384
3.934
2.184
2.456
2.034
2.366
1.954
2.34
2
2.356
2.096
2.378
2.022
3.688
2.106
2.328
2.016
2.266
1.978
2.226
2.006
2.294
1.954
2.166
1.934
2.21
3.266
2.178
1.94
2.16
1.922
2.178
1.93
2.164
1.994
2.246
1.854
3.438
2.084
2.198
1.834
2.096
1.874
2.148
1.95
2.184
2.004
2.222
1.978
3.592
1.984
5.666
2.568
2.934
2.542
2.754
2.346
2.61
2.284
2.534
2.094
2.44
3.42
2.456
2.184
2.584
2.134
2.494
2.156
2.438
2.152
2.36
1.99
2.278
2.04
3.614
2.072
2.378
2.06
2.238
2.1
2.118
1.95
2.062
3.154
2.066
1.824
2.07
1.846
2.092
1.838
2.1
1.95
2.15
2.034
2.204
1.896
2.146
3.196
2.176
1.908
2.188
7.58
2.89
2.484
2.724
2.338
2.572
2.178
3.79
2.146
2.368
1.962
2.318
2
2.334
2.06
2.334
2.076
2.3
2.056
3.574
1.972
2.174
1.95
2.178
1.95
2.216
2.044
2.088
1.922
2.15
1.846
2.092
1.868
3.346
1.878
2.154
2.006
2.264
1.978
2.184
3.5
2.222
1.946
3.514
1.99
2.226
1.94
2.23
1.978
2.25
2
2.218
2.584
2.172
1.966
2.366
1.944
3.458
1.942
24.912
64.252
52.264
19.456
2.878
6.038
3.124
4.34
2.984
4.24
2.562
2.61
3.054
2.762
4.168
1.84
2.11
1.984
2.172
1.95
2.188
1.934
3.542
9.542
70.018
52.104
29.064
2.618
3.916
2.866
4.666
3.984
2.52
2.912
2.916
2.772
5.03
1.816
2.164
1.834
2.112
1.96
2.136
2.026
6.14
2.516
4.666
2.376
4.284
2.534
6.116
2.916
2.384
2.064
2.394
2.038
58.336
52.784
51.782
27.966
52.084
16.528
3.384
4.532
2.864
2.584
3.196
2.738
6.316
2.836
4.706
2.75
3.094
2.516
2.75
2.37
2.808
9.358
2.976
42.944
57.252
55.484
10.908
2.724
59.866
53.638
49.392
2.54
2.806
2.736
2.984
6.056
3.1
5.382
3.134
4.508
2.756
2.334
3.078
2.844
4.584
1.866
2.096
1.896
2.08
2.754
2.504
1.822
2.012
1.808
2.054
1.866
2.084
1.946
2.11
1.896
2.126
3.556
2.48
2.038
2.166
1.95
2.2
2.834
2.378
2.106
2.016
1.85
2.13
3.166
2.182
1.808
2.092
1.908
2.154
1.916
2.13
1.962
2.188
1.972
3.484
1.908
2.146
1.946
2.2
1.9
2.23
1.978
2.26
2.062
2.284
2.054
2.246
3.18
2.096
7.716
2.988
2.556
2.69
2.284
2.428
2.108
2.29
1.956
3.514
1.944
2.272
2.056
2.238
1.928
2.212
1.906
2.146
2.034
2.226
2.028
2.272
3.288
2.234
2.062
2.326
2.022
2.212
2.004
2.274
2.094
2.288
2.078
2.322
3.372
2.246
2.012
2.298
2.138
2.096
1.878
2.106
1.944
2.108
1.926
2.13
3.204
2.122
1.9
2.154
2.788
2.054
1.8
2.062
1.98
2.154
1.912
3.484
1.928
2.142
2.01
2.216
47.066
60.746
52.142
12.93
3.168
4.466
3.24
4.984
3.996
3.068
2.772
3.166
4.102
2.324
2.006
2.306
2.094
2.362
44.396
56.25
56.334
9.376
3.202
4.724
3.366
5.286
2.806
2.984
3.058
3.234
2.874
3.99
3.388
2.524
2.15
2.5
2.24
2.49
2.194
2.466
2.134
2.41
3.34
2.356
2.116
2.38
2.072
2.316
1.928
2.198
1.99
2.226
3.464
2.212
1.888
3.416
1.922
2.134
1.906
2.9
66.906
52.794
37.718
2.828
3.216
3.728
2.626
4.688
3.7
2.908
2.706
2.916
5.086
5.066
2.666
3.866
66.266
52.616
40.452
4.644
3.674
3.948
4.04
9.638
3.292
3.35
2.72
3.49
2.99
3.27
4.306
3.732
42.462
56.484
52.342
8.79
4.206
25.656
65.598
52.584
21.136
3.462
5.424
3.48
4.758
3.136
2.724
3.574
3.134
4.71
2.4
2.628
2.376
2.728
2.376
2.876
3.604
2.572
2.268
2.596
2.304
2.706
2.4
2.688
2.422
2.706
2.39
2.676
3.634
7.612
2.672
3.028
2.622
3.48
2.96
3.234
2.74
3.166
4.684
3.292
2.886
3.24
5.052
3.792
2.712
3.08
2.592
2.756
11.998
3.088
5.134
2.984
4.374
2.716
2.322
2.572
2.194
2.4
1.974
2.316
2.106
2.41
3.326
2.366
2.06
2.256
1.944
2.228
2.006
2.21
1.988
2.23
1.978
2.172
2.004
2.204
3.222
2.216
2.006
2.216
1.946
2.15
1.922
2.178
1.962
2.226
1.984
2.166
2.306
3.434
1.894
2.146
1.938
2.146
1.886
2.188
1.944
2.15
5.584
3.126
4.064
3.164
2.72
2.98
2.526
2.842
2.424
2.828
2.33
2.65
2.36
2.616
2.434
3.652
2.166
2.484
2.116
2.38
2.11
2.358
2.022
3.452
3.15
3.302
4.222
3.342
3.114
3.312
3.096
3.134
3.088
3.322
3.146
4.216
1.854
8.15
9.666
4.1
3.666
6.084
3.686
4.058
3.632
3.836
3.494
3.494
3.342
3.644
3.234
6.248
2.076
3.55
2.67
2.884
2.694
5.8
3.442
3.892
6.376
3.476
3.34
3.784
3.06
4.46
2.126
2.49
2.16
3.686
2.306
2.716
46.016
78.81
42.742
11.05
4.102
5.224
4.076
6.428
3.342
4.662
7.4
5.816
9.17
8.634
2.634
3.034
2.612
3.022
4.816
3.326
2.892
3.474
2.892
3.3
2.85
4.408
2.592
2.976
2.568
3.008
2.646
3.172
2.734
3.108
2.744
3.098
2.716
4.336
48.676
76.5
38.446
3.774
4.334
3.918
5.408
3.818
3.15
3.702
3.46
3.874
6.484
3.062
2.656
3.034
2.644
3.056
5.31
3.018
2.742
3.016
2.592
2.976
44.63
79.724
41.584
3.8
4.366
3.884
5.4
3.744
4.566
3.516
3.144
3.6
3.216
5.844
2.592
3.026
2.586
2.996
2.566
31.938
82.89
45.174
3.952
6.138
3.516
3.742
5.378
3.4
3.188
3.666
3.234
4.882
2.592
2.958
3.87
3.114
2.692
3.05
2.642
3.042
2.67
3.122
2.634
3.076
2.722
3.096
2.736
4.478
2.8
3.184
43.1
79.084
42.142
3.89
4.466
4.008
3.508
5.85
3.052
3.626
7.344
5.562
5.726
3.542
2.9
9.866
4.342
5.584
4.46
6.758
4.342
4.15
5.142
4.558
3.966
5.532
2.902
3.35
2.926
3.308
2.95
3.442
2.934
4.7
3.016
3.394
3.118
16.6
2.976
3.358
2.95
3.442
3.05
3.408
13.734
91.002
56.194
12.766
4.606
8.766
3.502
6.1
3.25
3.846
3.742
3.984
4.684
3.21
4.024
3.252
2.778
3.206
2.752
3.168
2.784
3.19
2.734
3.116
2.7
4.514
2.676
3.134
2.658
3.092
2.688
3.14
2.76
3.184
2.766
3.17
2.916
6.734
2.742
6.166
2.95
3.334
2.784
3.266
2.774
3.242
2.794
3.192
4.624
3.166
3.124
3.124
2.692
3.158
2.694
3.126
5.058
3.076
2.708
3.124
2.728
3.134
3.994
3.084
2.65
3.078
2.71
3.1
5.332
3.142
2.734
3.142
2.738
3.13
3.858
2.77
2.344
2.594
2.208
2.516
2.1
2.46
2.13
2.536
2.094
2.426
3.316
2.384
2.04
2.444
2.116
2.418
2.08
2.412
2.096
2.42
3.366
2.39
4.94
5.766
2.666
3.014
2.548
2.75
2.354
2.6
2.262
2.456
2.098
2.376
2.426
3.252
