42
94.8
42
68.4
68.4
86.4
68.4
42
112.8
68.4
42
86.4
42
68.4
42
104.4
68.4
42
104.4
42
68.4
68.4
86.4
68.4
42
112.8
150.6
42
112.8
50.4
68.4
42
112.8
68.4
42
112.8
42
68.4
68.4
78
60
42
112.8
42
60
68.4
86.4
68.4
42
112.8
68.4
42
112.8
42
68.4
68.4
86.4
68.4
42
94.8
42
68.4
68.4
86.4
68.4
42
104.4
68.4
42
112.8
42
76.8
42
112.8
68.4
42
112.8
42
68.4
68.4
86.4
68.4
42
112.8
42
60
68.4
86.4
68.4
42
112.8
68.4
42
112.8
42
68.4
68.4
86.4
68.4
42
112.8
42
68.4
68.4
94.8
68.4
42
94.8
68.4
42
94.8
42
68.4
42
104.4
68.4
42
112.8
42
68.4
68.4
86.4
68.4
42
112.8
60
50.4
94.8
60
68.4
42
112.8
60
42
112.8
42
68.4
68.4
86.4
68.4
42
112.8
42
76.8
68.4
86.4
68.4
42
112.8
68.4
42
112.8
42
68.4
42
86.4
68.4
42
104.4
42
68.4
150.6
86.4
68.4
42
112.8
68.4
42
94.8
68.4
68.4
42
112.8
68.4
42
112.8
42
60
68.4
86.4
68.4
42
112.8
42
68.4
68.4
86.4
68.4
42
112.8
68.4
42
121.2
42
68.4
42
112.8
68.4
42
112.8
42
68.4
58.8
68.4
68.4
42
112.8
68.4
42
94.8
60
68.4
42
112.8
68.4
42
112.8
42
68.4
68.4
86.4
76.8
42
112.8
42
60
68.4
86.4
68.4
42
94.8
68.4
42
112.8
42
68.4
42
104.4
68.4
42
112.8
42
68.4
68.4
86.4
68.4
42
112.8
68.4
42
112.8
42
68.4
42
112.8
68.4
42
94.8
42
68.4
68.4
86.4
68.4
42
112.8
42
60
68.4
86.4
76.8
42
112.8
68.4
42
112.8
42
68.4
60
94.8
68.4
42
104.4
42
68.4
68.4
86.4
68.4
42
195
68.4
42
112.8
42
68.4
42
112.8
68.4
50.4
112.8
42
68.4
68.4
86.4
68.4
42
112.8
60
50.4
68.4
68.4
60
42
112.8
68.4
42
94.8
42
68.4
68.4
86.4
68.4
42
112.8
42
68.4
68.4
86.4
68.4
42
112.8
68.4
42
86.4
50.4
68.4
42
112.8
68.4
42
112.8
42
68.4
68.4
86.4
68.4
42
94.8
68.4
42
86.4
68.4
68.4
42
112.8
68.4
42
112.8
42
68.4
68.4
86.4
68.4
42
112.8
42
68.4
68.4
86.4
68.4
42
112.8
68.4
42
104.4
42
68.4
42
112.8
68.4
42
112.8
42
68.4
68.4
86.4
68.4
50.4
112.8
68.4
42
112.8
42
68.4
42
94.8
68.4
42
94.8
42
68.4
50.4
86.4
60
42
112.8
42
68.4
68.4
168.6
60
42
112.8
68.4
42
112.8
42
68.4
60
94.8
68.4
42
112.8
42
68.4
50.4
86.4
68.4
42
112.8
68.4
42
112.8
42
68.4
42
112.8
68.4
42
112.8
50.4
68.4
68.4
86.4
68.4
42
112.8
60
50.4
68.4
86.4
68.4
42
112.8
68.4
42
112.8
42
68.4
68.4
86.4
68.4
154832
197202
42
68.4
68.4
86.4
68.4
42
112.8
68.4
42
112.8
42
68.4
42
112.8
68.4
42
112.8
42
68.4
50.4
86.4
76.8
42
112.8
68.4
42
68.4
86.4
68.4
42
94.8
60
42
94.8
42
68.4
50.4
86.4
68.4
42
94.8
42
76.8
68.4
86.4
68.4
42
112.8
68.4
42
104.4
42
68.4
42
112.8
68.4
42
112.8
42
68.4
68.4
94.8
68.4
42
112.8
68.4
42
86.4
68.4
68.4
42
112.8
68.4
42
112.8
42
68.4
68.4
86.4
68.4
42
112.8
124.2
68.4
68.4
86.4
68.4
42
112.8
68.4
42
121.2
42
68.4
42
104.4
68.4
42
112.8
42
68.4
68.4
86.4
68.4
42
112.8
68.4
42
94.8
14703
5234830
9615.2
653920
68.4
42
112.8
42
68.4
68.4
86.4
861
42
94.8
42
68.4
68.4
13782.8
5232680
7722.4
594698
60
42
112.8
42
68.4
68.4
94.8
68.4
42
15975.6
5189010
48644
9292.8
610605
68.4
42
112.8
68.4
13622.6
5229050
9694.8
683918
367236
112.8
368962
42
121.2
42
844.2
68.4
86.4
68.4
42
13876.4
5245440
82.8
149759
472640
68.4
42
112.8
60
42
112.8
42
68.4
68.4
94.8
68.4
42
112.8
42
68.4
14452.8
5245340
8059.6
628156
112.8
68.4
42
112.8
13621.4
5215740
28481.6
150981
481955
42
86.4
42
76.8
68.4
15181
5247020
9443.6
610772
68.4
42
94.8
60
68.4
42
103.2
68.4
42
112.8
42
68.4
68.4
86.4
68.4
42
112.8
42
68.4
68.4
177
68.4
42
112.8
68.4
42
121.2
50.4
68.4
68.4
86.4
68.4
42
112.8
42
68.4
68.4
86.4
68.4
42
94.8
68.4
42
94.8
60
68.4
42
112.8
68.4
42
112.8
42
60
68.4
86.4
68.4
42
121.2
42
68.4
68.4
86.4
68.4
42
103.2
68.4
42
112.8
42
68.4
68.4
94.8
68.4
42
112.8
42
68.4
76.8
94.8
68.4
42
112.8
68.4
42
86.4
60
68.4
42
112.8
68.4
42
112.8
42
68.4
68.4
94.8
68.4
42
112.8
42
60
68.4
68.4
60
42
112.8
68.4
42
112.8
42
68.4
68.4
86.4
68.4
42
112.8
42
68.4
68.4
86.4
68.4
42
112.8
68.4
50.4
112.8
42
68.4
42
104.4
68.4
42
94.8
42
68.4
68.4
168.6
68.4
42
112.8
42
68.4
86.4
68.4
68.4
42
112.8
68.4
42
121.2
42
68.4
68.4
86.4
68.4
42
112.8
42
68.4
68.4
94.8
68.4
42
112.8
68.4
42
121.2
42
68.4
42
112.8
68.4
42
121.2
42
68.4
68.4
94.8
68.4
42
112.8
68.4
42
94.8
60
68.4
42
121.2
68.4
42
18571.4
5250290
9171.2
607843
86.4
68.4
42
112.8
42
60
76.8
86.4
68.4
42
112.8
68.4
42
112.8
42
68.4
60
94.8
68.4
42
112.8
42
68.4
68.4
86.4
68.4
370344
112.8
68.4
42
94.8
60
68.4
42
112.8
68.4
42
112.8
42
68.4
76.8
94.8
68.4
13839.6
5229590
16840
153456
468662
86.4
60
42
112.8
68.4
42
112.8
42
13836.8
5236200
153.6
154007
531407
112.8
42
68.4
60
13847.6
27622.6
5219200
10121.6
617380
42
112.8
42
68.4
42
112.8
68.4
42
112.8
42
68.4
68.4
94.8
68.4
42
112.8
60
50.4
68.4
86.4
68.4
42
103.2
60
42
112.8
42
68.4
68.4
94.8
68.4
42
112.8
50.4
68.4
60
86.4
68.4
42
104.4
68.4
42
112.8
42
68.4
42
104.4
68.4
42
112.8
42
68.4
68.4
86.4
68.4
50.4
112.8
68.4
42
76.8
60
68.4
42
112.8
68.4
42
112.8
42
68.4
68.4
86.4
68.4
42
112.8
42
68.4
68.4
86.4
68.4
42
112.8
68.4
42
112.8
42
68.4
42
112.8
68.4
42
104.4
42
68.4
68.4
86.4
68.4
42
112.8
68.4
42
86.4
76.8
68.4
42
112.8
68.4
42
112.8
42
68.4
68.4
168.6
60
42
112.8
42
60
68.4
86.4
68.4
42
112.8
68.4
42
112.8
42
68.4
68.4
86.4
68.4
42
112.8
42
68.4
76.8
86.4
68.4
42
112.8
68.4
42
112.8
42
68.4
42
112.8
68.4
42
112.8
42
68.4
68.4
86.4
76.8
42
112.8
42
68.4
68.4
86.4
60
42
94.8
68.4
42
112.8
42
68.4
68.4
86.4
68.4
42
112.8
42
68.4
68.4
86.4
68.4
42
121.2
68.4
42
104.4
42
68.4
42
104.4
68.4
42
112.8
42
68.4
68.4
86.4
68.4
42
112.8
60
50.4
68.4
78
68.4
42
112.8
68.4
42
112.8
42
60
68.4
86.4
68.4
42
112.8
42
68.4
68.4
86.4
68.4
42
112.8
68.4
42
112.8
42
68.4
132.6
112.8
68.4
42
112.8
13821.4
5239200
8724.4
146965
486207
42
112.8
68.4
42
13668.8
5054730
188988
9340.8
618242
68.4
42
112.8
42
60
13850.4
5238830
100.8
157228
475077
42
68.4
50.4
86.4
68.4
42
94.8
15831.2
5254720
9759.6
612376
68.4
42
112.8
68.4
42
112.8
380402
67921.8
30026
6795.6
540829
173580
59274.6
22821.2
128455
179374
42
382510
13989.6
5247730
135.6
160630
482310
13986.6
5623280
104.4
161715
470046
411420
444172
7550
5367630
183575
706728
60
42
112.8
68.4
42
105.6
13791.2
5250220
7663.6
156440
441914
42
112.8
42
68.4
68.4
86.4
68.4
42
112.8
68.4
42
112.8
61.2
68.4
42
94.8
68.4
42
112.8
42
68.4
50.4
86.4
68.4
13729.6
5270540
74.4
165020
471107
86.4
68.4
42
112.8
68.4
42
94.8
42
68.4
76.8
86.4
68.4
42
112.8
42
68.4
68.4
86.4
68.4
42
112.8
68.4
42
112.8
42
150.6
42
104.4
68.4
42
112.8
42
68.4
68.4
86.4
68.4
50.4
112.8
60
50.4
94.8
60
60
42
112.8
60
42
112.8
42
68.4
68.4
86.4
68.4
42
112.8
42
68.4
68.4
86.4
68.4
13820
5208430
50360
9298.4
623246
42
68.4
60
103.2
68.4
42
112.8
42
68.4
13914.2
5260490
109.2
165351
473010
68.4
42
94.8
60
68.4
42
121.2
68.4
42
112.8
42
60
68.4
86.4
60
42
112.8
42
68.4
68.4
86.4
68.4
42
112.8
68.4
42
112.8
42
68.4
68.4
86.4
68.4
42
112.8
42
76.8
60
86.4
68.4
42
104.4
68.4
42
104.4
42
68.4
42
104.4
68.4
42
112.8
42
68.4
68.4
86.4
68.4
42
112.8
42
68.4
68.4
86.4
60
42
112.8
150.6
42
112.8
42
68.4
68.4
86.4
68.4
42
112.8
42
68.4
68.4
94.8
68.4
42
112.8
76.8
42
94.8
42
68.4
13886.6
5262340
9791.6
159329
466407
42
68.4
68.4
86.4
68.4
42
112.8
60
50.4
86.4
2076.6
442658
26745.6
13254.8
191149
157211
5265320
10222.4
501162
137906
86.4
68.4
42
112.8
42
68.4
393591
26651.2
28149.8
22968.8
6733.2
13529.2
6246
6300
6246
6290.4
6316.8
6282
6264
6246
6313.2
41675
54466.4
26403.2
47665
176263
79453.6
112.8
68.4
50.4
94.8
60
68.4
42
112.8
68.4
42
112.8
42
60
68.4
437168
26351
7042.8
159669
131236
729.6
68.4
86.4
68.4
52.8
112.8
68.4
42
112.8
42
68.4
68.4
86.4
68.4
42
112.8
42
68.4
60
86.4
68.4
42
104.4
68.4
61.2
112.8
42
68.4
42
112.8
150.6
448347
26580.6
23336.8
104507
173531
30177
126
291.6
112.8
42
68.4
68.4
86.4
68.4
42
112.8
68.4
42
112.8
42
68.4
76.8
86.4
68.4
42
112.8
42
68.4
68.4
86.4
68.4
42
104.4
68.4
42
104.4
42
395780
42
121.2
68.4
42
112.8
42
68.4
68.4
86.4
68.4
42
112.8
60
50.4
94.8
60
68.4
42
112.8
68.4
42
112.8
42
60
68.4
86.4
68.4
42
112.8
42
68.4
50.4
86.4
68.4
50.4
112.8
68.4
42
112.8
42
68.4
42
86.4
68.4
42
396196
42
68.4
68.4
86.4
68.4
42
121.2
68.4
42
94.8
60
68.4
42
112.8
19358.6
4961320
307415
9839.6
641753
68.4
86.4
60
42
112.8
42
397963
68.4
86.4
68.4
42
112.8
68.4
124.2
112.8
42
68.4
42
112.8
68.4
42
104.4
50.4
68.4
68.4
86.4
68.4
42
112.8
68.4
42
112.8
42
68.4
42
112.8
68.4
42
112.8
42
68.4
68.4
86.4
68.4
42
112.8
42
68.4
68.4
86.4
68.4
42
112.8
60
42
112.8
42
68.4
68.4
86.4
68.4
42
112.8
42
68.4
68.4
86.4
68.4
42
104.4
68.4
50.4
104.4
42
68.4
42
112.8
68.4
42
112.8
42
68.4
68.4
86.4
68.4
17005
5223560
845530
9984.8
576505
60
68.4
42
112.8
68.4
42
42861.2
395.6
5269290
9172.4
165651
486577
42
112.8
403321
68.4
404795
86.4
68.4
42
112.8
68.4
42
104.4
42
13802.8
5270160
162
176954
488646
112.8
42
68.4
68.4
215903
201789
5152530
120594
9496.4
628175
94.8
60
68.4
42
112.8
2006460
13715.2
5233080
42371.2
10496.8
655321
86.4
68.4
42
121.2
42
68.4
14034.8
5273370
9633.2
171097
487154
68.4
42
408561
42
68.4
13893.4
673317
4602650
9858.8
655134
42
68.4
76.8
94.8
68.4
42
897
68.4
42
94.8
68.4
68.4
42
121.2
68.4
42
17494.4
5275650
8075.6
174754
473365
68.4
42
121.2
42
60
15462.4
3612550
1668650
10143.2
423720
224625
42
103.2
42
68.4
58.8
13972
5285150
8310.4
175896
483480
68.4
60
86.4
68.4
42
112.8
68.4
42
13968.6
5284700
9681.2
174907
478678
68.4
42
112.8
42
68.4
68.4
94.8
68.4
42
121.2
60
50.4
94.8
68.4
68.4
42
121.2
68.4
42
121.2
50.4
68.4
68.4
94.8
68.4
42
112.8
42
68.4
86.4
76.8
68.4
42
121.2
68.4
42
121.2
42
68.4
42
112.8
68.4
42
121.2
132.6
68.4
68.4
94.8
68.4
42
112.8
68.4
42
94.8
68.4
68.4
42
121.2
68.4
42
121.2
42
68.4
68.4
76.8
68.4
42
112.8
42
68.4
94.8
68.4
68.4
42
121.2
68.4
42
121.2
42
68.4
42
103.2
68.4
42
112.8
42
68.4
68.4
86.4
68.4
42
121.2
76.8
42
94.8
68.4
68.4
42
112.8
68.4
42
121.2
42
68.4
68.4
86.4
68.4
42
112.8
42
60
94.8
68.4
68.4
42
121.2
68.4
42
112.8
42
68.4
42
112.8
68.4
42
121.2
42
68.4
42
86.4
68.4
42
112.8
68.4
42
112.8
42
68.4
42
103.2
68.4
42
121.2
42
68.4
76.8
86.4
68.4
42
112.8
42
68.4
94.8
68.4
50.4
42
103.2
60
42
121.2
42
68.4
68.4
94.8
68.4
42
121.2
42
68.4
86.4
76.8
68.4
42
104.4
68.4
42
104.4
42
68.4
42
121.2
150.6
42
121.2
50.4
68.4
68.4
76.8
68.4
42
121.2
68.4
42
94.8
68.4
68.4
42
112.8
68.4
42
121.2
42
68.4
68.4
94.8
60
42
121.2
42
68.4
94.8
68.4
68.4
42
94.8
68.4
42
121.2
14897.8
5285990
10156.4
175501
478443
42
121.2
42
68.4
68.4
94.8
68.4
42
112.8
76.8
42
94.8
60
68.4
42
121.2
68.4
42
121.2
42
68.4
68.4
94.8
68.4
42
121.2
42
68.4
94.8
68.4
68.4
42
121.2
68.4
42
103.2
42
60
42
111.6
68.4
42
112.8
42
68.4
60
86.4
68.4
42
112.8
68.4
42
94.8
60
68.4
42
112.8
68.4
42
121.2
42
68.4
50.4
94.8
68.4
42
121.2
68.4
42
94.8
68.4
68.4
42
103.2
68.4
42
129.6
42
68.4
68.4
94.8
68.4
42
121.2
42
68.4
86.4
76.8
68.4
42
112.8
68.4
42
177
60
68.4
42
112.8
68.4
42
121.2
42
68.4
68.4
94.8
68.4
42
121.2
68.4
42
94.8
68.4
68.4
42
121.2
68.4
42
121.2
42
68.4
68.4
94.8
68.4
42
121.2
42
60
86.4
76.8
76.8
42
121.2
68.4
42
104.4
42
68.4
42
112.8
68.4
42
86.4
42
68.4
68.4
94.8
68.4
42
121.2
68.4
42
94.8
68.4
68.4
42
121.2
68.4
42
121.2
42
68.4
68.4
94.8
68.4
42
121.2
42
60
94.8
68.4
68.4
42
121.2
68.4
42
121.2
50.4
68.4
68.4
94.8
68.4
42
121.2
42
68.4
68.4
86.4
68.4
42
96
68.4
42
94.8
60
68.4
42
121.2
68.4
42
121.2
42
68.4
150.6
94.8
68.4
42
121.2
60
50.4
94.8
68.4
68.4
42
121.2
68.4
42
121.2
42
68.4
68.4
94.8
68.4
42
121.2
42
68.4
86.4
76.8
68.4
42
121.2
68.4
42
78
60
68.4
42
112.8
68.4
42
103.2
42
68.4
68.4
94.8
68.4
42
121.2
68.4
42
94.8
68.4
68.4
42
121.2
68.4
42
129.6
42
68.4
68.4
94.8
60
42
121.2
42
68.4
94.8
68.4
68.4
42
121.2
68.4
42
86.4
68.4
68.4
42
112.8
68.4
42
112.8
42
68.4
68.4
94.8
68.4
42
121.2
68.4
42
94.8
68.4
68.4
42
121.2
76.8
42
121.2
42
68.4
68.4
94.8
68.4
42
103.2
42
60
94.8
68.4
68.4
42
121.2
68.4
42
112.8
50.4
68.4
42
94.8
68.4
42
112.8
42
68.4
68.4
86.4
68.4
42
112.8
68.4
50.4
94.8
68.4
150.6
42
121.2
68.4
42
121.2
42
68.4
50.4
94.8
68.4
42
121.2
60
50.4
76.8
76.8
68.4
42
103.2
68.4
42
112.8
50.4
68.4
68.4
86.4
60
42
121.2
42
68.4
86.4
76.8
68.4
42
94.8
68.4
42
68.4
68.4
68.4
42
121.2
68.4
42
112.8
42
68.4
76.8
94.8
68.4
42
121.2
68.4
42
94.8
68.4
68.4
42
186160
43832
42
121.2
42
68.4
68.4
94.8
68.4
42
121.2
42
60
94.8
68.4
60
42
112.8
68.4
42
94.8
68.4
68.4
42
121.2
68.4
42
112.8
42
68.4
68.4
94.8
68.4
42
121.2
68.4
42
94.8
68.4
76.8
42
121.2
68.4
42
121.2
42
68.4
60
185.4
68.4
42
112.8
42
60
86.4
68.4
68.4
42
14141
5288230
8306
178377
449290
76.8
42
94.8
68.4
42
112.8
42
68.4
68.4
94.8
68.4
42
121.2
68.4
42
94.8
68.4
68.4
42
121.2
68.4
42
121.2
42
68.4
76.8
94.8
3536
15855.8
5285980
9765.2
641066
94.8
68.4
68.4
42
121.2
68.4
42
86.4
13978.8
5286690
82.8
187471
503815
42
112.8
42
68.4
86.4
13990.4
3570000
2928310
10428.8
548018
109506
86.4
68.4
68.4
42
112.8
68.4
42
121.2
42
68.4
68.4
94.8
6519420
6506430
6532660
4804.8
17245
6488650
68.4
17252.2
6515190
3622740
2871410
42
86.4
68.4
68.4
42
104.4
68.4
42
121.2
42
8654.2
71559.2
30698.2
10829.2
8162.4
76659
10336.8
19065.6
6500490
256.8
188988
1276550
9359.6
68.4
42
112.8
42
68.4
16658.8
6504780
148.8
10470.4
659091
248.8
42
94.8
68.4
68.4
61.2
112.8
68.4
42
104.4
50.4
68.4
42
104.4
68.4
42
112.8
42
68.4
86.4
60
68.4
42
17594
6509250
96
191335
531682
68.4
42
121.2
68.4
42
112.8
17338.4
6504060
8513.2
183341
467268
42
112.8
68.4
42
86.4
68.4
68.4
42
121.2
68.4
42
112.8
58.8
68.4
68.4
94.8
68.4
42
112.8
42
68.4
86.4
68.4
68.4
42
121.2
68.4
42
86.4
68.4
68.4
42
112.8
68.4
42
121.2
42
68.4
86.4
68.4
68.4
42
112.8
68.4
42
94.8
68.4
68.4
42
129.6
68.4
42
121.2
42
68.4
68.4
86.4
68.4
42
121.2
60
50.4
86.4
68.4
68.4
42
112.8
60
50.4
86.4
60
418926
42
103.2
68.4
42
121.2
42
150.6
94.8
68.4
68.4
42
121.2
68.4
42
94.8
68.4
68.4
42
121.2
68.4
42
112.8
42
68.4
68.4
94.8
68.4
42
121.2
50.4
68.4
94.8
68.4
60
42
112.8
68.4
42
94.8
60
60
68.4
94.8
68.4
42
121.2
42
68.4
94.8
68.4
68.4
42
121.2
68.4
42
76.8
68.4
68.4
42
121.2
68.4
42
121.2
42
68.4
68.4
86.4
68.4
42
112.8
68.4
42
86.4
68.4
68.4
42
121.2
68.4
42
94.8
68.4
60
68.4
86.4
68.4
42
121.2
42
68.4
86.4
68.4
68.4
42
103.2
68.4
42
94.8
68.4
68.4
42
94.8
68.4
42
121.2
42
68.4
86.4
76.8
68.4
42
112.8
68.4
42
94.8
68.4
150.6
42
121.2
68.4
42
112.8
50.4
68.4
68.4
94.8
68.4
42
121.2
4092.6
4832.4
855773
421387
68.4
42
121.2
68.4
42
86.4
68.4
68.4
42
121.2
68.4
42
112.8
42
68.4
94.8
68.4
68.4
42
129.6
68.4
42
16345.8
6456800
49570.8
10694.8
667069
68.4
42
112.8
42
68.4
68.4
86.4
68.4
42
112.8
60
50.4
94.8
60
68.4
42
121.2
60
50.4
68.4
68.4
68.4
60
94.8
68.4
42
121.2
42
68.4
86.4
68.4
68.4
42
121.2
68.4
42
94.8
68.4
68.4
42
121.2
68.4
42
112.8
42
68.4
68.4
86.4
68.4
42
112.8
60
50.4
103.2
68.4
68.4
42
112.8
60
42
86.4
68.4
68.4
68.4
94.8
68.4
42
121.2
42
68.4
94.8
68.4
68.4
42
121.2
68.4
42
86.4
68.4
150.6
42
112.8
68.4
42
121.2
42
68.4
68.4
86.4
68.4
42
112.8
60
50.4
86.4
68.4
68.4
42
129.6
68.4
42
94.8
68.4
68.4
68.4
94.8
68.4
42
112.8
42
68.4
94.8
68.4
68.4
17557.6
6509010
9964.4
185269
575268
68.4
68.4
42
94.8
68.4
50.4
112.8
42
68.4
94.8
68.4
68.4
42
121.2
60
50.4
86.4
68.4
68.4
42
121.2
60
42
112.8
42
68.4
68.4
86.4
68.4
42
121.2
42
68.4
76.8
68.4
68.4
42
112.8
68.4
42
94.8
68.4
68.4
42
121.2
68.4
42
121.2
42
68.4
86.4
68.4
68.4
42
121.2
68.4
42
103.2
68.4
68.4
42
121.2
68.4
42
112.8
42
60
68.4
86.4
60
42
112.8
42
68.4
86.4
76.8
68.4
42
112.8
68.4
42
94.8
60
68.4
68.4
94.8
68.4
42
103.2
42
68.4
94.8
68.4
68.4
42
112.8
68.4
42
94.8
68.4
150.6
42
112.8
68.4
42
121.2
42
60
76.8
94.8
68.4
42
112.8
42
60
86.4
68.4
68.4
42
121.2
68.4
17574.6
6512200
9831.2
185869
487750
86.4
68.4
42
112.8
42
68.4
86.4
68.4
68.4
42
121.2
425222
42
68.4
68.4
68.4
42
121.2
68.4
42
112.8
42
76.8
86.4
76.8
68.4
42
121.2
42
68.4
16614.2
6460870
44864
10536.4
671161
59550.6
27928
55821.4
10198
446657
9692
441512
8285420
301867
172516
664002
68.4
481539
26538
90486.2
173415
42133.6
68.4
42
86.4
68.4
68.4
42
112.8
16505.6
6384640
127753
10156.4
661541
17379.2
68.4
436161
42
132
60
17253.4
6522710
100.8
207581
498226
114
60
42
112.8
50.4
15375.2
2197.6
6522180
10328
198190
476401
42
68.4
68.4
142.2
68.4
42
121.2
68.4
50.4
94.8
68.4
68.4
42
94.8
68.4
42
112.8
42
68.4
94.8
68.4
17586.4
6528660
9884
198921
485634
86.4
68.4
68.4
42
112.8
68.4
42
121.2
42
68.4
68.4
86.4
68.4
42
112.8
42
68.4
94.8
68.4
68.4
42
112.8
68.4
42
94.8
68.4
68.4
60
94.8
68.4
42
437579
42
68.4
86.4
76.8
68.4
42
112.8
68.4
42
86.4
68.4
68.4
42
112.8
68.4
42
121.2
42
68.4
86.4
68.4
68.4
42
112.8
42
60
86.4
68.4
68.4
42
112.8
68.4
42
94.8
68.4
68.4
68.4
78
68.4
42
112.8
42
68.4
94.8
68.4
68.4
42
112.8
68.4
42
94.8
68.4
76.8
42
121.2
68.4
42
121.2
42
68.4
86.4
76.8
68.4
42
121.2
42
68.4
86.4
68.4
68.4
42
112.8
68.4
42
94.8
68.4
68.4
68.4
177
68.4
42
112.8
42
68.4
86.4
68.4
68.4
42
94.8
68.4
50.4
94.8
68.4
68.4
42
112.8
68.4
42
94.8
42
68.4
86.4
68.4
68.4
42
94.8
68.4
42
86.4
68.4
68.4
42
112.8
68.4
42
112.8
42
68.4
50.4
86.4
16610
6490660
47699.2
10153.6
686897
68.4
68.4
68.4
42
112.8
68.4
42
86.4
68.4
68.4
42
112.8
68.4
42
94.8
42
68.4
86.4
76.8
68.4
42
94.8
68.4
16621.6
6475400
47142
10739.2
681930
112.8
68.4
42
112.8
42
60
86.4
68.4
60
42
112.8
42
68.4
86.4
68.4
68.4
42
104.4
68.4
42
86.4
60
68.4
42
112.8
68.4
42
112.8
42
68.4
86.4
68.4
68.4
42
112.8
68.4
42
86.4
68.4
68.4
42
121.2
68.4
42
112.8
42
68.4
86.4
68.4
2759.8
42
112.8
124.2
60
86.4
68.4
68.4
17571.8
6534570
146
211182
486537
50.4
68.4
68.4
68.4
68.4
42
104.4
42
68.4
86.4
76.8
87.6
42
112.8
68.4
18387.4
6485000
47099.6
10090.4
688245
112.8
68.4
42
112.8
42
68.4
16565.6
6485340
47588
10169.6
675586
60
50.4
86.4
68.4
60
42
112.8
68.4
42
104.4
50.4
60
86.4
60
68.4
50.4
104.4
42
68.4
86.4
68.4
68.4
42
112.8
68.4
42
86.4
68.4
68.4
42
112.8
68.4
42
112.8
42
16154.4
6471910
49098.4
10301.6
203307
509230
68.4
42
86.4
68.4
68.4
42
112.8
68.4
42
112.8
42
68.4
86.4
68.4
68.4
42
104.4
42
68.4
86.4
68.4
68.4
42
104.4
68.4
42
86.4
68.4
68.4
60
94.8
68.4
124.2
112.8
42
68.4
86.4
17340
6530200
8160.4
206590
489172
50.4
86.4
68.4
68.4
42
112.8
68.4
42
112.8
42
68.4
86.4
68.4
60
42
121.2
42
68.4
86.4
60
68.4
42
86.4
68.4
42
16615.2
6486490
46252.8
10219.6
695554
68.4
42
129.6
42
68.4
86.4
68.4
68.4
42
121.2
68.4
42
94.8
68.4
68.4
42
112.8
68.4
42
112.8
42
68.4
94.8
68.4
60
42
94.8
42
68.4
86.4
68.4
68.4
42
121.2
68.4
42
86.4
68.4
68.4
68.4
86.4
68.4
42
121.2
50.4
68.4
94.8
68.4
68.4
42
112.8
68.4
42
86.4
68.4
68.4
17532.4
6520590
9567.2
205671
483933
42
68.4
94.8
68.4
68.4
42
17626.6
6529140
114
10749.6
703463
76.8
42
112.8
1645.8
438
104.4
50.4
68.4
68.4
86.4
68.4
16553
6483400
47546.4
10285.6
530055
156580
68.4
42
112.8
68.4
42
16680.4
6501810
33566
9881.2
687548
68.4
52.8
94.8
124.2
68.4
86.4
50.4
844.2
42
112.8
60
50.4
68.4
68.4
68.4
42
121.2
60
42
112.8
42
68.4
68.4
86.4
68.4
42
112.8
42
68.4
17763
6536760
9876.4
208429
519233
68.4
42
94.8
68.4
76.8
68.4
17656.8
6532450
7890.8
416274
719959
68.4
94.8
68.4
68.4
42
121.2
17409.8
6510670
25029.6
10417.6
710586
42
112.8
68.4
42
112.8
42
16749.6
6519260
19775.6
10686.4
705126
112.8
61.2
68.4
86.4
68.4
68.4
42
103.2
68.4
42
94.8
68.4
68.4
68.4
78
68.4
42
121.2
42
68.4
94.8
68.4
68.4
42
121.2
68.4
42
94.8
68.4
68.4
60
103.2
68.4
42
112.8
42
68.4
94.8
68.4
60
42
112.8
42
60
68.4
68.4
68.4
42
112.8
68.4
124.2
94.8
60
68.4
68.4
86.4
68.4
42
112.8
42
68.4
94.8
50.4
68.4
42
121.2
68.4
42
94.8
76.8
68.4
68.4
94.8
68.4
42
121.2
42
68.4
94.8
68.4
68.4
42
121.2
42
68.4
76.8
68.4
68.4
42
121.2
60
42
86.4
68.4
68.4
68.4
68.4
68.4
42
112.8
42
68.4
86.4
68.4
68.4
42
112.8
68.4
42
94.8
68.4
68.4
68.4
94.8
68.4
42
121.2
42
68.4
94.8
68.4
68.4
42
129.6
68.4
42
94.8
68.4
60
42
103.2
68.4
42
121.2
42
68.4
68.4
68.4
68.4
42
112.8
50.4
68.4
94.8
50.4
68.4
42
104.4
68.4
42
94.8
68.4
68.4
68.4
94.8
68.4
42
121.2
42
68.4
94.8
68.4
68.4
42
121.2
68.4
42
86.4
68.4
68.4
60
103.2
76.8
42
112.8
42
60
168.6
50.4
42
42
112.8
42
68.4
94.8
60
68.4
42
112.8
68.4
42
94.8
68.4
68.4
50.4
94.8
75
42
108
42
75
75
75
75
42
141
42
42
108
75
75
42
108
75
42
108
42
85.5
64.5
75
75
42
141
42
64.5
108
75
75
42
141
42
42
108
64.5
75
42
87
75
42
108
42
75
75
75
75
42
141
42
42
108
75
75
52.5
108
64.5
42
108
42
75
75
75
64.5
42
141
4505.25
263352
108
75
75
42
141
103.5
42
108
52.5
582947
7369120
59923.5
12740.5
264603
603240
42
75
75
75
75
42
141
42
42
108
75
75
42
108
102
42
108
42
85.5
75
75
75
42
141
42
52.5
108
75
64.5
42
108
42
42
108
42
177.75
64.5
75
91.5
42
85.5
42
75
75
75
75
42
130.5
42
42
108
75
75
42
108
75
52.5
108
42
75
75
75
91.5
42
141
42
52.5
108
75
75
42
108
42
42
108
42
75
64.5
75
75
42
75
42
75
87
64.5
102
42
130.5
42
42
85.5
75
75
42
97.5
75
42
108
42
75
75
75
75
42
141
42
52.5
108
75
85.5
63
118.5
42
42
108
42
75
75
75
75
42
141
42
75
97.5
85.5
75
42
141
42
42
108
75
75
42
97.5
75
42
97.5
42
75
75
75
75
42
141
42
42
108
75
75
42
108
64.5
42
97.5
42
75
75
75
75
42
141
42
75
108
75
75
42
221.25
42
42
108
52.5
75
42
75
75
42
97.5
42
75
42
75
75
42
141
42
42
108
52.5
75
42
108
85.5
42
108
42
75
75
75
75
42
141
42
75
108
75
75
42
108
42
42
108
42
75
64.5
75
75
42
97.5
42
75
87
75
75
42
141
42
42
108
75
75
42
97.5
75
42
108
42
75
85.5
75
75
42
141
42
52.5
108
75
75
42
108
42
42
108
42
75
75
75
75
4317.25
55571
171687
151808
108
64.5
75
42
118.5
7880.75
75850
85.5
64.5
75
42
108
108
42
97.5
42
303094
129247
160622
80307.5
42
141
42
42
108
39255.2
16998
42
108
64.5
42
108
271109
85797.5
169014
96812.2
75
42
130.5
42
75
40684.2
19674.2
75
42
118.5
42
75
108
75
75
42
85.5
75
42
97.5
42
75
75
75
75
42
141
42
42
85.5
75
75
42
108
75
42
108
42
75
75
75
75
42
141
42
75
108
75
64.5
42
108
42
42
118.5
64.5
75
42
75
75
42
108
42
75
75
75
75
42
141
42
42
108
75
75
42
108
13496.8
60907
108
42
75
75
75
20696.8
8125060
192
13226
853048
108
75
75
42
108
1022.25
1810
664623
12378.5
269270
16024.5
75
75
42
108
42
75
97.5
75
75
42
141
42
42
108
75
75
42
97.5
75
42
108
42
75
75
75
75
42
151.5
42
42
108
75
75
42
108
64.5
42
108
42
64.5
75
75
75
42
108
42
75
108
75
75
42
118.5
42
52.5
97.5
75
75
42
108
75
42
97.5
42
75
75
75
75
42
141
42
42
108
75
75
42
108
75
42
108
42
75
75
75
75
42
130.5
42
64.5
108
64.5
64.5
42
97.5
42
42
108
75
75
64.5
75
75
42
75
42
75
75
75
75
1482.25
141
42
42
108
75
75
42
108
75
42
85.5
20953.5
8111350
126
12951.5
936912
42
118.5
42
75
108
177.75
75
24263.2
8164340
10089.5
272106
571818
64.5
75
75
52.5
75
42
108
42
75
87
75
75
42
130.5
42
42
108
75
75
42
108
75
42
108
42
21319.8
52.5
75
75
42
141
42
75
108
1744
61807
12190
273274
42
42
108
64.5
75
75
64.5
75
42
108
42
75
87
75
75
42
141
42
42
97.5
75
75
42
108
75
42
108
42
75
75
75
75
42
141
42
42
118.5
75
75
