1.732
1.732
1.96
1.732
1.706
1.734
1.766
1.766
2.026
1.762
1.704
1.834
1.832
1.826
1.908
1.798
1.732
1.802
1.764
1.86
1.998
1.772
1.734
1.766
1.76
1.738
1.93
1.8
1.732
1.766
1.798
1.8
1.99
1.738
1.76
1.772
1.764
1.732
2
1.7
1.798
1.732
1.764
1.762
1.97
1.728
1.806
1.8
1.86
1.738
1.992
1.702
1.766
1.76
1.832
1.774
1.998
1.792
1.798
1.838
1.798
1.764
2.032
1.83
1.766
1.954
1.702
1.866
1.966
1.83
1.76
1.836
1.766
1.826
1.904
1.83
1.732
1.826
1.704
1.766
1.958
1.764
1.768
1.772
1.788
1.67
1.866
1.732
1.726
1.706
1.834
1.734
1.968
1.966
2.058
1.838
1.966
1.932
2.162
1.926
1.968
1.932
2.006
1.992
2.034
1.704
1.834
1.732
1.824
1.704
1.966
1.766
1.8
1.764
1.858
1.84
2
1.8
1.76
1.806
1.766
1.8
1.966
1.796
1.798
1.794
1.84
1.766
1.962
1.766
1.756
1.738
1.728
1.832
2
1.7
1.774
1.8
1.732
1.8
2.06
1.798
1.764
1.67
1.86
1.83
1.942
1.766
1.766
1.76
1.838
1.86
1.904
1.762
1.86
1.738
2.466
1.8
1.966
1.734
1.798
1.76
1.77
1.826
1.94
1.766
1.8
1.794
1.798
1.772
2.032
1.798
1.832
1.796
1.798
1.792
2.102
1.738
1.768
1.888
1.702
1.958
1.866
1.734
1.766
1.824
1.738
1.792
2.036
1.73
1.738
1.794
1.738
1.796
1.926
1.866
1.732
1.8
1.772
1.89
1.9
1.8
1.768
1.858
1.738
1.8
1.962
1.824
1.772
1.766
1.832
1.822
1.938
1.792
1.83
1.704
1.8
1.76
2.008
1.76
1.802
1.756
1.838
1.768
2.026
1.798
1.764
1.774
1.858
1.73
1.872
1.758
1.828
2.098
1.706
1.858
1.874
1.764
1.76
1.706
1.766
1.792
1.876
1.792
1.706
1.86
1.732
1.764
1.976
1.892
1.636
1.794
1.736
1.76
1.934
1.83
1.726
1.772
1.866
1.766
1.996
1.8
1.856
1.704
1.798
1.764
2.092
1.698
1.806
1.768
1.866
1.798
2.06
1.77
1.828
1.772
1.8
1.794
1.976
1.826
1.736
1.792
1.836
1.764
1.994
1.84
1.834
1.798
1.826
1.772
1.89
1.8
1.732
1.762
1.798
1.766
1.976
1.83
1.734
1.798
1.764
1.83
1.93
1.86
1.704
1.798
1.832
1.798
1.93
1.766
1.726
1.828
1.738
1.732
1.968
1.734
1.8
1.79
1.738
1.86
1.974
1.73
1.802
1.76
1.8
1.774
2.02
1.736
1.858
1.736
1.8
1.766
1.998
1.794
1.774
1.8
1.832
1.732
2.034
1.732
1.8
1.766
1.762
1.772
1.96
1.804
1.89
1.67
1.76
1.774
1.966
1.8
1.7
1.766
1.792
1.9
1.908
1.79
1.734
1.798
1.732
1.704
1.966
1.824
1.666
1.772
1.764
1.798
1.864
1.764
1.766
1.732
1.766
1.892
1.9
1.736
1.796
1.758
1.83
1.77
1.932
1.732
1.834
1.698
1.798
1.724
1.938
1.73
1.8
1.732
1.8
1.768
2.03
1.834
1.794
1.74
1.768
1.732
1.958
1.738
1.7
1.86
1.67
1.792
2.002
1.83
1.798
1.736
1.696
1.8
1.932
1.8
1.766
1.832
1.766
1.864
2
1.834
1.798
1.834
1.766
1.892
1.874
1.768
1.794
1.772
1.832
1.792
2.11
1.8
1.798
1.766
1.766
1.792
1.974
1.758
1.806
1.764
1.866
1.826
1.938
1.766
1.8
1.8
1.9
1.802
2.57
1.766
1.76
1.7
1.828
1.732
2.09
1.672
1.734
1.766
1.76
1.806
2.028
1.704
1.734
1.798
1.86
1.698
1.942
1.8
1.766
1.8
1.732
1.798
1.9
1.798
1.734
1.768
1.766
1.826
1.906
1.8
1.826
1.67
1.764
1.758
1.942
1.76
1.834
1.734
1.84
1.762
2.006
1.766
1.832
1.728
1.804
1.794
1.972
1.7
1.832
1.766
1.798
1.766
2.022
1.704
1.766
1.732
1.8
1.76
2.002
1.638
1.766
1.76
1.7
1.8
1.908
1.762
1.738
1.8
1.7
1.79
1.898
1.702
1.694
1.772
1.8
1.762
1.908
1.76
1.732
1.7
1.766
1.938
1.9
1.734
1.7
1.766
1.728
1.77
1.898
1.768
1.732
1.8
1.76
1.704
1.964
1.732
1.828
1.698
1.806
1.732
1.966
1.798
1.834
1.824
1.736
1.76
1.96
1.766
1.8
1.724
1.84
1.798
2.06
1.806
1.826
1.672
1.766
1.8
1.956
1.738
1.766
1.766
1.766
1.83
1.966
1.864
1.766
1.832
1.8
1.866
1.964
1.798
1.732
1.826
1.83
1.826
1.942
1.794
1.766
1.772
1.728
1.74
1.926
1.706
1.766
1.724
1.738
1.732
2.09
1.698
1.74
1.73
1.698
1.758
1.94
1.7
1.756
1.7
1.768
1.808
2.062
1.636
1.792
1.672
1.792
1.67
1.994
1.766
1.774
1.726
1.8
1.762
1.974
1.832
1.766
1.766
1.76
1.772
1.934
1.798
1.76
1.806
1.766
1.798
1.964
1.8
1.834
1.794
1.704
1.734
1.958
1.734
1.728
1.772
1.732
1.858
1.9
1.738
1.798
1.8
1.732
1.766
1.968
1.792
1.772
1.766
1.898
1.728
2.01
1.768
1.866
1.792
1.772
1.734
2.026
1.704
1.798
1.734
1.86
1.84
1.968
1.698
1.832
1.764
1.824
1.704
2.024
1.762
1.772
1.762
1.806
1.8
1.964
1.892
1.806
1.8
1.766
1.864
1.998
1.8
1.834
1.794
1.764
1.866
1.992
1.732
1.672
1.796
1.7
1.798
1.964
1.766
1.732
1.794
1.766
1.772
1.964
1.792
1.706
1.826
1.706
1.732
2.066
1.8
1.824
1.77
1.832
1.858
2
1.772
1.8
1.792
1.768
1.766
1.992
1.766
1.772
1.766
1.832
1.766
2.032
1.798
1.8
1.834
1.868
1.758
1.976
2.432
1.8
1.832
1.83
1.866
2.094
1.828
1.772
1.766
1.8
1.796
1.934
1.894
1.766
1.83
1.738
1.9
2.028
1.806
1.766
1.794
1.806
1.734
1.896
1.8
1.73
1.73
1.8
1.766
1.996
1.794
1.798
1.796
1.738
1.764
2.056
1.7
1.838
1.794
1.8
1.772
2.03
1.766
1.834
1.766
1.86
1.772
1.992
1.806
1.8
1.828
1.806
1.766
1.992
1.826
1.74
1.834
1.734
1.834
2
1.79
1.766
1.772
1.732
1.76
1.934
1.8
1.732
1.864
1.704
1.8
1.994
1.736
1.73
1.824
1.738
1.732
1.994
1.832
1.698
1.86
1.63
1.74
1.966
1.726
1.806
1.728
1.8
1.74
1.99
1.772
1.8
1.766
1.8
1.766
2.034
1.8
1.828
1.772
1.862
1.794
1.976
1.798
1.834
1.792
1.74
1.762
2
1.772
1.8
1.798
1.766
1.764
2.024
1.77
1.76
1.766
1.738
1.924
1.836
1.892
1.666
1.83
1.83
1.702
2.06
1.672
1.86
1.672
1.766
1.8
1.932
1.794
1.772
1.764
1.89
1.738
1.992
1.766
1.864
1.732
1.8
1.766
1.994
1.7
1.8
1.732
1.794
1.7
2.098
1.706
1.834
1.766
1.76
1.706
2.026
1.734
1.74
1.766
1.86
1.766
2.04
1.766
1.8
1.766
1.834
1.734
1.966
1.828
1.734
1.834
1.734
1.766
1.94
1.798
1.726
1.84
1.766
1.834
1.934
1.892
1.672
1.762
1.772
1.8
1.966
1.832
1.832
1.86
1.738
1.834
1.962
1.866
1.734
1.866
1.772
1.8
2.034
1.826
1.772
1.73
1.834
1.766
2
1.766
1.8
1.762
1.922
1.766
2.002
1.806
1.8
1.732
1.834
1.792
1.938
1.764
1.96
1.734
1.706
1.728
1.976
1.758
1.706
1.83
1.766
1.894
1.942
1.762
1.734
1.766
1.8
1.834
1.992
1.74
1.766
1.866
1.764
1.766
1.966
1.8
1.8
1.828
1.766
1.896
1.96
1.8
1.734
1.8
1.766
1.798
2
1.826
1.77
1.8
1.866
1.766
2.192
1.706
1.834
1.766
1.834
1.768
1.998
1.926
1.67
1.8
1.834
1.8
2.064
1.9
1.99
1.83
1.874
1.734
1.996
1.766
1.8
1.792
1.736
1.828
2.042
1.894
2.238
1.892
1.698
1.738
1.926
1.834
1.7
1.8
1.738
1.766
2.018
1.672
1.766
1.76
1.74
1.8
1.934
1.798
1.76
1.738
1.766
1.796
1.924
1.738
1.794
1.706
1.8
1.792
1.932
1.772
1.8
1.76
1.84
1.8
2.026
1.772
1.798
1.792
1.772
1.8
2.034
1.76
1.772
1.766
1.8
1.86
1.908
1.794
1.738
1.766
1.8
1.76
1.942
1.8
1.726
1.8
1.806
1.826
1.902
1.926
1.636
1.828
1.738
1.8
1.966
1.8
1.766
1.796
1.86
1.772
1.966
1.8
1.792
1.832
1.706
1.892
1.968
1.738
1.758
1.866
1.832
1.826
1.9
1.772
1.832
1.792
1.802
1.738
2.026
1.766
1.806
1.828
1.772
1.766
2
1.73
1.794
1.672
1.766
1.726
1.938
1.732
1.734
1.696
1.8
1.734
1.99
1.772
1.794
1.806
1.8
1.766
1.966
1.826
1.706
1.766
1.8
1.8
1.934
1.86
1.764
1.704
1.826
1.8
1.966
1.762
1.806
1.802
1.794
2.006
2.226
1.96
1.898
1.966
1.836
1.766
1.966
1.766
1.798
1.766
1.892
1.706
1.994
1.8
1.8
1.772
1.9
1.76
1.972
1.734
1.732
1.794
1.734
1.734
1.968
1.7
1.838
1.828
1.7
1.7
1.97
1.76
1.798
1.734
1.668
1.766
1.926
1.832
1.666
1.736
1.794
1.738
1.966
1.828
1.666
1.806
1.798
1.792
1.906
1.8
1.766
1.86
1.764
1.792
1.97
1.9
1.766
1.866
1.772
1.834
1.926
1.872
1.824
1.866
1.764
1.704
2
1.826
1.738
1.766
1.828
1.772
1.958
1.838
1.896
1.866
2.09
1.834
2.14
1.96
1.974
1.866
1.8
1.826
1.94
1.734
1.826
1.838
1.8
1.826
2.036
1.704
1.766
1.832
1.826
1.866
2.07
1.772
1.862
1.772
1.766
1.834
1.966
1.8
1.766
1.8
1.828
1.798
1.994
1.766
1.806
1.794
1.706
1.734
1.966
1.734
1.734
1.796
1.766
1.892
1.904
1.734
1.83
1.792
1.732
1.738
1.966
1.734
1.794
1.706
1.834
1.698
1.994
1.766
1.86
1.8
1.772
1.734
1.996
1.76
1.832
1.706
1.832
1.794
2.07
1.766
1.8
1.772
1.766
1.834
1.934
1.86
1.706
1.798
1.798
1.8
2.026
1.906
1.798
2.4
1.826
1.832
1.874
1.834
1.766
1.86
1.704
1.766
1.93
1.89
1.704
1.8
1.86
1.706
1.964
1.766
1.858
1.698
1.768
1.738
2.028
1.7
1.738
1.792
1.706
1.826
1.966
1.764
1.736
1.734
1.766
1.766
1.966
1.734
1.8
1.826
1.772
1.794
1.972
1.766
1.824
1.738
1.766
1.8
1.966
1.832
1.792
1.806
1.766
1.8
1.966
1.834
1.76
1.806
1.926
1.704
1.966
1.832
1.794
1.83
1.772
1.8
1.966
1.834
1.766
1.832
1.79
2.006
1.958
1.766
1.74
1.766
1.8
1.764
2.03
1.764
1.798
1.76
1.8
1.74
2.02
1.672
1.794
1.7
1.8
1.706
1.962
1.728
1.772
1.7
1.892
1.606
1.934
1.732
1.764
1.734
1.794
1.672
1.928
1.772
1.732
1.766
1.79
1.772
1.934
1.834
1.76
1.772
1.766
1.826
1.938
1.792
1.804
1.834
1.8
1.8
1.996
1.766
1.824
1.764
1.738
1.86
1.938
1.76
1.766
1.732
1.866
1.606
1.996
1.826
1.732
1.866
1.738
1.764
1.96
1.738
1.766
1.764
1.766
1.764
2
1.8
1.76
1.768
1.766
1.772
2
1.734
1.826
1.706
1.8
1.7
2.056
1.74
1.766
1.762
1.732
1.764
1.93
1.766
1.764
1.826
1.772
1.86
2
1.772
1.76
1.766
1.806
1.762
1.94
1.8
1.76
1.866
1.738
1.764
1.964
1.8
1.766
1.8
1.766
1.766
1.934
1.766
1.892
1.604
1.86
1.706
2.058
1.8
1.872
1.924
1.972
1.9
2.16
1.898
1.964
1.932
1.966
2.098
2.1
1.766
1.86
1.974
1.992
1.906
2.16
1.906
1.998
1.932
2.034
1.998
2.224
1.772
1.766
1.834
1.762
1.8
1.94
1.826
1.832
1.738
1.766
1.866
1.964
1.834
1.734
1.794
1.732
1.802
1.928
1.764
1.67
1.8
1.732
1.76
1.874
1.826
1.67
1.728
1.892
1.738
2.054
1.732
1.832
1.662
1.872
1.732
1.996
1.768
1.76
1.772
1.8
1.734
2.034
1.794
1.8
1.8
1.772
1.734
2.034
1.86
1.806
1.768
1.834
1.766
2.03
1.96
1.638
1.834
1.8
1.898
2.034
1.828
1.8
1.84
1.826
1.77
1.966
1.8
1.798
1.826
1.7
1.806
2.656
1.764
1.734
1.806
1.826
1.706
1.932
1.766
1.76
1.772
1.8
1.732
2.026
1.7
1.808
1.73
1.824
1.738
2.058
1.672
1.794
1.74
1.8
1.766
1.996
1.728
1.834
1.762
1.798
1.824
1.942
1.732
1.8
1.766
1.798
1.766
1.966
1.768
1.824
1.738
1.766
1.8
2
1.76
1.772
1.894
1.8
1.804
1.994
1.832
1.766
1.764
1.764
1.798
1.932
1.8
1.732
1.8
1.798
1.766
1.93
1.8
1.734
1.768
1.732
1.766
1.934
1.73
1.8
1.732
1.832
1.732
1.964
1.766
1.8
1.734
1.8
1.758
2.002
1.732
1.772
1.768
1.826
1.734
1.976
1.728
1.804
1.698
1.8
1.826
1.874
1.73
1.794
1.706
1.764
1.766
2.034
1.798
1.732
1.792
1.764
1.774
1.93
1.766
1.734
1.76
1.738
1.828
1.966
1.7
1.734
1.804
1.7
1.798
1.994
1.734
1.766
1.794
1.798
1.77
1.964
1.8
1.734
1.764
1.764
1.798
1.994
1.698
1.806
1.794
1.772
1.764
1.966
1.764
1.898
1.966
2.026
1.966
2.176
1.992
2.006
1.966
2.1
1.966
2.032
1.79
1.738
1.826
1.798
1.738
2
1.8
1.734
1.892
1.706
1.798
1.966
1.766
1.734
1.768
1.732
1.834
1.928
1.8
1.694
1.86
1.7
1.864
1.936
1.806
1.766
1.8
1.79
1.7
1.942
1.832
1.766
1.758
1.806
1.766
1.93
1.792
1.804
1.794
1.8
1.774
2
1.834
1.832
1.794
1.806
1.8
1.996
1.8
1.832
1.8
1.894
1.806
2.066
1.8
1.832
1.86
1.806
1.8
2.034
1.79
1.906
1.832
1.894
1.804
2
1.766
1.828
1.74
1.766
1.892
1.872
1.826
1.74
1.766
1.762
1.9
1.906
1.8
1.8
1.798
1.734
1.8
2
1.766
1.7
1.826
1.772
1.866
1.99
1.772
1.826
1.7
1.866
1.766
1.972
1.834
1.868
1.924
1.794
1.738
2.056
1.804
1.8
1.822
1.84
1.8
2.062
1.86
1.806
1.8
1.866
1.858
2.032
1.774
1.8
1.856
1.962
1.738
1.964
1.834
1.792
1.806
1.8
1.798
1.992
1.772
1.734
1.798
1.832
1.766
2
1.894
1.772
1.832
1.798
1.834
2
1.892
1.704
1.8
1.894
1.906
1.998
1.794
1.772
2.4
1.892
1.74
2
1.766
1.864
1.828
1.772
1.798
2.026
1.738
1.924
1.672
1.866
1.792
2.032
1.74
1.834
1.766
1.892
1.706
2
1.766
1.866
1.766
1.8
1.766
2.02
1.74
1.734
1.834
1.8
1.8
1.93
1.832
1.732
1.8
1.826
1.806
1.93
1.83
1.756
1.864
1.762
1.806
1.964
1.926
1.666
1.806
1.826
1.806
1.992
1.806
1.766
1.926
1.764
1.804
2.03
1.86
1.772
1.768
1.866
1.766
2.058
1.738
1.834
1.764
1.928
1.772
1.99
1.806
1.8
1.76
1.864
1.73
2.066
1.77
1.8
1.766
1.834
1.766
1.93
1.766
1.766
1.766
1.766
1.794
1.902
1.766
1.706
1.766
1.8
1.766
1.934
1.766
1.828
1.74
1.766
1.766
1.994
1.772
1.8
1.826
1.772
1.832
1.998
1.86
1.74
1.8
1.8
1.86
1.974
1.764
1.796
1.766
1.96
1.672
1.958
1.794
1.772
1.892
1.832
1.732
2.006
1.76
1.806
1.798
1.866
1.83
2.03
1.866
1.798
1.792
1.832
1.672
1.994
1.772
1.858
1.7
1.966
1.764
1.94
1.834
1.732
1.834
1.76
1.806
1.966
1.798
1.732
1.798
1.828
1.84
1.932
1.8
1.766
1.76
1.866
1.768
1.872
1.8
1.728
1.772
1.86
1.736
1.934
1.8
1.728
1.774
1.796
1.832
2.024
1.772
1.8
1.728
1.866
1.766
1.994
1.898
1.8
1.8
1.806
1.8
2.066
1.894
1.738
1.792
1.796
1.866
1.906
1.734
1.792
2.136
1.9
1.698
1.972
1.8
1.76
1.838
1.83
1.834
1.968
1.792
1.8
1.806
1.798
1.834
1.966
1.8
1.766
1.862
1.9
1.706
1.966
1.826
1.77
1.766
1.794
1.996
1.902
1.832
1.796
1.736
1.794
1.804
2
1.766
1.864
1.8
1.834
1.76
2.004
1.766
1.8
1.8
1.866
1.832
2.12
1.638
1.8
1.734
1.86
1.772
1.994
1.738
1.832
1.76
1.894
1.706
2
1.828
1.806
1.734
1.798
1.826
2.004
1.838
1.766
1.8
1.826
1.802
1.966
1.9
1.826
1.738
1.834
1.834
1.96
1.828
1.8
1.828
1.804
1.866
2
1.894
1.806
1.834
1.8
1.826
2.034
1.772
1.8
1.794
1.866
1.8
2.638
1.798
1.928
1.738
1.934
1.894
1.938
1.734
1.828
1.764
1.834
1.8
2
1.632
1.806
1.766
1.8
1.732
2
1.732
1.798
1.732
1.834
1.8
1.934
1.766
1.794
1.804
1.8
1.764
1.96
1.834
1.76
1.9
1.704
1.83
1.966
1.866
1.766
1.834
1.8
1.834
1.966
1.828
1.772
1.86
1.838
1.834
2
1.832
1.794
1.772
1.864
1.76
2.066
1.772
1.834
2.194
1.866
1.834
1.84
1.862
1.736
1.794
1.802
1.766
2
1.76
1.8
1.772
1.866
1.794
1.972
1.86
1.766
1.736
1.89
1.866
1.908
1.766
1.798
1.766
1.796
1.834
1.972
1.8
1.8
1.834
1.764
1.8
1.996
1.8
1.826
1.806
1.766
1.86
1.974
1.858
1.766
1.9
1.704
1.826
1.942
1.8
1.8
1.89
1.798
1.706
2
1.8
1.894
1.738
1.798
1.766
1.994
1.734
1.828
1.738
1.866
1.734
2
1.826
1.77
1.728
1.8
1.766
2
1.73
1.8
1.762
1.872
1.76
2.006
1.828
1.8
1.768
1.926
1.798
1.906
1.832
1.766
1.834
1.83
1.958
1.874
1.866
1.762
1.83
1.834
1.826
2.006
1.862
1.866
1.766
1.868
1.834
2.026
1.772
1.766
1.794
1.838
1.8
1.994
1.702
1.766
1.7
1.892
1.738
1.966
1.766
1.794
1.672
1.826
1.738
1.966
1.764
1.794
1.832
1.772
1.766
2.122
1.706
1.832
1.794
1.772
1.828
2.004
1.766
1.894
1.732
1.838
1.796
2.064
1.866
1.766
1.832
1.8
1.86
1.972
1.826
1.898
1.738
1.834
1.83
2
1.8
1.836
1.858
1.866
1.838
2.06
1.798
1.772
1.894
1.802
1.834
2.03
1.866
1.8
1.86
1.8
1.772
2.094
1.704
1.828
1.772
1.86
1.772
2.06
1.864
1.734
1.834
1.896
1.828
1.974
1.826
1.772
1.76
1.9
1.738
2.03
1.858
1.738
1.728
1.872
1.728
1.974
1.794
1.738
1.792
1.826
1.834
2.042
1.8
1.826
1.764
1.738
1.866
1.96
1.838
1.828
1.806
1.83
1.83
2.028
1.838
1.862
1.798
1.86
1.8
2.004
1.766
1.806
1.8
1.894
1.864
2.028
1.766
1.9
1.704
1.892
1.738
2.034
1.766
1.8
1.8
1.832
1.892
2.65
1.8
1.828
1.772
1.832
1.798
2
1.8
1.834
1.766
1.9
1.762
2.136
1.672
1.826
1.77
1.8
1.83
1.966
1.834
1.766
1.866
1.864
1.858
1.972
1.83
1.766
1.834
1.86
1.772
1.96
1.838
1.764
1.8
1.866
1.832
1.96
1.806
1.732
1.8
1.8
1.86
1.872
1.826
1.808
1.728
1.874
1.766
2
1.762
1.806
1.76
1.838
1.766
2.094
1.732
1.806
1.794
1.838
1.794
2.002
1.766
1.83
1.794
1.866
1.834
2.146
1.794
1.806
1.8
1.866
1.828
1.996
1.704
1.794
1.832
1.736
1.826
1.972
1.894
1.704
1.826
1.866
1.806
1.932
1.828
1.766
1.806
1.794
1.804
1.962
1.794
1.734
1.8
1.8
1.828
1.904
1.8
1.732
1.766
1.826
1.738
2
1.734
1.8
1.732
1.894
1.862
1.904
1.766
1.83
1.766
1.832
1.766
2
1.794
1.804
1.8
1.894
1.8
2.032
1.738
1.826
1.736
1.86
1.706
1.994
1.8
1.702
1.834
1.794
1.772
1.964
1.796
1.806
1.798
1.8
1.766
2.06
1.766
1.738
1.798
1.83
1.766
1.96
1.874
1.8
1.794
1.806
1.86
1.936
1.834
1.8
1.8
1.834
1.826
1.972
1.794
1.9
1.704
1.866
1.766
2
1.766
1.958
1.74
1.998
1.864
2.094
1.836
1.828
1.734
1.828
1.77
2
1.734
1.8
1.766
1.794
1.766
1.972
1.766
1.798
1.766
1.766
1.86
1.908
1.858
1.732
1.738
1.796
1.8
1.966
1.766
1.794
1.802
1.8
1.866
1.99
1.866
1.706
1.832
1.8
1.966
1.966
1.86
1.872
1.996
2.124
1.94
2.2
2.032
1.966
1.998
2.092
1.934
2.364
1.898
2.032
1.972
2.06
1.97
2.198
1.996
2
2
2.066
1.93
2.198
2.06
1.972
1.926
2.006
1.924
2.11
1.93
1.958
1.866
1.962
1.67
2.028
1.864
1.732
1.762
1.772
1.798
2.024
1.704
1.766
1.792
1.806
1.834
1.934
1.86
1.806
1.796
1.798
1.926
1.904
1.8
1.798
1.866
1.828
1.87
2.028
1.8
1.798
1.834
1.928
1.798
2.07
1.67
1.892
1.734
1.9
1.834
2.158
1.772
1.828
1.772
1.866
1.764
2.06
1.672
1.832
1.766
1.866
1.832
2.1
1.766
1.8
1.794
1.866
1.706
2.6
1.766
1.8
1.86
1.806
1.834
1.962
1.834
1.766
1.832
1.832
1.8
1.966
1.828
1.738
1.826
1.874
1.762
2.026
1.834
1.732
1.798
1.834
1.8
1.998
1.794
1.77
1.798
1.83
1.858
1.942
1.828
1.772
1.826
1.868
1.8
2.01
1.8
1.862
1.764
1.732
1.772
1.966
1.828
1.738
1.766
1.832
1.826
1.938
1.826
1.738
1.766
1.956
1.698
1.998
1.764
1.864
1.732
1.77
1.794
1.936
1.858
1.798
1.766
1.838
1.866
1.966
1.798
1.798
1.828
1.772
1.83
1.966
1.798
1.792
1.864
1.706
1.866
1.932
1.834
1.8
1.8
1.768
1.79
2.01
1.76
1.806
1.794
1.84
1.826
1.974
1.766
1.826
1.672
1.86
1.638
1.998
1.766
1.8
1.726
1.802
1.766
2.09
1.696
1.738
1.766
1.832
1.734
2.056
1.738
1.8
1.828
1.838
1.766
1.964
1.798
1.764
1.794
1.866
1.738
1.932
1.834
1.8
1.798
1.834
1.826
1.934
1.806
1.794
1.834
1.806
1.826
1.942
1.832
1.86
1.74
1.926
1.864
1.904
1.926
1.766
1.772
1.834
1.764
2.03
1.826
1.736
1.766
1.834
1.766
1.99
1.772
1.86
1.772
1.794
1.8
1.938
1.768
1.802
1.766
1.834
1.832
2.062
1.672
1.794
1.738
1.834
1.766
1.964
1.766
1.826
1.672
1.76
1.84
1.932
1.866
1.8
1.926
1.704
1.798
1.958
1.804
1.798
1.83
1.834
1.832
2.032
1.89
1.8
1.806
1.834
1.866
1.964
1.86
1.772
1.9
1.832
1.8
2.022
1.732
1.874
1.766
1.866
1.7
2
1.766
1.834
1.766
1.832
1.858
1.974
1.758
1.806
1.8
1.834
1.828
1.968
1.798
1.766
1.766
1.866
1.84
2.066
1.794
1.77
1.76
1.862
1.738
1.994
1.766
1.766
1.8
1.806
1.794
1.938
1.894
1.698
1.806
1.892
1.772
1.994
1.806
1.768
1.888
1.766
1.836
2.028
1.834
1.86
1.738
1.764
1.834
1.966
1.826
1.738
1.732
2.058
1.698
2.03
1.772
1.792
1.798
1.806
1.828
1.972
1.732
1.924
1.704
1.9
1.764
2.03
1.86
1.872
1.866
1.832
1.798
2.066
1.766
1.834
1.8
1.898
1.8
2.03
1.898
1.832
1.834
1.834
1.828
2.576
1.964
1.664
1.806
1.86
1.8
2.006
1.834
1.8
1.8
1.926
1.738
1.93
1.822
1.706
1.8
1.8
1.794
1.932
1.738
1.766
1.8
1.826
1.672
2.09
1.672
1.8
1.766
1.86
1.798
1.934
1.806
1.832
1.728
1.84
1.8
2
1.76
1.8
1.738
1.866
1.798
1.992
1.772
1.794
1.772
1.834
1.764
2.126
1.704
1.834
1.8
1.8
1.862
2.126
1.702
1.8
1.926
1.734
1.8
1.976
1.866
1.826
1.806
1.796
1.86
2.01
1.766
1.8
1.8
1.766
1.8
1.958
1.866
1.706
1.83
1.766
1.834
1.93
1.826
1.74
1.766
1.8
1.764
2
1.764
1.766
1.794
1.806
1.764
2.032
1.766
1.86
1.672
1.834
1.732
2
1.766
1.8
1.796
1.832
1.766
2.024
1.738
1.834
1.8
1.866
1.766
1.934
1.86
1.738
1.796
1.866
1.832
1.96
1.84
1.8
1.832
1.856
1.732
2
1.772
1.76
1.772
1.864
1.794
2.034
1.704
1.766
1.826
1.834
1.738
1.96
1.838
1.766
1.766
1.866
1.762
2.032
1.794
1.838
1.798
1.858
1.766
2.04
1.764
1.832
1.834
1.834
1.8
2.034
1.8
1.832
1.766
1.834
1.766
1.994
1.74
1.834
1.732
1.832
1.828
2.042
1.796
1.8
1.826
1.738
1.828
2.026
1.74
1.826
1.8
1.772
1.766
1.93
1.76
1.738
1.866
1.766
1.826
1.934
1.772
1.766
1.826
1.738
1.834
1.994
1.872
1.726
1.8
1.804
1.732
2.034
1.8
1.798
1.764
1.858
1.766
2.006
1.832
1.86
1.738
1.862
1.798
1.94
1.766
1.8
1.76
1.872
1.728
2.036
1.806
1.89
1.672
1.894
1.738
1.962
1.76
1.84
1.766
1.826
1.806
2.058
1.838
1.826
1.8
1.706
1.8
1.966
1.826
1.8
1.738
1.89
1.74
2.024
1.832
1.738
1.8
1.766
1.834
1.996
1.8
1.86
1.762
1.8
1.866
2.058
1.738
1.834
1.794
1.898
1.738
2.092
1.706
1.832
1.796
1.866
1.794
2.042
1.8
1.892
1.704
1.866
1.9
2.032
1.826
1.74
1.8
1.866
1.766
2
1.764
1.866
1.792
1.832
1.74
2.032
1.924
1.732
1.738
1.798
1.766
1.966
2.366
1.798
1.834
1.8
1.8
1.964
1.8
1.766
1.798
1.79
1.806
1.966
1.826
1.706
1.792
1.806
1.792
2
1.84
1.794
1.772
1.866
1.8
2.028
1.766
1.828
1.798
1.9
1.792
1.974
1.8
1.86
1.738
1.9
1.76
2.036
1.772
1.832
1.766
1.866
1.798
1.996
1.826
1.772
1.76
1.872
1.766
2.194
1.766
1.732
1.766
1.768
1.826
1.906
1.766
1.766
1.8
1.79
1.798
2.002
1.736
1.76
1.738
1.766
1.766
2
1.766
1.86
1.74
1.86
1.704
1.96
1.772
1.734
1.794
1.8
1.74
1.996
1.892
1.672
1.798
1.864
1.766
2
1.8
1.828
1.802
1.866
1.8
2.068
1.702
1.892
1.738
1.866
1.832
1.998
1.8
1.798
1.8
1.866
1.792
1.976
1.8
1.76
1.8
1.772
1.798
1.934
1.798
1.8
1.858
1.732
1.772
1.934
1.762
1.8
1.672
1.826
1.738
1.934
1.8
1.734
1.766
1.766
1.858
1.9
1.738
1.734
1.8
1.826
1.806
1.96
1.772
1.832
1.766
1.894
1.738
1.998
1.76
1.804
1.826
1.8
1.806
1.998
1.83
1.8
1.798
1.866
1.766
2.066
1.766
1.894
1.74
1.992
1.798
1.908
1.766
1.798
1.764
1.834
1.766
1.96
1.806
1.798
1.8
1.826
1.77
1.966
1.8
1.766
1.798
1.766
1.892
1.872
1.83
1.794
1.772
1.826
1.83
1.904
1.832
1.766
1.796
1.8
1.826
1.906
1.794
1.772
1.766
1.866
1.794
1.972
1.766
1.8
1.832
1.864
1.764
2.088
1.77
1.834
1.76
1.904
1.824
1.998
1.772
1.866
1.766
1.868
1.762
2.066
1.636
1.8
1.756
1.84
1.794
1.938
1.798
1.766
1.824
1.84
1.832
1.928
1.828
1.766
1.798
1.924
1.738
1.966
1.826
1.774
1.8
1.798
1.832
1.966
1.894
1.706
1.794
1.806
1.892
1.942
1.762
1.766
1.858
1.706
1.766
1.994
1.706
1.798
1.794
1.838
1.826
1.974
1.73
1.8
1.794
1.874
1.766
2.06
1.772
1.864
1.73
1.898
1.766
2.028
1.798
1.706
1.76
1.806
1.764
2
1.766
1.832
1.798
1.866
1.832
1.966
1.834
1.766
1.86
1.772
1.826
1.942
1.826
1.768
1.84
1.86
1.772
2
2.466
1.766
1.8
1.834
1.826
1.976
1.834
1.762
1.832
1.834
1.866
2
1.832
1.83
1.798
1.866
1.794
2.04
1.834
1.894
1.672
1.9
1.766
2.034
1.824
1.87
1.832
1.83
1.766
1.998
1.73
1.764
1.732
1.894
1.64
1.966
1.76
1.8
1.738
1.8
1.698
1.966
1.732
1.76
1.806
1.766
1.826
2.006
1.9
1.862
1.792
1.806
1.83
2.03
1.826
1.772
1.832
1.834
1.832
1.964
1.834
1.766
1.826
1.806
1.8
2.028
1.826
1.772
1.89
1.806
1.766
2.098
1.8
1.828
1.766
1.872
1.766
2.094
1.706
1.76
1.772
1.864
1.766
2.034
1.732
1.766
1.734
1.894
1.672
1.962
1.734
1.74
1.766
1.826
1.706
1.966
1.76
1.772
1.792
1.772
1.766
1.896
1.83
1.732
1.8
1.892
1.706
2.09
1.804
1.76
1.806
1.832
1.832
1.966
1.826
1.772
1.794
1.84
1.834
2
1.866
1.762
1.8
1.832
1.8
2.06
1.766
1.84
1.834
1.934
1.832
2.032
1.76
1.806
1.76
1.804
1.76
2.042
1.76
1.9
1.706
1.892
1.702
2
1.832
1.834
1.8
1.798
1.766
2.124
1.64
1.86
1.706
1.832
1.864
1.966
1.8
1.734
1.8
1.766
1.798
1.922
1.806
1.766
1.794
1.806
1.8
1.966
1.89
1.764
1.834
1.798
1.834
2
1.826
1.738
1.83
1.832
1.824
1.936
1.906
1.832
1.766
1.898
1.9
1.994
1.766
1.8
1.824
1.806
1.726
2.008
1.766
1.8
1.76
1.866
1.806
2.06
1.704
1.8
1.766
1.86
1.832
1.908
1.766
1.8
1.726
1.94
1.926
1.868
1.806
1.826
1.706
1.954
1.772
1.996
1.826
1.738
1.832
1.798
1.8
1.934
1.83
1.732
1.828
1.806
1.832
2.126
1.774
1.8
1.8
1.76
1.84
2.024
1.74
1.8
1.834
1.834
1.826
2.01
1.732
1.794
1.772
1.894
1.704
1.992
1.704
1.8
1.762
1.834
1.834
1.996
1.732
1.798
1.794
1.772
1.79
1.908
1.792
1.832
1.704
1.856
1.772
2.06
1.7
1.772
1.932
1.832
1.8
2.022
1.806
1.766
1.794
1.806
1.826
2.13
1.798
1.806
1.86
1.772
1.8
1.966
1.9
1.766
1.832
1.798
1.8
1.996
1.858
1.798
1.804
1.828
2.488
1.942
1.734
1.798
1.766
1.866
1.73
2.024
1.706
1.832
1.694
1.832
1.796
1.9
1.772
1.798
1.766
1.86
1.704
1.996
1.764
1.86
1.67
1.864
1.764
1.996
1.8
1.8
1.794
1.806
1.8
1.934
1.8
1.766
1.826
1.77
1.834
1.956
1.804
1.766
1.8
1.792
1.772
2.056
1.704
1.766
1.828
1.732
1.806
1.964
1.794
1.668
1.796
1.698
1.73
1.928
1.734
1.734
1.8
1.772
1.698
1.9
1.73
1.732
1.7
1.8
1.732
1.966
1.732
1.764
1.792
1.73
1.704
1.996
1.732
1.766
1.764
1.798
1.768
1.994
1.766
1.772
1.794
1.9
1.67
1.956
1.838
1.768
1.834
1.768
1.834
1.966
1.798
1.764
1.764
1.764
1.796
1.962
1.808
1.766
1.8
1.832
1.794
1.918
1.87
1.76
1.766
1.7
1.806
1.926
1.806
1.734
1.732
1.762
1.764
1.992
1.732
1.806
1.732
1.794
1.774
1.966
1.826
1.704
1.792
1.704
1.762
1.972
1.732
1.824
1.766
