91.958
94.798
92.208
93.722
93.042
92.958
95.708
95.25
94.458
92.75
94.208
92.75
94.376
92.792
91.666
87.542
90.75
91.65
90.062
93.416
89.904
90.542
90.628
91.166
90.5
89.166
90.292
90.208
93.626
93.624
93.756
93.542
92.042
90.938
91.376
92.666
94.42
95.584
90.62
93.478
94.126
93.338
93.458
92.166
91.584
94.33
95.084
93.958
94.714
92.232
95.2
92.458
94.444
86.736
93.072
95.876
93.994
94.104
93.75
90.852
89.584
94.542
91.974
93
92.262
93.25
93.624
93.436
92.774
91.624
93.042
91.542
93.748
93.042
92.8
90.11
94.644
90.542
93.292
91.14
91.126
91.5
95.042
95.712
91.506
94.9625
91.848
92.416
95.126
93.584
93.834
94.708
94.5
93.452
88.086
91.08
89.584
91.238
91.932
89.458
87.75
92.666
94.5
92.162
92.648
94.352
92.916
90.874
92.334
93.75
93.77
93.48
94.22
94.014
94.666
94.516
96.75
93.834
91.666
90.8
96.042
85.422
91.73
90.61
90.25
90.034
89.332
91.766
94.084
91.6525
93.75
93.718
94.112
93.466
95.416
94.5
96.674
93.212
91.166
93.678
93.55
93.374
95.554
94.292
90.164
88.75
92.458
96.21
91.646
94.792
92.534
89.084
91.75
92.75
89.568
90.658
88.024
91.542
94.25
94.124
91.708
92.584
92.638
93.794
96.514
95.202
96.188
89.3
90.746
88.25
88.834
89.834
93.5
95.5
89.542
89.052
87.454
86.876
86.958
89.928
90.5
90.124
90.58
92
88.708
89.962
92.502
94
94.804
89.542
94
94.292
93.916
91.458
92.14
93.208
96.292
90.666
89.458
95.292
95.626
93
93.75
95.292
95.208
95.542
93
92.236
94.25
92.282
94.714
94.126
96.25
93.834
94.46
95.542
98.042
95.766
93.458
92.858
95.584
93.128
91.888
92.984
94.326
95.876
93.584
95.158
95.416
93.166
96.25
93.376
93.084
93.146
95.596
94.336
91.458
93.292
95.126
92.976
94.326
89.538
92.128
94.144
89.488
90.314
95
93.208
94.042
92.626
95.398
93.528
93.5
95.63
93.292
95.292
95.01
92.384
93.75
96.124
93.42
91.854
90.5
92.666
93.956
91.792
95
95.626
95.084
94.834
95.566
94.454
95
93.334
94.108
93.596
92.922
92.414
92.478
92.22
93.876
95.58
95.166
94.5
95.048
93.424
93.01
93.774
95.704
95.216
93.572
92.056
93.904
95.792
93.374
91.666
95.708
93.042
96
95.108
93.778
91.716
91.666
95.75
97.042
93.624
93.4
89.754
94.334
96.522
93.516
95.25
95.914
97.084
94.918
93.766
96.056
96.376
96.166
94.166
96.496
95.042
95.584
96.726
96.056
95.172
93.876
95.958
95.708
94.008
92.084
96.932
92.79
94.006
94.874
93.126
95.834
93.624
95.554
95.758
95.402
93.916
98.042
93.29
92.792
97.374
97.374
96.386
95.584
96.618
94.5
93.792
96.084
97.584
97.216
92.916
97.042
97.166
94.852
92.626
96.916
95.416
92.77
93.626
95.708
94.528
93.562
94.102
93.986
94.584
92.224
92.958
93.042
88.542
92.042
94.542
95.958
96.876
94.708
94
93.958
95.342
91.304
92.352
90.41
92.476
94.716
94.542
93.042
91.292
95.604
96.782
96.458
94.916
92.916
92.416
96.428
95.374
93.106
91.39
93.374
92.744
96.12
95.542
96.4
94.246
93.13
92.404
96.166
93.594
89.416
94.084
94.524
94.492
93.584
92.958
92.75
93.416
94.75
93.672
93.374
95.122
92.666
95.666
96.834
94.256
93.394
94.126
96.172
93.7
93.064
96
95.436
95.98
94.534
87.5
91.208
93.392
91.524
93.832
90.668
92.25
93.996
91.5
92.816
91.148
89.062
91.1
93
87.834
90.584
92.624
89.292
91.416
91.624
88.5
91.5
93.126
91.536
92.892
89.35
88.584
89.528
89.042
92.55
90.712
92.208
93.084
90.82
88.542
89.75
96.708
93.75
92.458
94.534
95.454
92.084
92.584
90.124
88.482
89.376
90.626
86.064
89.012
87.656
91.634
87.08
88.958
90.084
92.126
93.624
88.416
90.75
90.104
90.5
88.916
88.666
90.394
92.666
92.75
90.334
92.25
97.084
93.012
94.212
95.612
95.834
96.084
93.754
95.042
95.75
95.834
96.292
95.918
95.334
93.292
95.376
95.626
96.674
92.43
93.542
94.958
96.416
96.818
94.074
94.98
97.25
94.96
96.708
95.374
94.376
93.086
93.458
94.958
95.718
95.142
95.494
93.792
95.376
92.144
93.466
94.642
93.894
93.542
94.208
91.166
90.126
95.618
91.71
94.014
93.958
90.75
93.708
89.784
92.874
91.184
94.916
89.666
90.458
90.084
91.048
90.792
90.626
88.708
92.33
91.292
93.416
90.5
89.874
91.124
91.584
94.708
91.5
91.446
90.708
93.328
90.864
96.836
94.402
95.47
94.416
96.176
95.792
92.2
95.962
96.798
91.952
91.148
96.458
95.042
95.458
95.162
92.084
96.97
97.042
94.25
97.042
94.916
95.126
95.21
96.666
95.63
95.188
94.416
95.78
96.958
94.076
96.334
96.074
95.708
95.3
92.126
94.576
94.674
94.084
94.834
97.126
97.792
97.458
96.208
96.916
96.792
95.212
97.42
95.094
95.306
96.246
94.576
94.5
95.916
96.25
96.376
95.614
93.968
96.88
96.132
96.166
95.846
95.548
94
93.584
97.676
95.75
95.416
92.626
97.626
95.166
93.292
92.052
92.392
93.248
90.458
93.022
93.084
93.334
94.208
89.666
94.708
92.772
94.774
96.5
95.042
92.584
93.33
96.042
93.5
95.708
95.126
96
93.916
94.708
95.334
97.17
95.604
95.644
93.238
95.72
95.708
96.416
95.708
95.584
96.726
96.714
95.232
94.426
93.626
95.958
94.666
93.596
93.334
94.292
95.208
96.416
94.172
94.87
93.5
91.458
91.292
92.916
95.334
94.208
96.292
94.416
92.974
94.25
97.708
95.096
95.406
94.572
95.494
94.208
94.124
95.046
96.584
94.432
96.43
97.042
96.312
95.292
94.042
96.78
95.666
95
94.672
95.75
96.834
95.876
95.834
95.958
93.03
93.042
96.166
96
96.334
95.126
94.25
93.334
95.124
95.626
95.542
96.126
92.718
96.292
94.916
96.416
92.166
93.666
95.292
95.25
94.334
93.126
96.876
94.458
93.958
96.376
92.766
95.49
92.452
92.126
95.062
95.064
92.75
94.854
96.812
93.456
94.496
94.638
94.874
94.876
93.084
94.666
94.868
95.126
91.542
88.972
91.788
93.126
93.956
94.334
93.238
94.042
97.25
93.876
97.382
96.664
97.004
96.876
95.042
95.458
96.792
93.042
96.642
95.436
95.312
94.5
94.782
94.65
89.284
90.51
91.334
95.166
94.292
93.834
95.542
94.794
95.018
94.876
96.084
95.042
93.584
95.668
95.666
95.042
95.702
94.912
94.512
94.542
93.204
96.506
93.88
95.702
93.666
91.834
95.572
94.334
95.542
96.084
95.334
94.376
92.248
95.626
93.624
92.38
92.374
95.708
94.586
92.586
91.458
95.292
96
96.708
91.708
93.772
96.734
94.416
94
95.54
95.166
95.58
96.418
92.856
94.604
91.876
92.708
94.416
92.402
96.624
96.584
94.666
96.042
93.972
99.118
95.042
95.318
96.126
94.34
95.85
94.042
94
93.542
96.666
97.292
95.75
96.416
95.528
96.136
95.148
93.518
94.458
96.042
95.874
95.598
96.042
95.75
93.166
97.176
93.874
93.666
96.39
94.124
93.736
95.708
96.166
95.708
95.666
96.208
95.166
96.642
96.666
93.624
94.5
95.396
92.774
94.958
94.916
94.334
95.94
92.356
96.75
95.542
95.126
95.21
93.888
93.012
95.292
94
95.042
94.124
89.916
94.138
95.084
94.816
95.814
93.794
92.142
92.348
96.01
94.708
94.75
93.834
97.042
94.874
93.65
93.94
95.466
96.538
94.542
92.192
95.372
94.584
97.036
93.084
94.4
92.402
94.82
92.354
91.814
87.958
93.206
94.902
88.834
90.666
90.584
92.374
93.5
92.376
85.818
91.72
89.25
91.166
90.5
90.916
90.584
93.292
93.876
92.126
90.292
91.636
91.21
93.156
90.084
88.416
90.042
90.126
88.584
90.626
89.834
92.334
88.084
94.964
94.416
89.666
90.084
87.292
93.834
92
91.11
88.07
90.542
93.834
92.542
90.126
90.708
91.084
91.708
92.124
90.958
90.626
90.5
92.75
93.44
95.262
92.208
93.338
94.292
94.836
94.624
93.166
96.376
93.824
95.542
94.584
93.24
93.094
94.458
92.416
92.97
98.078
94.172
93.006
93.956
95.126
93.36
91.708
94.542
93.11
93.916
93.792
94.82
95.654
94.47
93.772
95.458
94.416
94.298
91.842
94.798
96.28
95.042
95.25
96.376
95.208
93.478
94.586
93.622
93.834
94.834
93.652
93.762
92.762
94.584
92.792
94.084
92.766
94.916
93.8
93.124
93.208
94.624
97.166
96.208
93.562
93.34
94.192
95.042
93.834
95.374
95.872
97.166
93.822
94.992
93.542
96.48
94.542
94.462
94.828
94.958
95.834
96.626
95.334
94.584
92.63
97.558
96.294
94.916
94.458
93.936
95.126
95.5
94.692
95.086
94.542
95.626
94.084
97.584
94.308
93.92
94.134
93.672
95.278
95.102
93.916
94.606
94.168
95.75
94.678
95.166
95.18
94.376
92.958
95.084
95.126
93.96
93.584
94.156
93.99
93.274
94.162
94
95
96.584
92.75
94.458
97.29
93.75
94.666
95.082
93.714
93.894
93.966
96.238
94.006
94.996
96
93.416
94.19
97.694
95.834
92.502
94.862
95.628
95.15
93.75
94.166
94.374
96.508
94.924
95.584
93.054
93.666
93.126
92.958
91.542
92.004
95.166
93.666
92.804
93.75
94.596
95.208
93.916
93.334
93.708
93.292
93.162
96.004
95.858
93.708
94.928
95.566
95.374
96.396
97.084
95.042
94.584
97.374
96.124
93.708
94.5
95.32
94.292
94.758
93.708
94.5
94.792
92.542
93.97
96.626
96.792
92.274
93.666
96.834
94.828
96.914
92.916
93.292
95.768
95.646
94.148
93.648
96.098
94.792
93.916
93.292
94.334
95.282
94.874
95.834
94.792
95.626
96.666
96
95.708
94.468
94.208
94.292
97.77
97.248
96.872
92.908
94.386
95.822
93.708
93.732
93.978
95.376
93.128
94.166
97.248
94.626
97.26
95.376
94.542
97.874
93.456
94.5
96.708
94.304
93.932
93.168
96.424
95.6
95.084
96.136
95.416
93.424
94.636
95.084
94.958
94.292
94.708
96.468
95.958
94.416
93.25
94.416
94.626
94.85
92.294
95.5
94.042
93.508
92.77
92.63
94.862
93.666
94.534
94.25
96.124
93.334
96.53
91.958
93.708
95.958
94.5
95.708
93.166
91.458
96.328
94.184
96.182
91.9
92.542
94.22
94.416
98.212
94.546
93.334
93.88
92.868
95.306
93.876
94.712
93.876
95.876
96.708
95.334
93.576
94.292
94.25
93.26
94.072
94
94.334
94.662
96.966
93.626
93.874
95.5
94.874
95.416
93.75
93.126
94
91.708
92.468
96.376
93.12
90.606
94.958
94.916
98.208
94.504
93.126
95.542
94.166
94.25
95.292
96.916
93.5
96.25
96
94.384
96.084
94.384
95.042
95.436
96.25
96.416
96.876
94
93.47
95.224
94.084
93.792
95.5
93.792
92.474
93.834
92.372
94.958
94.542
93.208
94.482
93.192
93.642
92.964
94.814
95.178
94.5
95.582
96.204
95.834
93.208
93.002
92.958
96.272
95.404
93.792
95.042
96.334
97.874
95.75
93.522
93.198
95.208
92.5
93.248
93.584
94.364
93.362
94.216
93.96
94.57
93.446
93.27
93.232
95.5
94.374
93.116
93.402
92.44
93.752
91.792
95
94.166
94.208
92.75
94.5
92.864
95.916
90.276
93.22
97.042
95.4
92.542
93.122
94.592
93.882
94
93.084
95.292
98.466
94.996
95.632
96.782
95.578
92.87
96.208
91.792
95.166
95.584
94.874
95.876
96.334
92.916
95.542
94.416
92.834
93.958
93.266
95.25
95.142
94.306
95.792
94.916
93.198
94.376
95.46
95.956
95.682
93.218
94.584
96.584
96.458
93.792
93.084
93.792
94.75
91.942
94.334
92.92
93.958
91.478
94.708
93.628
91.75
93.834
94.394
92.834
95.852
94.406
93.584
92.25
96.764
96.772
93.584
93.5
93.792
95.964
93.81
95.556
92.966
93.858
95.354
92.408
93.084
95.124
97.042
93.762
94.458
95.792
93.792
95.812
94.126
93.75
90.25
97.708
95.218
95.48
92.916
94.874
93.376
92.084
95.456
95.542
93.75
92.328
95.042
95.746
94.922
94.532
96.336
93.584
94.176
94.25
96.512
92.708
94.666
92.458
95.034
93.5
92.346
91.454
92
92
93.698
94.208
93.824
88.376
94
91.166
91.514
90.028
88.974
95.298
93.726
91.542
92.416
95.47
97.542
92.552
93.416
89.87
92.41
91.73
93.624
93.134
92.334
94.376
94.078
93.042
93.958
94.124
91.458
93.376
94.25
95.834
94.564
93.25
94.348
97.188
95.114
95.958
95.708
91.83
93.584
93.166
92.708
93.042
95.084
97.042
93.958
94.124
92.416
95.166
93.084
95.43
93.904
94.054
93.334
93.058
93.92
94.208
95.806
90.75
93.584
93.334
94.292
95.272
93.958
90.75
95.446
93.732
91.162
92.19
93.87
92.918
93.208
92.792
96.75
93.374
94.358
93.27
93.54
93.024
95.166
95.04
93.904
93.834
94.406
94.376
95.334
95.084
89.958
91.1
93.822
93.608
90.504
88.384
91.124
93.542
86.728
91.44
93.172
92.634
95.804
92.916
89.948
92.834
91.666
92
89.92
94.024
91.876
92.042
76.874
86.124
84.626
82.374
85.528
90.23
90.458
90.584
91.626
90
93.404
95.766
93.768
89.292
54.958
54.7775
90.032
93.18
88.178
87.998
87.986
87.542
89.084
89.876
87.044
88
88.498
89.322
88.166
92.916
87.626
89.072
85.238
89.756
87.666
89.626
90.292
87.746
85.458
88
88.958
92.606
76.982
92.262
86.552
88.042
88.334
90.696
87.894
93.85
91.348
91.626
89.084
90.982
90.982
92.188
90.25
93.166
93.75
89.584
91.708
89.12
91.618
91.266
94.084
94.5
93.708
92.708
93.662
91.652
93.752
91.076
92.508
93.64
93.584
92.124
90.166
94.484
92.148
93.486
94.56
91.458
91
91.876
90.042
93.626
93.666
95.166
92.59
94.042
87.708
92.782
91.514
88.834
90.964
91.084
90.158
88.958
91.896
92.916
91.348
92.75
93.704
93.292
93.916
92.126
93.084
93.454
91.292
94.25
91.542
93.292
92.63
94.392
90.292
94.292
93.57
91.876
91.376
92.658
90.666
92.5
92.042
92.5
93.208
95.34
93.962
93.558
90.082
90.344
92.506
90.894
91.416
90.374
92.166
91.632
92.416
98.292
92.124
91.416
91.458
58.462
24.432
24.624
23.994
24.292
25.208
24.542
18.7225
35.932
24.638
23.59
24.608
24.204
24.294
24.82
24.584
24.584
25.376
25.124
24.952
36.462
24.652
25.048
25.32
25.166
24.792
25.334
24.876
24.708
25.75
25.5
25.416
36.334
25.334
25.108
25.32
25.402
24.666
25.208
25.122
25.25
25.542
25.584
25.334
36.67
25.108
24.976
25.274
24.842
24.542
25
24.916
24.516
25.25
25.204
24.8
36
25.292
25.166
25.376
24.874
24.542
25.042
24.666
24.792
25.45
25.214
24.916
36.166
24.958
24.666
24.624
25.126
25.126
24.916
25.25
24.834
25.666
25.364
24.792
36.626
24.484
24.94
24.726
26.458
24.916
25.272
25.166
24.75
25.334
25.626
25.082
35.876
24.916
24.992
25.484
25.084
24.792
25.084
25.374
24.75
25.416
25.334
25.042
35.854
24.626
25.11
24.97
24.94
24.666
24.708
25.126
25.25
25.416
25.692
26.0425
36.386
24.726
24.706
24.76
23.756
24.334
24.416
24.916
24.292
25.026
24.334
24.284
36.166
24.082
85.266
94.834
92.162
94.4
94.334
93.882
91.75
92.208
93.374
88.626
90.874
91.25
92.374
85.958
86.75
85.584
84.958
85.25
87.25
87.132
94.1
89.208
93.584
92.292
89.196
90.25
90.952
91.4
93.182
89.512
88.648
88.878
87.006
93.532
93.072
80.63
91.722
92.194
90.94
89.666
94.292
92.626
93.376
91.872
90.482
92.91
92.124
91.208
91.292
92.902
93.042
90.5
91.036
89.208
89.376
89.982
90.042
88.5
90.176
87.396
84.584
92.166
92.5
89.874
89.416
91.51
93.5
91.876
92.676
89.044
94.208
91.702
90.556
85.612
89.02
84.78
87.806
89.874
87.792
90.666
88.674
87.124
88.958
90.374
90.916
87.75
90.792
82
92.806
85.828
90.632
92.44
87.626
87.75
95.224
91.182
89.526
84.686
89.018
83.664
93.134
90.25
86.584
87.792
85.292
88.952
89.542
93.084
88.958
92.542
88.458
87.166
86.876
86.166
88.376
85.252
88.846
90.416
95
90.75
91.626
88.792
85.75
88.968
86.792
85.584
88.624
87.916
89.284
87.528
93.796
91.766
83.63
93.132
86.456
83.584
92.268
87.958
86.25
88.274
87.42
86.542
88.126
92.958
92.172
91.166
92.416
87.564
91.342
83.626
86.124
89.742
87.292
85.79
88.786
94.08
91.492
84.56
88.836
89.124
85.686
85.584
84.96
86.94
86.708
86.626
88.434
88.08
88.756
90.166
88
90.708
88.708
84.792
87.374
85.208
88.292
88.208
95.416
92.5
91.916
88.106
87.698
86.562
87.112
87.256
85.916
93.638
89.58
88.05
86.068
93.224
93.416
89.25
85.392
88.458
90.25
86.636
87.168
82.292
88.824
89.162
91.45
88.514
85.104
89.172
92.484
88.25
85.876
88.246
87.244
88.738
90.466
91.37
93.042
92.724
88.834
87.198
86.5
86.75
84.208
85
87.838
90.834
86.374
87.126
88.208
88.39
90.444
88.808
89.5
90.126
91.25
87.708
89.584
86.324
88.626
86.28
90.542
87.874
85.874
91.818
91.542
92.472
86.724
90.044
91.666
85.25
87.028
89.708
89.666
89.708
89.734
89.75
87.712
88.25
91.166
88.084
89.834
85.542
88.208
91.25
90.416
89.834
89.586
88.958
90.626
90.634
88.79
88.042
86.666
83.792
86.542
89.828
87.622
89.166
90
88.374
92.334
93.208
88
87.012
89
86.626
87.584
84.292
90.916
89.458
91.5
91.892
89.598
91.792
86.084
83.332
87.458
85.75
89.708
87.416
95.346
92.426
88.416
87.334
87.018
90.672
88.33
86.75
86.124
92.916
93.182
95
95.584
93.834
93.374
93.042
91.792
87.626
91.75
85.69
89.26
86.164
89.334
91.84
94
91.25
93
92.25
92.914
92.5
92.958
92.958
88.438
88.224
92.166
93.958
92.916
93.74
92.042
92.208
94.738
94.6
91.708
92.224
92.542
93.326
92.776
88.484
93.408
95.128
92.46
90.958
89.824
89.922
89.004
89.25
88.626
94.518
93.898
91.764
93.168
89.114
93.076
91.014
91.078
94.792
93.332
93.88
94.124
94.542
92.126
92.166
94.458
92.25
92.834
91.428
93.292
91.792
92.666
95.042
92.25
90.916
93.88
92.124
95.042
92.542
91.042
92.75
90.416
94.084
92.166
91.208
91.916
90.916
93.43
92.874
96.262
93.378
92.45
93.19
93.982
93.26
90.75
92.064
94.866
93.162
93.34
92.642
94.834
91.666
91.584
92.666
93.618
94.568
93.334
94.166
92.584
94.95
91.644
87.874
92.494
90.968
92.374
93.042
92.542
93.624
92.458
94.21
89.834
89.656
94.116
90.084
94.772
91.376
93.126
92.908
91.684
90.708
92.94
88.042
89.666
89.208
94.034
90.432
94
92.612
94.19
92.766
95.134
89.98
88.916
88.792
89.448
90.042
90.334
87.662
91.422
91.848
94.458
91.876
93.698
93.07
91.574
90.738
90.544
90.428
92.626
88
93.292
92.916
92.374
92.958
90.542
93.5
91.916
90.608
92.208
90.208
91.856
90.334
94.716
91.376
90.458
93.352
88.428
92.084
92.75
91.708
92.124
93.084
95.542
86.208
95.416
91.916
87.084
84.488
89.416
85.208
90
83.29
89.366
88.454
89.682
89.258
94.708
92.458
86.988
87.642
89.75
88.426
85.208
88.916
83.75
89.986
89.78
90.572
95.636
91.974
87.876
84.584
89
86.626
85.334
88.666
89.772
87.516
90.374
87.458
93.876
92.208
86.526
92.604
92
89.584
88.53
89.23
87.042
87.454
87.126
87.646
88.666
92.84
89.208
89.084
94.292
92.376
88.874
87.416
87.24
86.172
85.626
87.416
91.084
90.664
92.376
93.02
89.23
86.876
87.042
86.48
87.126
84.792
87.416
85.75
92.75
89.834
90.33
91.35
91.774
86.626
90
88.134
90.968
88.042
85.626
84.042
94.874
90.75
92.792
86.288
88.75
87.416
90.51
90.876
89.756
88.092
87.916
87.124
92.5
93.458
87.792
87
85.334
88.458
90.374
85.594
88.916
85.166
90.292
88.042
87.292
89.496
93.042
91.25
92.334
87.75
88.098
86.876
87.416
88.01
86.75
87.792
87.374
91.75
92.416
90.042
86.75
89.682
86.934
87.834
86.5
88
86.628
87.794
91.158
90.73
92.874
86.916
85.626
90.742
90.674
86.936
84.958
89.792
87.25
88.594
92.186
91.042
90.118
92.1
91.458
92.792
90.516
89.564
89.488
92.23
91.876
86.744
94.124
93.334
91.376
87.626
86.5
87.608
87.708
86.542
87.3
87.914
87.626
87.416
90.376
90.692
93.042
87.446
89.792
87.874
86.416
86.876
87.126
87.898
88.084
92.584
92.944
95.014
88.42
88.042
87.666
87.542
86.084
87.708
88.292
85.256
87.708
90.75
92.88
92.258
93.286
92.584
90.482
87.584
86.754
87.042
86.916
86.542
89.334
86.674
93.624
92.25
91.124
88.666
85.5
91.152
87.458
84.458
91.916
89.166
87.708
87.876
89.458
92.47
91.126
89.584
87
88.25
86.958
87.25
87.584
86.584
90.75
89.042
94.124
91.208
91.084
89.166
87.916
88.058
85.626
86.708
86.416
88.758
87.916
88.25
86.828
93.042
92.798
85.958
86.292
88.088
85.788
90.084
86.834
86.834
86.252
87.126
94
92.792
86.708
87.296
85.708
86.166
87.584
88.126
84.326
90.354
87.572
88.166
93.834
90.708
91.708
89.458
86.874
86.764
84.834
88.458
85.876
88.584
90.542
88.666
89.376
93.916
91.428
86.666
86.916
87.334
90.768
86.376
87.542
87.25
87.584
87.084
87.576
90.458
93.838
89.458
89.834
87.75
86.334
88.334
85.984
88.18
87.556
87.722
88.75
92.916
93.126
87.666
89.542
87.584
87.542
86.376
87.458
87.916
88.126
87.25
88.792
93.416
92.334
84.584
89.094
89.358
87.792
90.792
87.75
87.958
87.792
88.834
92.75
92.834
88.126
87.166
87.834
85.758
88.876
86.666
87.25
86.758
87.1
87.322
95.876
90.126
88.126
87.458
86.834
87.886
84.798
85.208
89.958
84.376
92.916
91.75
93.334
93.166
86.416
86.708
89.834
83.874
90.334
85.81
89.514
88.218
87.584
88
93.056
91.246
89.376
85.834
89
86.9
87.37
86
86.048
90.812
86.292
87
91.08
92.126
92.54
86.734
88.52
90.916
86.416
86.918
88.376
89.61
87.356
87.166
89.292
93.084
92.75
85.992
87.75
86.028
90.542
87.25
87.708
87.958
88.084
88.372
90.292
93.084
94.416
88.126
85.666
89.542
87.302
86.708
87.208
87.876
87.83
87.626
87.916
93.458
90.624
85.33
89.042
89.072
87.542
86.874
87.792
85.762
87.526
86.172
93
90.542
92.998
88.45
91.146
85.076
84.75
91.416
91.59
87.916
87.208
87.196
95.124
94.042
89.458
85.75
91.124
87.834
87.792
87.374
87.064
87.846
88.416
88.834
90.39
92.584
92.288
86.5
83.5
88.106
89.916
89.834
86.886
88.166
85.916
88.44
91.542
90.416
92.708
88.166
92.292
87
91.584
86.834
87.07
84.792
91.918
88.208
89.5
91.802
94.674
87.958
90.542
88.042
87.166
86.916
86.708
85.792
87.708
88.876
91
92.342
93.828
90.084
87.73
88.302
89.834
86.084
87.888
87.342
88.708
84.874
93.458
92.834
93.166
92.292
88.624
87.384
87.542
86.834
87.208
87.458
85.458
87.79
89.374
88.5
91.124
90.5
87.958
90.584
90.27
87.834
87.374
84.708
89.584
88.208
90.834
91.042
92.25
88.416
88.374
88.126
89.384
86.916
87.584
87.25
89.25
87.708
92.792
90.512
92.084
89.886
88
88.248
86.876
86.886
86.542
85.042
91.626
87.066
90.152
92.894
94.432
90.626
85.5
87.376
88.37
87.624
88.286
90.75
86
88.208
89.334
95.084
93.85
89.712
88.126
86.506
87.416
87.084
86.958
89.084
88.154
87.666
95.932
94.624
92.166
90.09
87.62
87.584
87.876
87.25
86.858
85.374
91.542
87.748
90.166
92.916
88.876
87.588
90.834
89.166
88.042
87.874
87.38
88.792
88.166
88
93.834
92.334
91.084
87.792
87.674
87.624
88.084
87.042
86.528
86.116
87.958
89.416
90.964
93.258
90.096
88.584
87.75
86.584
87.25
87.328
86.96
88.6
88.392
87.76
93.084
93.584
90.708
87.25
87.208
87.666
88.042
87.416
86.878
87.666
86.208
88.292
89.666
92.334
93.166
87.596
87.834
86.834
87.462
87.126
86.916
88.25
88.5
87.916
92.25
94.2
90.208
88.792
85.792
87
88
86.754
90.916
88.542
87.414
87.708
88.584
93.5
92.624
85.786
88.824
87.334
87.042
89.456
86.916
88.374
88.206
87.958
90.672
91.624
92
89.414
92
89.916
87.626
87.032
86.852
87.198
86.792
89.792
90.124
91.792
92.25
85.916
88.126
87.916
86.334
87.792
89.084
87.824
88.75
87.458
90.042
89.214
90.75
89.458
89
87.126
90.43
87.458
87.334
85.834
90.916
88.25
95.416
93.97
88.5
87.846
86.218
89.66
87.244
88.868
87.564
87.006
93.902
87.944
94.986
93.072
91.364
87.792
92.458
86.754
88
87.496
87.294
88.354
87.876
86.876
92.374
92.042
91.5
87.834
88.084
90.75
87.916
87.626
87.36
89.22
88.96
88.166
88.958
95.5
91.792
88.584
87.83
88.25
88.958
86.874
87.208
89.126
87.792
86.5
88.084
93.132
93.588
92.916
90.056
87.014
88.166
88.43
87.334
88.542
88.834
89.124
93.354
92.792
89.208
88.25
87.958
87.834
89.044
87.114
87.208
89.042
87.584
86.75
89.958
94.442
93.084
92.75
89.116
87.42
87.25
87.74
87.466
89.378
88.126
88.208
94.124
93.006
91.666
87.916
87.458
87.584
88.412
85.62
88.396
84.584
90.042
89.174
91.572
91.334
94.638
87.398
87.746
91.334
87.834
87.958
87.754
89.042
88.124
88.626
90.834
92.208
91.916
88.876
88.708
91.916
88.878
87.54
87.084
88.334
88
88.166
90.548
92.792
94.376
90.124
88.042
86.834
86.75
86.692
87.25
87.792
87.416
90.842
87.95
91.906
91.5
91.834
89.708
90.368
92.654
87.292
87.126
85.196
90.968
86.876
90.042
90.874
92.396
94.212
89.828
88.166
87.834
87.626
87.958
89.704
88.842
88.962
91.5
89.626
91.792
93.376
90.458
90.322
89.804
87.374
87.876
89.712
88.916
87.958
89.626
91.376
88
88.588
91.586
89.708
87.876
87.25
88.91
86.86
91.904
88.622
91.25
92.27
94.666
91.124
89.124
88.542
86.888
86.584
89.334
90.05
88.73
87.334
92.208
94.416
89
88.126
87.458
87.112
88.876
87.25
87.666
88.686
84.892
89.634
95.666
93.25
93.916
94.558
90.86
94.568
96.34
93.584
91.876
93.584
92.576
92.022
92.458
91.428
91.208
91.334
90.874
94.128
93.334
93.792
91.952
94.208
94.126
92.916
94.166
93.292
93.624
93.75
92.666
91.75
93.048
93.374
94
94.542
92
94
94.916
92.9
94.124
92.606
92.958
94.042
93.334
92.124
92.5
94.25
90.208
92.448
91.936
92.124
91
90.834
90.834
91.5
88.166
91.876
91.416
92.708
92.584
92.916
95
93.584
94.084
92.458
91.76
92.5
91.176
93.334
91.166
92.75
89.584
91
95.642
90.416
92.084
93.084
90.334
88.056
93.834
92.376
92.916
91.106
92.458
92.958
93.834
93.084
91.916
92.208
93.666
93.416
93.75
93.328
92.126
93.584
91.05
92.166
94.666
92.416
92.25
88.666
89.124
90.584
93.624
91.25
93.624
95.578
92.958
92.792
94.542
91.584
92.792
94.124
87.958
92
94.5
93.334
92.208
92.222
93.208
94.958
93.78
92.916
93.1
94.584
91.916
93
92.708
91.4
91.702
93
92.338
91.876
95.084
93.916
88.958
90.3
93.416
91.126
92.874
92.28
92.542
93.416
90.862
82.75
91.124
90.25
91.042
90.046
86.51
86.484
89.208
89.084
87.93
86.666
91.084
90.448
94.334
89.708
87.958
92.458
91.292
90.334
88.166
89.41
90.554
89.832
88.458
87.374
93.834
91.124
90.158
89.17
88.05
87.812
89.46
87.602
87.46
88.916
87.084
88.152
93.696
85.08
85.958
88.624
88.084
87.208
88.376
90.292
89.792
91.896
90.5
87.292
92.05
90.662
89.764
89
84.666
88.5
86.75
86.458
88.208
86.25
87.346
87.584
89.208
84.376
79.166
88.416
91.954
94.75
95.458
93.958
92.708
94.37
94.428
96.166
93.042
89.042
89.626
89.542
89.5
83.166
94.542
95.208
93.75
92.542
94.75
95
95.75
92.238
95
96.586
93.376
94.416
96.042
90.916
88.834
88.084
86.284
89.916
92.208
92
92.042
88.682
95.126
92.458
94.084
94.75
93.374
95.958
95.378
94.624
93.916
95.72
94.014
95.458
93.91
95.534
94.208
92.64
95.458
91.458
95.876
94.542
92.084
93.69
93.834
94.5
92.292
95.916
96.042
95.584
96.5
94.708
94.166
88.376
92.624
93
94.334
91.584
92.584
93.242
93.834
93.666
93.126
94.708
92.37
91.542
96.792
91.794
93.584
94.61
94.278
91.25
93.75
92.916
94.542
90.626
91.292
94.958
97.874
95.914
94.472
96.124
96.416
95.888
96.666
96.292
91.414
91.486
96.664
95
97
96.624
96.166
95.286
96.376
93.666
92.806
95.36
95.186
95.25
89.75
95.966
96.99
97.084
95.582
95.792
95.166
94.334
91.842
96.166
95.64
95.956
95.542
92.458
97.708
94.416
93.334
91.792
89.916
88.916
93.458
92.11
90.278
92.5
91.166
92.052
93.42
89.084
93
91.666
89.5
89.546
91.666
93.278
95.972
93.946
95.376
92.62
94.464
95.566
94.714
95.626
93.508
92.562
92.876
94.158
93.02
92.292
87.874
90.166
91.834
89.126
84.124
85.958
84.624
89.792
91.936
88.834
91.292
91.876
91.666
92.666
96.292
88.458
90.292
92.042
93.5
92.042
91.54
91.822
92.48
92.576
90.334
89.874
92.948
92.274
91.442
92.25
91.792
90.616
92.946
89.166
90.374
93.126
89.266
90.542
93.5
92.166
92.53
91.198
91.17
91.834
87.334
91.584
91.57
89.458
93.876
90
94.958
90.082
91.778
91.842
83.13
88.5
91.542
91.292
92.374
91.208
87.916
91.708
94.874
89.834
91.25
92.25
91.708
90.416
93.126
90.166
90.084
92.876
91.042
92.316
95.954
93.126
92.05
90.876
91.416
90.79
93.416
91.002
94.958
93.208
91.458
93.378
94.042
91.416
89.888
91.084
90.084
88.876
88.876
92.374
88.584
89.666
94.5
92.042
95.084
93.458
95.084
93.166
94.084
92.792
91.5
95.042
95.916
93.042
92.75
92.628
95.25
95.122
93.116
89.072
90
93.25
90.666
91.334
88.958
89.75
90.334
91.624
94.626
89.458
89.92
90.546
92.084
90.416
92.834
88.25
89.376
92.042
91.042
93.344
93
90.666
92.584
90.5
88.5
92.794
87.658
85.996
90.678
90.166
91.5
89.002
93.584
89
89.416
88.334
90.092
92
89.436
87.084
91.61
90.068
87.808
90.75
90.416
89.042
87
89.584
90.584
90.458
90.668
88.042
90
88.084
89.708
89.792
92.376
89.584
89.834
86.718
86.166
85.446
88.25
87.344
91.124
90.334
81
82
92.708
93.042
94.626
93.084
94.334
92.584
92.584
93.916
92.7
94
93.184
93.514
96.666
92.5
93.092
94.558
92.416
93.874
92.542
94.208
94.334
92.084
92.666
93.876
95.126
94.666
93.208
91.802
91.742
93.9
92.604
93.126
95.208
93.084
92.666
93.236
94.088
93.666
95.29
93.102
93.666
95.208
94.416
95.166
92.834
94.792
92.854
95.032
96.75
95.68
95.584
95
94.584
93.042
92.584
95.208
93.78
96.512
95.1
94.626
95.722
95.334
97.042
95.876
94.376
92.126
94.124
94.618
93.604
94.61
93.09
92.292
95.916
93
93.75
95.124
91.264
93.75
94.334
93.75
93.792
94.626
94.292
94.75
94.75
94.876
93.232
94.58
94.834
94.312
95.708
95.08
95.666
95.084
93.542
97.038
96.462
93.688
94.816
95.834
92.916
94.584
93.208
94.042
93.75
96.584
94.626
95.916
95.084
94.916
94.124
93.792
95.006
94.458
93.126
95.25
94.25
94.624
93.904
94.188
95.208
93.666
96.292
96.012
94.006
94.63
94
94.792
94.416
93.166
95.792
94.536
94.416
94.208
95.292
93.542
92.842
93.584
93.084
93.792
93.624
92.174
95.626
92.834
97.416
94.328
93.958
94.814
94.95
92.404
94.552
94.19
94.458
93.126
95.126
93.208
97
95.166
94.334
95.5
95.708
94.376
93.374
94.376
95.024
96.33
94
93.61
97.084
95.246
95.584
94.75
96.338
95.626
93.75
95.876
94.49
95.182
92.276
93.076
99.04
93.666
94.498
93.682
94.666
96.334
94.592
92.666
95.084
95.236
96.374
95.042
96.584
