0
0
0
0
0
0
0
19949200
48951300
431199000
36434700
1558940
0
0
0
0
0
0
0
0
0
0
0
0
0
0
0
0
0
0
0
0
34572700
323807000
143349000
35015100
9830.4
0
0
1259110
49739400
12263400
0
0
0
0
43611800
19225800
36003000
385991000
107839000
6696960
0
0
0
0
0
1376260
19660.8
0
0
0
0
0
0
0
0
0
0
0
0
0
0
0
0
0
0
0
0
0
0
0
0
0
20512800
51529300
430348000
36686200
1443430
0
3276.8
667648
46249600
452547000
34741500
3342340
0
20099100
332104000
146865000
38238600
28672
0
0
0
0
0
0
0
0
0
0
0
0
0
0
0
0
1543370
0
0
0
0
20086000
236052000
243388000
38255000
26214.4
0
0
0
0
0
0
0
0
0
0
0
0
0
0
0
0
0
0
0
0
0
0
0
0
0
0
0
0
0
0
0
0
0
0
0
0
0
0
0
0
0
0
0
0
0
0
0
0
0
3957560
3855160
2457.6
0
0
0
0
0
0
0
19698500
43914900
435383000
36510100
1776030
0
0
19983600
132781000
346201000
36318400
1540100
0
0
0
0
0
0
0
0
0
0
0
0
42213400
405453000
84475100
6103860
0
0
0
0
0
0
42166700
375552000
113622000
6631420
8192
0
0
0
0
0
0
0
0
0
18841.6
0
0
0
0
0
0
0
0
0
0
0
0
0
0
0
0
0
0
0
0
0
0
0
0
0
0
0
0
0
0
0
0
0
0
0
0
0
0
0
0
0
0
0
0
0
0
0
0
0
0
0
0
0
0
0
0
0
0
0
0
0
0
0
0
0
0
0
0
0
0
0
0
0
0
0
0
0
0
20191600
383121000
98751300
36441300
27852.8
0
42165000
382501000
106686000
6131710
0
0
0
0
0
0
0
0
0
0
18841.6
0
0
0
0
0
0
0
36198000
325132000
141010000
35088000
25395.2
0
0
0
0
0
0
0
0
0
0
19975400
51028800
428073000
113367000
1924300
0
0
0
0
0
0
0
0
0
0
20155600
194304000
285843000
38529400
20228500
277112000
204003000
37994500
27852.8
17203.2
0
0
0
0
0
0
0
0
0
955187
45953000
452574000
35504100
2542800
0
0
0
0
0
0
0
0
0
0
20034400
148120000
330980000
36744400
1699840
0
0
0
0
0
0
0
32768
0
0
0
0
0
0
0
0
0
0
0
0
0
0
0
0
0
0
0
0
0
0
0
0
0
0
0
0
0
0
0
0
0
0
0
0
0
0
0
0
0
0
0
0
0
3276.8
0
0
0
0
0
0
0
0
0
0
1628570
22118.4
0
39834400
378149000
89764700
34828300
27033.6
0
0
0
0
0
0
0
0
0
0
0
0
0
0
0
0
0
0
0
0
0
0
0
0
0
0
0
0
0
0
0
0
0
0
0
0
6553.6
3276.8
0
0
0
0
0
0
0
0
0
0
0
0
43782100
455594000
34935600
3829760
3276.8
0
0
0
0
0
0
0
0
0
0
0
0
0
0
0
0
0
0
0
0
0
0
0
0
0
0
0
0
0
0
0
0
0
0
0
0
0
0
0
0
0
0
0
0
0
0
0
0
0
0
0
0
0
0
0
0
0
0
0
0
0
0
0
0
0
0
0
0
0
0
0
0
0
34406.4
0
1100190
12288
285901
0
0
0
0
0
20480
0
0
0
1399190
10649.6
3276.8
46913100
452529000
36019400
2764800
0
0
0
0
0
0
42218300
456865000
33041600
5980160
9011.2
0
0
1403290
0
1143600
0
0
0
18841.6
0
19602600
33919800
372804000
75610500
46066900
2936830
27033.6
0
0
3276.8
0
0
0
3276.8
1508150
1150160
0
0
0
0
0
0
0
0
0
0
0
0
19990100
46622300
435469000
36456900
2179890
0
0
0
0
0
0
0
0
0
0
0
0
0
0
0
0
0
0
0
0
0
0
0
0
0
0
0
0
0
0
0
0
0
0
0
0
0
0
0
0
0
0
0
0
0
0
0
0
0
0
0
0
0
0
0
0
0
0
0
0
0
0
0
0
0
0
0
0
0
0
1282870
49843400
448507000
35994800
2714830
0
0
0
0
0
0
0
0
0
0
0
0
0
0
0
0
0
0
0
0
0
0
0
0
0
0
0
0
0
0
0
0
0
0
0
0
0
0
0
0
0
0
0
0
0
0
0
0
0
0
0
0
0
0
0
0
0
0
0
0
0
0
0
0
0
0
0
0
0
0
0
0
0
0
0
0
0
0
0
0
0
0
0
0
0
0
0
0
0
0
0
0
0
0
0
0
0
0
0
0
0
0
0
0
0
0
0
0
0
0
0
0
0
0
0
0
0
0
0
0
0
0
0
0
0
0
0
0
0
0
0
36769000
369698000
97429900
35764600
26214.4
0
0
0
0
0
0
0
0
0
0
0
0
0
0
0
0
0
0
0
0
0
0
0
0
0
0
0
0
0
0
0
0
0
0
0
0
0
0
0
0
0
0
0
0
0
0
0
0
0
0
0
0
0
0
0
0
0
0
20049900
193439000
285601000
38732600
65536
0
0
0
0
0
0
0
19981100
51109900
428333000
36464200
2248700
0
0
0
0
0
0
0
0
0
0
0
0
0
20667600
194924000
286926000
36791100
2025880
0
0
0
0
0
0
0
0
0
0
0
0
0
0
0
0
0
0
0
0
0
0
0
0
0
0
0
0
0
0
0
0
0
0
0
0
0
0
0
0
0
0
0
0
0
0
0
0
0
0
0
0
0
0
0
0
0
0
36278300
362708000
103990000
35487700
27033.6
0
0
0
0
0
0
0
0
0
0
0
0
0
0
0
0
0
0
0
0
0
0
0
0
0
0
0
0
0
0
0
0
0
0
0
0
0
0
0
0
0
0
0
0
0
0
0
0
0
0
0
0
0
0
0
0
0
0
0
0
0
0
0
0
0
0
0
0
0
0
0
0
0
0
0
0
0
0
0
0
0
0
0
0
0
0
0
0
0
0
0
0
0
0
0
0
0
0
0
0
0
0
0
0
0
0
0
0
0
0
0
0
0
0
0
0
0
0
0
0
0
0
0
0
0
0
0
0
0
0
0
0
0
0
0
0
0
0
0
0
0
0
0
0
0
0
0
0
0
0
0
0
0
0
0
0
0
0
0
0
0
0
0
0
0
0
0
0
0
0
0
0
0
0
0
0
0
0
0
0
0
0
0
0
0
0
0
0
0
0
0
0
0
0
0
0
0
0
0
0
0
0
0
0
0
0
0
0
0
0
0
0
0
0
0
0
0
0
0
0
0
0
0
0
0
0
0
0
0
0
0
0
0
0
0
0
0
0
0
0
0
0
0
0
0
0
0
0
0
0
0
0
0
0
0
0
0
0
0
0
0
0
20099900
46516600
434555000
36407700
2531330
0
0
0
0
0
0
0
0
0
0
0
0
0
0
0
0
0
0
0
0
0
0
0
0
0
0
0
0
0
0
0
0
0
0
0
0
0
0
0
0
0
0
0
2497740
1908740
0
0
0
0
0
0
0
0
0
0
0
0
0
0
0
0
0
0
0
0
0
0
0
0
0
0
0
0
0
3276.8
0
0
0
0
0
0
0
19660.8
14745.6
0
0
0
0
0
0
0
0
0
0
0
0
0
0
0
0
0
0
0
0
0
0
0
0
0
0
0
0
0
0
0
0
0
0
0
0
0
0
0
0
0
0
0
0
0
0
0
0
0
0
0
36609200
375469000
119416000
6939440
27033.6
0
0
0
0
0
0
0
0
0
0
0
0
0
0
0
0
0
0
0
19705000
45946500
433784000
36100500
2277380
0
0
0
0
0
0
0
0
0
0
0
11454100
39601800
447604000
35781000
2651750
0
0
0
0
0
0
0
0
0
0
0
0
0
0
0
0
0
0
0
0
0
0
0
0
0
0
0
0
0
0
0
0
0
0
0
0
0
0
0
0
101581
3276.8
1191120
0
3276.8
0
0
0
0
0
0
0
0
0
0
0
0
0
0
0
0
0
0
0
0
0
0
0
0
0
0
0
0
0
0
0
0
0
0
0
0
0
0
0
0
0
0
0
0
0
0
0
0
0
0
0
0
0
0
0
0
0
0
0
0
0
0
0
0
0
0
0
0
0
0
0
0
0
0
0
0
0
0
0
0
0
0
0
0
0
0
0
0
22118.4
66355.2
0
0
0
0
0
0
0
0
0
0
0
0
0
0
0
19660.8
80281.6
0
0
0
0
0
0
0
0
27033.6
0
0
0
0
0
0
0
0
0
0
0
0
0
0
0
0
0
0
0
0
0
0
0
0
0
0
0
0
0
0
0
0
0
0
0
0
0
0
0
0
0
0
0
0
0
0
0
0
0
0
0
0
0
0
0
0
0
0
0
0
0
0
0
0
0
0
0
0
0
0
0
0
0
0
0
0
0
0
0
0
0
0
0
0
0
0
0
0
0
0
0
0
0
0
0
0
0
0
0
0
0
0
0
0
0
0
0
0
20652900
119384000
362245000
36558400
2386330
0
0
0
0
0
0
0
0
0
0
0
0
2457.6
101776000
0
0
0
0
17594000
35265700
448469000
36214400
2729570
0
0
0
0
0
0
0
0
0
0
0
0
0
0
0
0
0
20055700
51016500
428189000
36469100
2381410
1548290
19980300
51101700
428191000
36477300
2418280
0
36222600
367618000
98500600
36277500
37683.2
19700100
37997800
449375000
35934200
3033500
19660.8
0
0
0
0
0
0
0
0
0
0
0
0
0
0
0
0
0
0
0
0
0
41491700
107436000
219154000
591730000
0
96368200
2884400
17203.2
0
0
6135810
106832000
283841000
525151000
0
96373100
2919630
20480
0
0
0
54743900
75516300
462646000
327452000
0
96719700
2679600
0
0
0
0
58098500
76328100
673993000
112273000
84437400
14957800
68812.8
0
0
0
0
0
0
0
0
0
0
0
0
0
0
0
0
0
0
0
0
0
0
0
0
0
0
0
0
0
0
0
0
0
0
0
0
0
0
0
0
0
0
0
0
0
0
0
0
0
0
0
0
0
0
0
0
0
0
0
0
0
12288
37683.2
18022.4
33587.2
33587.2
45056
36864
2188900
2189720
10649.6
0
0
0
0
0
0
15564.8
43417.6
72908.8
0
917504
1269760
0
1624470
2374860
603750
1924300
0
0
0
0
0
0
0
0
0
0
0
0
0
0
0
0
0
0
0
0
0
0
0
0
0
0
0
0
0
0
0
0
0
0
0
0
0
0
0
0
0
0
0
0
0
0
0
0
0
0
0
0
0
0
0
0
2018510
110362000
283214000
524449000
0
96731100
3079370
22937.6
0
0
0
0
0
0
0
0
0
0
0
0
0
0
0
0
0
0
0
0
0
0
0
0
0
0
0
0
0
0
0
0
0
0
0
0
0
0
0
0
0
0
0
107319000
47379300
767613000
953549
93100400
7032830
27033.6
0
0
0
56606700
74510300
655983000
134471000
66659900
93010300
25943200
2903240
25395.2
0
0
898662
106727000
216740000
651970000
45107600
13067900
9011.2
97367700
2993360
0
0
0
0
0
0
0
0
0
0
0
0
0
0
0
0
0
0
0
0
0
0
0
0
0
0
0
0
0
0
0
0
0
0
0
0
0
0
0
0
0
0
0
0
0
0
0
0
0
0
0
0
0
0
0
0
0
0
0
0
0
0
0
0
0
0
0
0
0
0
0
0
0
0
0
0
59774600
89156000
668726000
104690000
88517000
8364850
2782000
0
0
0
0
0
0
0
0
0
0
0
0
17203.2
0
0
0
0
0
0
0
0
0
0
0
0
267878
9011.2
0
126976
68812.8
107315
288358
1947240
2140570
2173340
0
15564.8
68812.8
2184810
0
0
0
0
0
0
0
0
0
0
0
0
0
0
3276.8
2235600
2288030
44236.8
93388.8
10630800
10720900
1681000
1059230
2193000
18022.4
105677
2155320
2176610
2174980
31948.8
0
0
0
0
0
1341030
789709
2095510
1780120
345702
59528000
72369800
209405000
323628000
2179890
1457360
7920030
104400000
40586400
127318000
415432000
0
57344
156388000
723771000
5173250
0
0
0
823296
107990000
43216100
863964000
128310000
0
125814000
3633150
26214.4
0
0
0
0
0
0
0
0
0
0
23756.8
0
0
0
0
0
0
7218790
107039000
44109000
31948.8
0
933888
108395000
47711800
556941000
103476000
0
121145000
3104770
26214.4
4915.2
0
0
0
0
0
0
0
7889720
106255000
44371100
617735000
41200800
0
121070000
3109680
1178830
0
0
0
0
0
0
0
1413120
0
0
3870720
110296000
43462700
590533000
69518100
0
121093000
3099850
18841.6
0
8957950
105669000
46432300
657372000
1639220
1037930
122696000
3328410
789709
365363
0
0
0
0
0
0
0
0
3276.8
0
0
0
942080
108443000
43176800
545034000
120485000
0
120776000
3524200
26214.4
1191120
3276.8
0
0
0
0
0
0
0
0
63275800
69726200
156096000
528632000
0
115800000
5535330
2986800
0
0
0
0
0
0
0
0
0
0
0
107201000
29941800
340659000
339663000
0
117510000
6813290
36864
0
0
0
0
0
0
0
0
0
0
0
0
22118.4
0
0
0
0
0
0
0
0
0
0
0
0
0
0
0
60339800
72510700
347333000
336647000
0
116996000
7286780
90112
0
0
0
0
0
0
0
0
0
0
0
0
0
58982.4
11468.8
0
0
0
0
0
0
0
0
0
0
0
0
0
0
0
0
0
0
0
0
0
0
0
0
0
0
0
0
0
0
0
0
68812.8
35225.6
2250340
2164330
60620.8
3710980
47513.6
36864
86917900
21299.2
0
17521900
482509
56600200
76689400
27496400
658440000
0
112520000
8678600
3261240
2207740
1030550
3282530
2138930
0
2120910
0
0
0
0
2143030
108954
2047180
0
307200
0
13107.2
2129100
15266600
103057000
47321900
290999000
374614000
430080
272794
123104000
18022.4
0
0
0
0
0
0
0
0
7878250
107195000
44328600
636591000
22303500
0
121120000
0
0
0
0
0
3276.8
0
0
0
0
0
0
18022.4
0
0
0
0
0
3276.8
0
0
0
0
0
0
0
0
0
31129.6
0
0
0
9830.4
31129.6
27852.8
22937.6
282130000
561830000
546669000
283793000
14745.6
0
342781000
682892000
663439000
575128000
620649000
625776000
633349000
633300000
584634000
683276000
400653000
365531000
0
0
0
0
0
0
0
0
0
0
0
0
0
0
0
339893000
1282870
7857770
106861000
43479900
579202000
80189000
0
121530000
460390
0
45056
93388.8
99123.2
74547.2
51609.6
0
0
0
0
4915.2
0
0
0
0
3547140
110973000
43988600
567269000
94597100
1046120
121753000
584909
0
0
0
0
0
0
0
0
0
0
0
0
1849750
107536000
47770000
528700000
131780000
0
119969000
1877610
0
0
0
0
0
0
0
0
0
0
0
62477100
70508500
288204000
396010000
0
117506000
4349130
0
0
0
0
0
0
0
0
0
0
0
0
0
0
0
0
0
0
0
0
0
0
0
0
0
0
0
0
0
0
0
0
0
0
0
0
0
0
0
0
0
0
0
0
0
0
0
0
0
0
0
0
0
0
0
0
0
0
0
0
0
0
0
0
0
0
0
0
0
0
0
0
0
0
0
0
0
0
0
0
0
0
0
0
0
0
0
0
0
0
0
0
0
0
0
0
0
0
0
0
0
0
0
0
0
0
0
0
0
0
0
0
0
0
0
0
0
0
0
0
0
0
0
0
0
0
0
0
0
0
0
0
0
0
0
0
0
0
0
0
0
0
0
0
0
0
0
0
0
0
0
0
0
0
0
0
0
0
0
0
0
0
0
0
0
0
0
0
0
0
0
0
0
0
0
0
0
0
0
0
0
0
0
0
0
0
0
0
0
0
0
0
0
0
0
0
0
0
0
0
0
0
0
0
0
0
0
0
0
0
0
0
0
0
0
0
0
0
0
0
0
0
0
0
0
0
0
0
0
0
0
0
0
0
0
0
0
0
0
0
0
0
0
0
0
0
0
0
0
0
0
0
0
0
0
0
0
0
0
0
0
0
0
0
0
0
0
0
0
0
0
0
0
0
0
0
0
0
0
0
0
0
0
0
0
0
0
0
0
0
0
0
0
0
0
0
0
0
0
0
0
0
0
0
0
0
0
0
0
0
0
0
0
0
0
0
0
0
0
0
0
0
0
0
0
0
0
0
0
0
0
0
0
0
0
0
0
0
0
0
0
0
0
0
0
0
0
0
0
0
0
0
0
0
0
0
0
0
0
0
0
0
0
0
0
0
0
0
0
0
0
0
0
0
0
0
0
0
0
0
0
0
0
0
0
0
0
0
0
0
0
0
0
0
0
0
0
0
0
0
0
0
0
0
0
0
0
0
0
0
0
0
0
0
0
0
0
0
0
0
0
0
0
0
0
0
0
0
0
0
0
0
0
0
0
0
0
0
0
0
0
0
0
0
0
0
0
0
0
0
0
0
0
0
0
0
0
0
0
0
0
0
0
0
0
0
0
0
0
0
0
0
0
0
0
0
0
0
0
0
0
0
0
0
0
0
0
0
0
0
0
0
0
10649.6
1374620
0
0
0
0
0
11468.8
1179650
0
1173090
0
8907160
106147000
46968800
657946000
1476200
0
122100000
22937.6
0
0
0
0
1193570
0
0
0
0
0
107747000
29367500
547312000
132561000
0
119392000
2607510
0
0
0
0
0
0
0
0
0
0
0
0
0
0
0
1170640
0
1185380
6553.6
0
0
2365030
1684280
0
0
0
0
0
254771
651264
0
0
0
0
0
0
0
0
0
0
0
0
6553.6
0
0
0
0
0
0
0
0
0
0
0
0
0
0
0
0
0
0
0
0
0
0
0
0
0
0
0
0
0
0
0
0
0
0
0
0
0
0
0
0
0
2180710
3276.8
0
121242
2013590
2124190
14745.6
214630
1914470
2115170
3276.8
0
2124190
2125000
0
2101250
2111900
509542
1625290
0
2111080
17203.2
0
0
0
0
0
0
0
0
0
2995810
0
0
0
0
0
0
0
0
0
0
0
0
0
0
0
0
0
0
0
2150400
3276.8
0
0
0
0
2147940
0
0
0
0
0
2162690
0
0
1592520
571802
2159410
0
0
0
0
0
0
0
0
0
0
0
0
0
0
0
0
0
0
1774390
372736
0
0
526746
1643320
0
0
0
0
0
0
0
0
0
0
0
0
0
1812890
362086
0
0
0
2161050
0
0
0
2118450
17203.2
0
0
0
0
0
0
0
0
0
0
0
0
0
0
0
0
0
0
0
0
0
0
0
0
0
0
0
2550170
41737400
1649870
72671200
0
0
0
0
0
1165720
59018400
73916400
172259000
512123000
1210780
111495000
12265100
0
0
0
0
0
0
0
0
0
0
0
0
0
0
0
0
0
0
0
0
0
0
0
0
0
0
0
0
0
0
0
7372.8
819.2
0
0
0
0
0
0
0
0
0
0
0
0
0
0
0
0
0
13107.2
2457.6
392397
0
0
0
0
0
1504050
0
0
0
0
0
0
0
0
0
0
0
0
0
0
0
0
0
0
0
0
0
0
0
0
0
0
0
0
0
0
0
0
0
0
0
0
0
0
0
0
0
0
0
0
0
0
0
0
0
0
0
0
0
0
0
0
0
0
0
1208320
0
0
0
0
0
0
0
0
0
0
2457.6
819.2
0
0
0
0
59888400
73999200
207516000
479624000
0
115843000
6610940
0
0
0
0
0
0
0
0
0
0
2327350
25395.2
3276.8
0
0
1824360
611123
0
0
56323300
459571
0
0
0
0
0
0
0
0
0
0
0
0
0
0
0
0
0
0
0
0
0
0
0
0
0
0
0
0
0
56066000
76927800
96773700
587516000
36864
111552000
10782300
2291300
819.2
0
0
0
0
0
0
0
0
0
0
0
0
0
0
0
0
0
0
0
0
0
0
0
0
0
0
0
0
0
2267550
17203.2
0
0
0
0
0
0
0
0
0
0
0
0
0
13926.4
0
0
0
0
0
0
0
0
0
0
2251160
9011.2
0
0
0
0
0
0
0
1175550
0
0
0
0
0
0
2272460
3276.8
0
0
784794
8261630
33858400
106675000
43790300
535190000
131086000
0
120862000
1610550
0
0
61376900
78157400
25885900
658345000
103219
0
122534000
42598.4
0
0
0
0
0
0
0
0
365363
2011960
0
0
0
0
0
0
0
0
0
0
0
840499
2961410
0
3276.8
0
0
0
0
611123
0
0
0
0
0
0
0
0
0
0
0
0
0
1410660
0
13926.4
2282290
107172000
47737200
573635000
86393600
0
121614000
1293520
0
0
0
0
0
0
0
0
7280230
106930000
14445800
0
0
0
0
0
0
0
0
0
0
0
0
0
0
0
0
0
108741000
43205400
544864000
120200000
0
120816000
1664610
0
0
0
0
0
0
0
949453
108462000
42908900
551724000
113027000
0
120920000
1685090
0
0
0
0
63624800
69441100
417223000
266528000
0
119294000
3389850
0
0
0
0
0
0
0
0
0
0
119545000
2355200
1438520
0
0
0
99310800
76687800
56834500
13107.2
0
0
0
0
0
0
0
0
0
1576140
930611
0
0
0
0
2301130
20480
3276.8
0
0
0
1117390
1682640
0
1633480
1190300
0
0
0
48332.8
12288
2842620
369459
0
311296
1949700
0
0
0
2280650
80281.6
77824
2232320
0
0
0
0
0
0
0
0
0
0
0
12288
0
0
0
0
0
0
0
0
0
0
0
1885800
400589
0
0
0
0
0
0
0
0
0
0
0
12288
0
0
0
0
0
0
0
0
0
0
0
0
