42.652
41.362
43.408
40.262
40.328
42.652
39.836
42.57
45.212
41.15
42.91
43.756
38.522
42.488
41.268
42.136
42.066
43.544
38.404
42.018
44.872
40.658
42.276
43.052
43.568
38.356
39.788
41.83
39.038
42.184
41.76
43.99
41.476
39.236
41.798
39.722
40.61
44.414
38.404
41.982
42.066
42.336
41.01
43.122
39.954
40.516
45.396
38.188
42.536
38.882
40.766
40.4
41.808
42.324
44.152
40.234
40.892
41.494
40.61
42.484
38.774
45.14
40.122
41.01
43.708
40.61
43.498
42.606
46.362
40.306
46.478
38.808
41.878
44.254
41.57
39.206
40.482
43.594
41.808
40.752
46.314
38.99
41.666
39.39
40.812
42.204
44.954
41.55
42.09
42.178
43.24
38.27
42.206
44.156
41.332
42.276
41.15
41.648
41.298
38.616
41.15
44.718
41.924
42.042
42.536
45.164
39.142
41
40.576
44.234
42.816
41.314
40.156
45.684
39.508
42.36
46.882
40.188
40.576
41.924
40.68
39.152
45
38.898
41.69
43.568
42.23
42.3
44.328
40.172
41.292
44.812
43.17
42.7
45.716
39.202
41.572
44.164
40.798
42.066
43.708
41.22
41.394
41.996
40.102
42.37
38.858
42.16
41.422
43.146
40.54
43.988
41.126
40.868
46.478
41.76
43.538
44.014
44.406
38.25
41.022
43.926
39.578
43.638
44.578
38.92
40.538
43.498
39.468
39.366
42.498
38.826
41.182
42.866
40.932
42.538
47.37
38.81
45.114
45.438
42.864
44.738
46.43
41.028
40.362
46.266
39.342
44.248
42.63
42.77
43.944
40.774
43.728
48.756
41.29
41.572
42.262
45.6
41.15
44.302
41.972
42.324
43.028
44.648
43.404
38.052
41.338
40.602
40.61
42.18
40.446
45.188
44.132
41.644
39.248
42.042
40.364
42.182
38.79
42.04
43.38
41.08
40.68
41.878
46.488
38.028
40.916
40.822
41.864
41.456
44.804
38.99
40.57
45.164
38.316
42.112
42.488
38.592
40.492
41.748
43.286
41.69
45.702
38.85
38.592
42.066
43.094
40.442
45.282
38.826
41.948
37.746
40.282
43.98
43.176
38.998
43.146
42.816
40.47
43.192
41.666
38.756
40.22
40.564
41.62
39.108
42.018
38.498
43.046
39.954
43.226
42.348
41.456
39.508
41.032
40.634
41.994
45.798
39.624
42.376
40.634
41.314
40.634
42.84
40.306
40.564
40.704
42.16
39.264
44.178
38.494
41.962
40.586
43.732
39.32
42.556
40.822
43.404
43.334
42.02
39.414
42.736
42.196
38.99
40.822
42.324
40.592
42.846
46.784
36.784
40.936
41.832
43.672
39.08
41.582
39.442
42.018
40.736
42.394
40.04
44.374
41.804
39.236
40.446
42.442
40.452
45.418
38.076
40.798
43.602
39.574
40.69
43.968
41.198
43.15
42.23
44.56
40.422
41.01
38.544
40.438
42.29
40.576
41.262
44.156
42.724
36.73
45.47
38.568
44.062
41.552
41.256
43.544
42.816
42.91
41.15
40.846
42.212
41.808
43.192
41.738
38.934
40.816
40.542
43.48
42.02
43.336
37.5
42.456
40.64
42.418
42.204
42.35
42.136
40.14
39.742
40.638
42.488
39.28
31.382
34.85
34.594
38.286
32.794
31.408
33.252
33.364
33.268
34.226
36.666
36.566
30.634
35.728
35.026
36.292
30.098
33.346
33.334
33.874
37.982
28.616
36.198
32.296
36.266
34.742
35.516
31.41
35.868
32.888
33.45
33.122
33.356
35
32.888
33.258
34.87
37.536
32.534
33.216
37.834
25.258
2.7
2.606
2.77
2.598
4.352
2.77
2.722
4.132
2.7
2.676
2.794
2.582
2.676
2.512
2.724
2.676
4.414
2.84
2.912
6.22
2.724
2.816
2.606
2.724
2.606
2.7
2.724
2.596
4.352
2.77
2.816
4.038
2.794
2.724
2.722
2.768
2.77
2.606
2.668
2.662
4.4
2.756
2.84
4.342
2.746
2.606
2.63
2.816
2.644
2.734
2.7
2.7
4.414
2.652
2.888
4.084
2.746
2.652
2.63
2.652
2.558
2.7
2.794
2.464
4.188
2.71
2.792
4.388
2.77
2.852
2.7
2.888
2.746
2.676
2.84
2.77
4.46
2.958
2.982
4.32
3.126
2.724
2.794
2.606
2.55
2.568
2.84
2.606
4.32
2.77
2.982
4.39
3.556
3.382
3.486
3.568
3.38
3.122
3.356
3.544
5.234
3.51
3.512
5.046
3.686
3.522
3.804
3.802
3.946
3.78
3.968
3.742
5.916
3.686
3.568
5.212
3.498
3.262
3.286
3.85
3.92
3.592
3.404
3.192
5.094
3.334
3.616
5.376
3.544
3.592
3.24
3.38
2.724
2.746
2.676
2.582
4.954
3.332
3.428
4.954
3.38
3.45
3.192
3.334
3.122
3.146
3.404
2.934
5.188
3.45
2.724
4.32
3.544
3.192
3.216
3.522
2.7
3.498
3.522
3.216
4.812
2.794
2.958
4.132
2.768
2.63
2.606
2.536
2.606
2.692
2.568
56.854
38.874
34.202
35.962
34.46
32.726
35
31.08
34.32
34.084
31.268
33.18
35.046
32.91
32.808
34.366
36.476
34.084
33.004
35.212
30.58
33.498
35.62
32.84
32.37
35.192
34.632
35.938
36.738
34.062
31.972
32.018
33.146
35.822
35.376
31.644
33.122
35.262
38.31
31.15
36.672
31.524
33.356
33.474
33.344
36.032
36.086
34.59
30.564
36.244
34.972
33.192
37.864
30.218
33.216
33.098
35.732
32.442
32.512
32.016
33.554
35.4
33.13
33.38
36.554
35.212
32.218
34.596
31.984
33.722
35.54
31.448
33.284
34.882
33.522
33.198
36.268
36.432
31.268
33.052
33.082
32.91
35.22
32.65
33.802
32.746
33.24
33.262
36.62
34.01
34.766
34.976
33.498
35.774
34.906
30.986
36.15
35.428
37.394
35.046
39.644
31.738
33.472
33.356
35.798
30.564
37.394
34.014
31.314
34.882
33.404
35.306
35.492
36.362
30.506
33.216
35.986
36.784
31.186
33.952
33.85
35.61
34.16
38.896
32.418
35.212
32.746
32.16
33.616
33.474
35.544
31.62
36.384
34.484
36.22
33.428
39.132
31.526
33.262
33.45
33.65
39.554
30.056
35.938
31.502
35.526
33.616
33.826
38.31
38.278
35.868
31.268
33.968
33.68
33.356
35.066
31.342
36.268
32.536
33.028
38.616
32.404
35.164
31.408
34.624
32.3
34.988
35.284
33.356
36.878
31.41
36.596
31.714
33.234
33.098
36.644
32.464
33.24
34.414
32.348
35.68
35.44
34.062
33.216
34.972
34.672
31.83
35.17
31.478
36.21
36.854
31.15
34.436
33.874
35.07
34.006
36.566
34.882
33.254
38.896
27.676
33.344
33.286
33.424
33.24
36.948
36.582
33.604
37.652
31.032
33.31
35.188
31.456
34.906
32.442
33.732
35.916
39.578
31.61
33.312
34.93
35.892
34.972
37.864
31.302
33.482
35.938
30.634
33.112
36.462
33.686
31.338
37.816
33.358
33.076
34.226
35.352
30.422
33.896
33.616
33.356
34.976
33.262
35.238
33.506
36.08
30.164
35.962
33.31
35.14
31.644
33.592
34.224
33.732
35
33.912
33.376
33.404
34.53
37.148
33.568
35.564
32.078
35.14
32.218
35.164
36.456
30.258
34.554
33.252
37.196
33.146
35.168
34.068
30.492
33.474
35.83
36.41
36.174
38.028
35.914
32.206
35.868
30.68
33.65
35.59
34.672
35.094
32.238
35.124
33.374
36.83
31.244
36.192
34.63
31.972
35.14
31.78
33.004
33.522
35.806
33.814
34.226
31.502
34.86
34.93
35.89
33.464
36.244
30.464
34.202
33.78
33.334
35.046
35.4
33.076
35.13
34.896
35.774
33.826
36.384
32.794
34.436
31.974
33.146
36.056
36.808
33.99
32.152
34.742
32.112
33.292
38.028
33.146
33.874
34.132
33.732
35.844
32.206
35.306
33.286
33.286
33.448
33.286
34.366
35.306
32.536
33.568
33.404
35
33.474
36.338
31.784
33.64
35.392
31.198
33.522
33.498
35.774
33.262
31.892
35.234
33.356
33.568
37.452
33.498
31.338
37.176
32.218
33.334
33.38
35.54
32.512
36.972
34.53
32.388
35.024
35.428
31.174
34.812
35.998
33.878
35.352
34.554
34.132
32.63
33.498
33.45
34.718
35.282
32.442
32.348
33.38
35.892
33.592
35.306
31.362
36.362
31.886
34.636
39.688
32.244
34.508
34.016
32.5
34.108
36.714
32.3
33.756
35.564
33.802
36.86
36.476
31.572
33.428
33.462
33.326
33.146
36.294
29.976
35.54
34.444
34.788
34.718
38.094
32.84
36.572
32.288
33.592
35.646
36.796
33.31
31.59
36.596
37.368
33.822
35.07
35.422
31.16
33.288
35.188
32.488
32.042
35.352
31.3
34.976
36.056
33.638
39.39
31.866
35.21
31.612
33.544
33.628
36.008
33.076
31.962
36.362
34.554
33.522
38.33
36.08
33.92
31.996
34.624
34.272
33.85
35.894
33.262
39.062
32.146
31.91
34.928
37.63
32.816
33.544
33.58
35.53
32.9
36.69
34.27
36.15
35.376
33.99
35.164
35.118
32.394
35.47
31.924
36.338
30.854
35.25
36.384
35.892
33.344
35.958
36.216
34.048
36.144
32.652
32.582
33.944
34.332
35.542
37.018
33.474
34.05
37.676
36.4
33.896
35.376
31.264
33.428
33.19
34.578
34.854
37.63
30.446
36.054
34.672
36.456
34.73
34.084
31.472
33.498
36.314
32.558
35.188
36.572
31.972
33.38
33.638
34.948
33.262
35.146
35.258
29.742
33.498
33.322
36.384
33.028
37.042
32.63
32.09
37.672
30.938
33.192
33.286
35.586
35.634
35.14
33.756
33.156
35.118
36.93
30
35.036
34.718
32.184
35.822
37.958
31.464
33.522
33.39
35.774
33.718
32.042
35.306
32.726
33.544
33.24
35.962
33.428
36.572
33.474
31.032
33.204
36.314
34.89
35.62
33.004
34.694
31.712
33.122
36.198
32.436
31.362
33.428
33.216
36.15
32.184
33.58
36.972
31.596
37.286
31.902
34.648
32.418
35.854
31.854
33.428
35.146
33.404
34.906
38.396
28.92
33.46
33.686
33.498
35.752
36.572
30.206
33.474
37.632
30.728
33.568
35.122
35.212
32.582
32.184
33.498
36.502
33.96
36.244
32.888
32.536
34.836
32.076
35.118
34.806
37.84
31.388
33.392
34.86
31.634
33.708
33.286
36.784
31.76
33.568
36.55
32.3
35.868
32.7
32.724
35.058
37.944
32.558
33.484
37.16
34.084
31.01
35.188
33.65
34.514
33.896
31.552
33.404
33.24
35.896
30.68
36.276
34.02
31.604
34.93
33.474
33.498
33.24
36.816
33.356
31.408
33.708
33.31
34.958
36.244
35.282
34.272
32.276
38.42
30.658
33.31
34.954
35.282
32.676
33.17
34.87
33.662
37.794
30.73
33.662
36.948
32.206
33.286
35.492
31.924
33.78
33.38
35.274
35.254
33.896
33.004
33.256
33.368
36.052
34.624
33.71
34.154
30.892
33.17
35.078
33.53
36.996
31.54
33.544
34.624
36.472
35.962
32.762
33.424
32.512
33.404
35.118
33.642
35.61
35.674
33.726
34.812
34.956
33.568
35.046
31.654
33.848
37.09
30.938
33.428
35.306
32.846
33.732
33.1
35.824
33.78
39.356
31.174
34.312
33.616
36.01
37.112
30.68
35.376
36.442
31.314
35.868
33.408
33.742
35.024
34.038
35.564
33.498
33.99
35.868
32.86
35.746
35.41
35.024
33.686
33.99
34.108
35.188
33.932
35.892
31.126
35.622
35.704
33.492
33.24
36.494
30.342
33.262
33.474
36.338
31.174
38.78
34.34
36.502
36.268
34.788
36.742
32.646
36.292
34.508
34.062
35.282
34.68
39.104
34.154
36.292
37.888
33.796
36.338
34.32
35.658
34.694
36.162
34.508
31.456
35.3
33.45
33.28
35.328
37.276
34.672
31.76
33.356
33.686
33.972
33.874
36.326
32.324
34.078
33.428
35.046
33.358
35.14
33.708
33.944
33.92
33.38
37.652
29.378
35.33
34.906
32.356
34.988
35.328
31.392
34.456
38.208
35.61
28.225
35.788
33.498
34.32
38.262
33.004
30.872
34.014
34.906
35.164
36.112
32.958
32.3
35.422
33.732
33.494
39.814
30.118
34.296
34.414
35.474
35.14
37.324
32.934
34.586
36.578
37.632
31.598
38.638
34.014
34.062
33.896
35.774
32.51
38.756
29.43
33.978
35.796
35.282
34.6
32.922
33.616
33.38
34.32
32.63
37.502
31.15
33.826
33.568
35.054
32.228
34.9
33.662
33.24
30.606
32.136
32.254
34.202
30.278
32.558
32.184
34.32
38.324
29.624
34.038
34.252
30.406
32.066
31.972
32.778
36.01
29.248
33.896
32.37
32.16
32.7
36.738
33.356
32.17
33.008
34.144
34.21
28.262
32.234
32.418
33.944
34.118
30.756
35.024
30.846
34.578
29.414
33.99
30.336
32.676
33.708
31.01
33.826
34.436
32.512
32.136
34.812
33.544
36.22
32.848
33.146
32.276
32.206
32.536
34.508
36.362
29.202
34.578
34.93
33.662
33.592
34.226
30.81
36.998
28.464
33.082
36.104
31.314
32.906
33.99
35.492
33.968
34.326
29.328
32.676
32.816
32.982
32.77
36.198
31.902
31.15
34.526
36.314
34.578
34.226
33.384
32.838
33.896
31.596
32.512
38.514
33.036
30.492
37.77
31.15
32.276
34.132
33.028
32.23
32.272
35.752
28.578
36.08
30.564
32.276
33.568
32.122
33.24
32.348
37.864
28.216
32.482
32.808
31.968
33.874
34.648
33.616
32.966
33.758
34.108
32.112
34.554
30.42
32.3
33.896
31.174
36.178
33.146
34.954
31.198
32.244
36.762
33.146
30.492
32.888
32.888
32.84
35.094
33.45
31.714
31.494
33.92
32.324
33.906
31.692
33.956
35.054
30.866
31.362
33.99
31.83
32.348
32.394
33.896
33.662
35.422
27.712
32.52
33.926
34.32
34.46
31.362
32.396
32.51
32.558
33.592
34.318
30.282
32.09
33.16
31.154
34.038
30.258
31.984
36.704
30.752
31.032
37.018
33.99
34.39
34.436
34.628
38.076
32.476
34.52
34.672
36.784
34.272
36.456
38.304
32.418
33.638
34.138
33.662
39.296
32.394
36.052
33.38
35.774
36.59
32.512
37.004
34.302
34.954
35.024
33.732
34.53
30.962
33.85
31.104
36.432
29.904
34.666
32.032
32.418
35.908
31.008
32.394
34.014
32.746
29.758
32.036
33.944
33.24
33.004
31.644
32.524
32.122
33.638
38.544
29.484
32.724
34.266
32.102
34.154
32.418
34.788
33.334
31.292
36.864
33.16
32.248
34.178
32.794
33.732
31.234
34.374
32.318
34.39
37.3
29.692
32.136
36.032
30.892
34.508
30.798
32.606
32.37
36.972
32.136
36.432
34.554
31.572
33.85
32.042
31.878
32.206
34.812
34.53
33.248
32.276
32.348
32.342
33.896
32.63
32.418
36.738
34.474
31.72
32.958
32.652
32.3
35.898
32.21
32.562
35.456
33.99
39.484
28.592
36.292
35.496
31.032
34.598
30.306
33.83
34.754
29.852
37.018
28.99
32.032
32.692
32.23
32.824
37.95
29.178
31.104
33.708
32.23
34.798
32.382
33.912
33.714
29.53
32.278
34.63
30.046
33.568
32.066
35.728
32.536
35.14
35.044
31.378
35.07
34.014
38.886
34.046
34.636
34.668
35.4
36.784
32.788
34.216
36.072
34.054
36.628
37.51
30.752
33.638
33.356
33.474
33.474
38.656
32.644
32.91
35.838
34.288
35.68
37.794
32.614
34.718
34.718
35.868
32.724
38.11
32.512
34.272
35.65
34.148
35.246
33.036
36.32
34.742
35.282
32.178
33.826
35.916
36.362
36.174
33.568
33.94
33.756
34.014
34.3
35.894
39.374
31.27
34.202
35.938
34.196
36.432
34.976
35.72
38.262
30.854
33.508
33.576
36.134
31.842
33.57
35.076
33.61
33.874
36.52
32.724
40.868
33.028
32.206
34.836
34.584
34.848
35.364
35
35.616
32.09
36.01
37.264
34.396
35.774
36.666
32.136
34.524
32.002
33.906
35.634
35.32
36.668
35.656
34.044
35.798
31.902
35.188
33.24
33.944
36.208
34.32
34.042
33.802
34.446
37.138
33.186
34.976
37.354
33.78
36.15
33.732
32.246
33.874
35.704
35.282
35.61
35.846
34.226
35.438
35.186
32
34.17
34.544
34.29
36.738
34.504
34.882
32.582
35.818
34.364
34.178
35.564
35.564
34.062
35.998
33.498
33.24
36.902
33.45
34.39
36.062
35.706
38.85
32.184
34.296
36.048
33.624
34.702
37.596
33.098
34.624
36.048
38.968
33.216
36.478
32.072
34.36
33.96
34.09
36.668
32.222
39.536
31.022
34.252
38.92
34.558
33.796
38.944
29.578
36.174
33.45
35.212
34.648
38.194
32.112
34.742
38.38
32.348
38.262
32.816
36.432
32.066
34.138
34.46
34.53
35.394
38.99
27.042
34.882
33.052
37.37
35.08
34.698
32.822
32.136
35.858
30.204
35.042
32.71
35.178
32.816
34.272
31.526
35.846
33.31
36.832
29.718
34.508
35.47
37.722
34.36
35.916
34.108
34.372
37.14
36.714
32.786
35.694
32.254
34.436
34.108
35.938
36.502
36.114
37.738
34.742
31.668
35.242
34.054
35.64
34.658
34.194
35.188
35.846
35.54
38.152
32.91
34.668
36.15
35.798
38.708
33.836
37.444
33.122
34.508
39.178
32.126
34.664
39.508
31.478
36.09
36.232
34.6
37.136
34.264
33.802
33.186
37.356
35.37
33.826
35.704
36.032
32.112
38.192
32.464
34.178
34.414
36.272
32.362
35.588
35.492
32.652
37.762
31.052
35.892
31.69
33.602
37.49
33.616
33.674
33.806
38.92
32.018
34.836
35.14
34.38
35.54
31.362
35.328
33.052
35.34
32.95
35.962
34.172
34.826
35.4
34.608
35.16
37.348
34.436
31.268
34.036
34.826
33.708
35.046
37.794
31.644
34.236
39.624
34.178
36.8
34.976
32.184
34.226
34.014
33.99
33.896
37.512
35.54
29.976
35.47
37.864
37.284
31.902
35.478
35.934
36.032
33.334
38.732
31.644
34.6
36.854
35.822
34.226
39.906
30.83
34.418
37.136
32.134
34.836
36.456
37.746
31.422
34.32
35.892
34.11
40.728
32.652
35.564
33.968
33.802
36.374
36.154
33.73
33.474
36.08
35.628
35.61
35.516
35.094
34.622
34.512
34.79
36.644
34.484
32.91
35.61
33.404
35.374
35.458
31.784
33.532
35.066
38.498
31.44
35.288
32.324
35.456
37.142
34.794
36.76
34.178
33.436
36.114
34.302
38.968
33.098
34.226
33.812
35.7
34.058
35.586
36.338
33.192
35.14
36.666
33.31
35.164
34.624
32.12
33.638
35.4
33.232
33.766
40.188
29.202
33.328
33.122
37.864
37.77
33.276
32.77
33.78
38
31.596
33.78
36.698
32.85
39.136
34.202
34.014
33.332
33.436
35.434
31.942
37.936
33.99
36.83
34.422
33.812
35.328
31.996
33.802
34.394
34.586
34.402
37.3
34.474
33.098
35.47
39.342
34.86
34.546
33.322
33.05
32.09
33.344
34.088
34.062
38.216
30.54
33.356
39.154
33.356
34.158
34.604
33.064
33.136
34.226
34.718
28.572
37.464
31.822
34.24
37.718
34.6
33.616
33.544
35.424
32.032
33.756
33.31
33.492
36.362
32.206
36.62
32.132
34.226
33.968
36.62
36.564
35.022
32.248
34.148
33.17
35.986
33.38
35.144
36.714
31.784
33.686
33.122
34.578
34.894
36.218
36.77
31.22
35.086
35.576
33.666
37.888
36.398
33
32.698
33.662
34.108
37.522
33.802
32.018
36.056
33.286
36.04
38.342
36.572
32.518
34.32
36.808
31.808
37.16
37.136
33.99
38.052
34.46
34.53
35.962
41.01
28.794
34.624
35.622
37.824
37.42
34.226
36.572
38.92
32.076
36.902
34.202
34.682
36.036
33.192
34.976
35.798
37.214
38.512
32.614
39.638
34.122
33.452
36.572
39.32
32.046
34.436
34.718
34.636
36.456
38.45
29.962
37.522
35.234
34.882
36.526
36.596
40.436
31.118
34.178
36.49
32.442
34.508
36.286
35.916
33.63
34.47
35.986
34.474
35.982
37.978
28.968
35.188
32.53
33.498
35.326
32.7
33.262
36.502
35.234
38.24
31.126
36.178
32.042
33.732
33.17
33.826
33.498
35.212
40.492
30.47
37.324
33.052
33.262
33.376
36.338
34.132
32.864
34.202
34.39
36.238
38.638
30.44
39.718
34
33.34
35.658
31.8
33.876
37.488
29.94
35.962
33.336
33.802
35.938
34.836
35.564
39.904
29.372
33.92
33.99
36.808
33.908
33.514
35.296
40.54
33.298
35.516
36.282
31.362
33.946
33.78
35.634
32.694
32.954
33.85
36.198
38.638
31.746
37.136
35.68
34.508
34.442
33.764
34.384
34.496
35.708
32.824
38.874
31.08
33.722
35.328
36.69
37.16
34.554
36.62
35
30.938
33.472
35.95
34.214
33.662
34.694
37.816
34.624
35.634
34.3
33.874
36.478
32.16
33.81
34.028
35.516
34.296
32.464
34.718
37.07
35.4
31.646
33.404
33.712
35.07
34.824
31.972
35.098
33.944
35.586
33.28
34.718
34.648
34.836
33.376
34.624
34.07
33.616
37.352
30.63
32.698
35.504
36.996
33.738
35.54
32.536
32.254
34.186
33.052
36.15
32.228
38.492
34.694
34.154
38.242
36.202
34.238
30.916
33.24
35.492
35.024
32.066
33.802
36.69
36.032
36.254
40.188
28.944
33.85
33.732
33.278
33.53
36.046
33.18
32.644
37.244
30.76
33.772
39.424
33.028
35.164
31.76
33.278
33.756
35.798
33.404
35.446
35.602
34.66
34.874
33.568
33.474
35.258
35.4
34.65
35.4
36.736
33.202
34.136
35.868
33.568
33.638
37.418
32.934
33.052
33.262
33.654
33.874
34.108
33.78
34.436
37.184
32.464
35.634
34.6
33.616
33.99
33.756
36.59
35.406
31.292
33.348
34.12
37.112
31.472
34.014
38.052
32.042
34.718
35.152
33.85
33.498
34.53
34.414
36.15
34.176
34.05
34.558
40.184
31.996
33.31
35.856
35.462
33.818
33.568
34.976
32.652
38.24
33.78
32.86
35.564
34.226
35.548
37.324
34.484
35.046
34.472
34.648
35.466
36.384
34.952
32.898
37.464
36.104
34.726
34.088
37.418
32.09
33.216
34.588
34.568
38.076
37.696
34.288
34.212
36.598
31.502
34.026
37.63
34.248
34.976
34.672
35.658
35.086
34.064
36.878
35.634
32.174
34.178
34.092
37.866
34.366
34.414
34.446
34.308
36.314
41.948
29.788
38.522
34.33
34.37
34.226
36.82
32.536
34.788
37.018
33.356
34.882
38.592
35.188
38.404
36.738
37.03
35.48
32.782
39.39
31.976
34.35
34.742
36.08
35.338
35.508
34.278
33.178
34.836
35.47
36.86
34.998
35.248
34.69
34.614
38.202
31.674
35.696
37.184
31.514
36.01
33.498
37.536
36.1
34.38
35.586
33.732
38.756
33.708
32.456
36.338
33.906
35.098
33.122
33.86
39.296
30.118
34.566
34.484
37.746
35.248
32.816
36.08
34.414
36.294
32.622
38.99
33.816
37.042
36.174
34.562
36.22
37.23
35.912
35.128
34.286
34.224
33.748
35.916
32.63
34.196
35.422
32.652
37.876
33.404
32.32
36.104
35.106
35.216
35.204
34.836
32.152
34.084
36.174
32.536
36.034
36.644
30.088
35.314
33.942
33.58
33.262
38.43
31.314
33.24
34.212
33.79
34.992
33.262
36.478
34.27
35.306
31.562
33.874
35.516
34.272
37.652
32.384
33.568
36.714
33.826
32.226
36.276
34.85
35.282
32.09
34.062
34.836
34.508
36.268
34.016
35.3
32.606
33.85
36.234
35.068
31.792
33.962
34.812
35.118
33.15
32.184
34.194
35.61
33.098
33.57
36.204
32.056
31.666
36.62
31.596
33.498
35.938
31.62
34.53
34.312
33.302
33.78
38.99
29.754
33.616
34.672
33.802
35.564
33.874
35.998
31.988
35.212
33.522
37.324
32.606
35.892
31.76
33.556
33.426
33.522
34.648
31.886
37.016
30.554
32.88
33.326
34.718
36.032
29.624
33.17
34.202
37.248
30.61
35.572
31.666
36.292
31.76
33.356
36.004
36.464
32.728
31.448
33.896
32.3
34.248
33.656
34.906
32.536
32.424
33.03
38.238
29.108
35.086
30.778
32.676
35.774
34.342
32.108
37.496
30.352
33.27
34.766
35.846
34.718
32.066
35.108
30.978
33.818
36.152
31.55
36.838
31.22
32.558
33.24
34.08
32.934
33.122
35.748
34.154
31.45
32.488
32.794
32.864
34.884
33.146
37.276
33.616
30.328
32.864
33.076
32.84
35.292
32.606
31.912
35.142
32.738
32.84
36.032
33.78
33.544
33.37
34.32
32.394
37.816
38.522
33.404
36.268
32.84
35.282
34.038
37.132
35.774
31.306
33.252
33.54
34.062
35.492
36.972
30.212
35.822
33.868
34.282
38.75
37.18
30.704
33.92
36.432
31.314
34.384
36.362
33.662
34.436
33.662
33.568
39.112
32.934
31.666
35.33
32.404
33.944
34.578
36.104
31.574
34.654
33.846
34.2
34.272
34.02
35.838
31.834
34.014
33.874
33.04
34.316
37.7
33.916
31.902
34.726
35.306
33.826
34.32
38.662
33.334
38.286
31.526
34.624
33.976
35.662
35.916
33.334
36.432
33.544
35.612
37.746
33.24
31.706
34.772
32.92
34.014
37.864
31.526
34.108
36.244
38.432
33.156
36.37
31.268
34.954
34.288
33.498
34.718
34.428
38.706
31.08
36.738
33.704
34.058
33.534
33.522
34.484
34.392
31.924
33.776
37.586
30.97
33.672
41.034
34.17
33.474
34.73
35.164
36.62
36.654
29.95
33.46
35.304
34.672
37.442
34.6
36.256
32.536
36.22
33.44
31.666
33.17
33.756
35
33.638
34.86
34.308
33.146
36.174
35.198
34.866
31.738
35.33
31.802
33.262
33.146
34.976
33.592
35.082
36.456
32.092
34.366
35.586
32.828
34.984
32.096
31.526
35.516
31.996
34.46
30.774
34.788
34.04
34.722
35.798
34.6
30.798
33.326
34.46
36.232
36.478
33.556
33.216
34.46
35.376
30.212
36.056
29.27
32.814
32.652
32.942
33.416
37.56
36.158
30.658
35.892
34.226
33.122
34.84
30.822
34.968
32.276
35.774
30.54
34.75
35.188
31.338
37.254
35.468
31.49
32.978
37.636
28.204
32.676
32.934
33.82
33.382
35
31.202
34.702
37.412
33.544
34.014
33.8
32.112
33.99
34.824
33.708
34.624
33.888
39.994
33.498
31.54
32.79
32.982
32.652
35.282
32.418
31.76
34.624
33.428
33.334
32.764
37.374
31.922
31.76
35.492
35.516
34.578
34.62
32.096
32.018
36.314
31.478
35.586
32.8
33.95
35.824
38.874
36.054
33.262
33.544
33.568
33.45
34.882
33.474
36.596
33.002
32.582
37.6
33.438
33.292
35.942
33.484
33.004
33.514
35.306
34.32
34.766
33.076
34.282
33.592
32.276
38.852
32.882
33.216
34.234
32.582
35.282
36.948
31.472
33.614
34.4
35.008
33.07
35.116
34.452
31.39
33.512
33.47
37.746
31.69
33.67
36.208
32.042
37.298
30.328
35.846
37.566
33.04
34.642
32.124
35.352
34.536
32.464
37.348
31.384
34.718
34.342
35.164
35.328
34.86
37.288
31.072
36.032
33.394
33.004
35.418
35.47
31.056
33.098
33.31
33.248
35.962
32.744
31.528
34.624
34.788
32.568
35.004
34.52
34.014
32.464
32.042
34.038
34.566
35.282
34.664
39.236
28.338
33.494
34.766
34.648
31.738
35.282
32.394
32.536
34.766
32.57
33.424
37.184
32.864
33.944
33.954
33.884
33.18
33.17
35.282
32.344
33.406
34.906
31.944
36.078
33.814
34.396
35
33.38
37.126
33.392
36.666
31.726
34.406
32.794
34.006
36.666
32.36
33.636
37.136
31.932
34.648
32.242
33.404
36.212
39.306
34.828
31.314
35.308
33.498
34.788
33.72
36.996
30.938
32.746
34.46
33.984
35.656
34.436
31.15
35.586
33.608
34.694
34.906
38.356
32.652
33.076
37.606
32.712
34.706
37.12
31.714
36.784
33.708
38.24
33.92
35.452
31.62
33.592
34.812
33.838
35.236
29.978
33.094
35.946
33.522
33.304
35.082
33.562
34.484
38.286
32.102
32.37
33.896
34.244
33.78
35.078
35.35
31.808
35.258
34.806
32.264
37.184
32.43
35.504
31.244
33.896
34.788
34.098
34.132
35.822
35.692
36.354
35.094
33.6
34.718
32.496
35.798
32.136
33.31
37.536
31.032
33.802
37.63
37.254
31.13
33.286
33.046
33.122
38.392
30.282
32.206
35.14
36.22
33.592
35.762
36.858
32.112
37.69
29.79
33.916
33.998
36.164
32.128
35.872
33.782
37.418
34.93
33.644
32.464
35.66
31.162
33.338
35.472
32.676
32.794
34.882
35.354
32.14
34.882
35.738
34.558
33.896
30.938
33.256
33.594
33.628
34.406
41.056
32.618
32.008
35.39
33.094
37.488
31.98
34.882
35.846
31.614
31.902
36.15
34.554
33.262
33.21
34.578
36.292
32.724
32.408
33.034
34.354
33.638
33.428
33.192
38.204
29.682
33.662
36.76
33.616
35.088
32.822
33.654
33.052
35.566
32.962
31.744
35.208
33.216
33.548
40.058
30.07
35.6
35.868
31.754
33.722
34.062
35.47
31.244
35.728
34.46
34.342
33.052
32.982
32.57
34.742
30.986
32.806
33.156
33.004
32.408
35.61
33.544
31.01
34.146
35.422
30.234
36.22
32.7
35.212
31.362
34.32
31.502
34.508
32.63
32.94
35.728
39.954
30.488
32.63
32.738
33.78
32.924
35.188
34.902
32.418
32.794
34.248
33.028
35.352
32.602
34.812
30.564
33.274
33.462
33.028
32.668
34.316
33.004
36.902
32.544
30.658
32.84
35.352
34.436
32.934
33.076
32.622
35.986
31.198
35.164
30.372
37.018
32.91
32.606
34.554
32.016
31.854
33.944
33.132
32.746
34.466
32.806
33.076
34.436
35.306
32.088
33.5
32.814
33.244
32.746
32.802
32.724
34.308
34.562
32.376
35.916
31.62
35.262
34.572
33.334
35.492
31.76
52.6125
55.394
34.154
32.254
33.602
34.692
32.09
31.886
37.742
30.908
88.202
99.552
98.944
98.816
98.424
98.73
98.544
98.498
98.238
98.92
99.62
99.39
99.014
98.498
99.062
99.25
99.528
99.226
99.272
98.724
99.554
98.706
99.414
99.53
99.202
98.918
99.436
99.414
98.732
99.46
99.528
99.578
99.434
98.904
98.756
99.088
99.226
99.318
98.99
99.248
99.27
99.414
98.498
98.896
99.202
99.436
98.616
98.638
99.388
98.428
99.32
99.296
99.366
99.038
99.484
99.67
99.296
99.202
99.436
98.896
99.534
99.46
99.038
99.038
99.392
99.178
99.202
98.904
98.85
99.062
98.756
99.3
99.25
99.044
98.522
98.706
99.508
99.39
99.414
99.53
99.364
99.042
99.27
99.436
99.132
99.32
99.248
99.038
98.9
99.508
99.436
99.412
98.522
99.46
99.014
98.45
99.414
99.458
98.806
98.182
99.082
98.826
99.342
99.574
99.18
99.508
99.436
99.672
99.316
98.894
99.32
99.672
99.366
99.27
99.3
98.498
98.894
99.53
99.39
98.968
99.742
99.318
99.508
98.638
99.272
99.484
99.578
98.826
98.426
98.474
99.342
99.672
99.436
98.556
98.38
99.414
98.756
99.46
99.484
99.046
99.272
98.288
99.414
99.554
99.226
99.672
99.178
98.972
99.598
98.668
99.338
99.27
98.92
99.062
99.132
99.506
99.414
99.32
99.624
98.802
99.554
98.826
98.78
98.964
99.202
98.714
99.458
99.104
98.92
98.688
99.32
99.11
98.756
98.708
98.92
99.036
99.412
98.874
99.058
99.53
99.252
99.272
99.154
99.274
98.944
98.522
99.39
99.508
98.968
99.718
99.202
99.39
98.686
98.638
98.64
99.248
99.226
99.248
99.366
99.484
99.39
99.32
99.436
99.276
98.99
98.922
99.248
99.226
98.874
99.624
98.754
99.298
99.202
99.414
99.202
99.39
98.826
99.04
98.99
99.366
99.386
98.38
99.038
99.342
99.436
99.366
99.154
99.108
99.084
99.154
98.92
98.78
98.802
99.39
99.272
99.46
99.178
98.662
99.272
99.202
99.39
98.706
99.246
99.132
98.944
99.436
98.648
98.756
99.204
99.132
99.296
99.178
99.508
98.874
98.99
99.108
99.152
99.13
99.13
99.554
98.286
98.286
99.624
98.848
98.886
98.626
98.826
98.334
99.038
99.226
99.436
99.32
99.504
99.624
98.756
99.32
99.414
98.544
99.672
99.112
97.982
98.522
98.31
98.334
99.53
99.438
99.202
98.592
99.088
99.32
99.156
99.248
99.578
98.616
97.724
98.78
98.404
99.6
99.036
99.672
99.624
99.39
99.014
99.178
99.176
99.038
98.732
98.6
99.084
99.364
99.248
99.32
99.486
98.756
98.99
99.552
99.014
98.544
99.53
99.296
98.92
99.206
98.896
98.772
99.41
99.39
98.896
99.014
99.342
99.106
99.162
99.108
99.132
98.85
98.732
99.014
98.924
99.038
99.038
98.826
99.274
98.944
98.992
99.346
98.726
99.342
98.286
98.968
98.356
99.228
99.436
99.36
99.39
98.588
99.062
99.414
99.226
98.81
99.202
99.202
99.248
98.896
98.662
99.038
99.248
98.758
98.334
98.202
99.018
99.084
99.39
98.546
99.034
99.304
98.662
99.038
99.296
98.592
98.31
98.896
98.638
99.316
99.224
98.896
99.366
99.226
99.248
97.8
99.062
99.344
98.85
99.132
99.202
99.412
99.2
99.694
99.062
99.436
98.474
98.764
99.014
98.968
99.04
98.052
99.058
98.802
98.592
97.276
98.286
99.27
98.788
97.982
98.83
98.496
98.712
99.46
98.686
98.664
99.296
98.428
99.296
99.154
99.038
99.342
99.084
99.014
99.366
98.826
98.424
98.69
99.132
98.968
98.944
98.92
99.484
99.366
98.756
98.756
99.04
98.38
99.226
98.78
98.894
98.74
98.474
98.572
99.084
97.488
99.226
98.99
99.296
99.062
99.434
99.132
99.248
98.552
99.222
