251643
3203510
287397
238944
245880
234170
255797
244002
514385
270883
249887
3201940
280638
3231740
223158
242568
221907
248537
223433
247310
224771
223668
240044
3221290
235606
3202800
244192
231729
251450
219342
241032
219744
232511
237811
226034
3220170
228654
3227830
256906
216462
238240
233821
239067
229348
233914
245289
3201090
249867
3207780
241860
220347
244003
3223880
1046040
1477550
239252
245477
233018
3213870
241929
3208820
236597
239443
244422
225751
250915
223452
248468
223264
248395
3213880
252731
3197710
244921
236245
241661
239502
226975
236693
227811
252527
246855
3304330
247814
3344340
162030
231891
245066
215014
256753
214400
252184
227100
257610
3244530
226090
3223170
243799
223899
242690
243337
237122
244758
234992
245196
235424
3235630
230811
3222420
248917
231741
249645
232232
250527
236964
239944
225171
258593
3208930
234706
3233600
240440
248880
230407
251796
232703
249573
217737
239745
4119680
226480
251084
3206870
240960
238029
248519
236986
234174
235833
241185
233637
235894
3239200
249254
3226810
219341
250379
243888
231633
229597
249854
226666
235965
253658
3230240
254252
3208580
248958
226541
240359
236906
247200
244932
249894
226273
236794
3234110
255988
3226730
224082
247132
238059
248839
224071
236928
243858
245120
251672
3220620
249774
3213390
257850
240188
257911
235086
243701
244044
231573
243532
240454
3251260
238736
3239740
235562
240626
247963
226795
251630
224232
256887
237801
362671
3222900
258759
3224910
246360
240932
243533
261247
230275
339881
227804
242555
244851
3250750
249325
3274500
283687
258379
246106
280576
252687
231879
262455
252149
279481
3233780
271502
3220700
240858
261069
244989
481000
235286
254224
250720
257494
233894
3246910
278634
3918490
263208
200207
257217
519379
240185
242636
258694
235679
286345
3261670
265977
3244310
287114
249791
258317
264376
247026
259991
292481
1002760
236195
3279040
272351
3211510
260472
222967
265742
233810
251803
949974
244745
225958
248437
3243150
327555
3230800
243546
249660
248546
249705
246404
256637
239185
232288
252184
3232280
266277
3256130
246209
235662
277695
249218
305164
246120
237437
265308
248585
3245180
241909
3253080
262847
261045
267438
266667
235504
306849
243843
238067
251585
3218610
249952
3214260
244738
236009
243525
251869
247750
237585
232251
244425
246994
3224600
3231950
3230920
240758
247018
227611
240378
241621
237751
258200
226063
259598
3225870
253252
3227900
243886
222755
251731
232475
241836
247473
238192
248777
245535
3239170
248277
3240020
233162
231319
254581
234406
248665
241438
251713
228064
269810
3228730
267368
3211740
342062
248293
241611
255464
237297
240442
244156
252098
237622
3233770
238456
3234340
236182
235840
254726
232628
244211
233693
247003
239926
249384
3218600
255874
3217690
244198
237503
237900
250015
221923
254591
238493
242676
242609
3226930
250544
3219490
247572
228470
246320
226119
254107
236567
239116
244311
234522
3235740
246649
3253740
239080
247261
234844
268433
223453
253193
237735
244744
257369
3228480
269861
3229110
258234
232734
246155
243065
246028
242913
231682
255268
236532
3254540
248560
3252300
239375
253265
236362
244662
247065
238032
245684
238604
261043
3216100
260094
3244400
226337
252188
245393
241493
237706
245012
237909
253078
240168
3248870
250435
3256320
230605
254587
234093
241980
261849
242223
256740
236921
271067
3197710
260255
3242430
245469
251011
238685
241960
233066
283861
240062
257465
254978
3235440
255754
3227150
236078
388240
236777
227627
252311
242327
241642
248389
273570
3306410
262106
3242880
283567
273127
260175
251403
251817
273249
238988
275365
291390
3359020
399001
3561460
339291
390198
399884
372872
389524
1163670
397407
389204
404224
3360440
403175
3378150
373712
410708
378684
410979
391032
1190060
383999
399979
373990
3410280
422833
3391730
295161
254373
250735
236999
258318
233088
252988
256719
231652
3249070
245066
3243390
235817
253230
241075
254290
244568
259041
230913
240953
247442
3240880
272605
3272150
257701
237159
256000
236218
253981
240892
252041
252478
236178
3251640
252965
3240320
225659
262094
231789
259574
233080
241600
253511
240551
257501
3256150
268213
3246770
270648
230839
263492
229821
239090
246163
242103
261614
241194
3242430
243066
3243440
234794
245498
242056
229823
258120
230552
253045
230385
254403
3225830
259469
3225090
258436
233808
241677
263112
266602
244229
238705
256480
225990
3241060
251275
4206500
2271640
240582
246508
244466
262520
239397
241457
244122
258265
3239530
267842
3222240
265767
236695
242795
258097
235499
252357
236301
282313
211838
3248880
242114
3241200
245429
230041
247600
235212
260300
230071
264085
237271
261323
3237250
254862
3247370
225190
250940
230978
262319
235497
248283
243400
249711
243717
3241720
255955
3221100
253793
242207
244641
245782
249634
232768
253386
243175
236034
3240990
247113
3222490
240165
251737
226327
256926
236917
252376
259127
219037
241918
3232520
266012
3209930
253948
239276
251676
239299
255742
213700
238498
259419
240198
3248830
237509
3244010
236972
256938
236136
256729
234670
234200
253754
237412
250319
3215960
292090
3224360
236701
227057
257728
239293
235845
251200
237458
247151
232946
3243070
248976
3242090
241318
258786
242851
233124
260257
237194
241907
223401
265658
3226760
269071
3234160
247154
239909
251001
245427
245271
243777
229951
261331
238705
3235200
238669
3238220
241383
242915
242803
252122
245866
244874
259231
237485
251142
3266010
268978
3219550
250667
226590
250937
257391
239186
265730
244336
273484
260826
3212430
250041
3229480
252372
228633
253911
255604
252911
240502
251820
244606
258127
3241530
268252
3224900
249406
247141
251762
249979
246418
251186
244801
253899
238998
3246630
268530
3231320
238892
236885
257800
247053
259031
235208
255852
239466
241280
3238610
247743
3247390
263945
223067
242767
255704
239505
257739
238905
232952
253479
3228590
258699
3238250
248249
244941
260855
229059
252070
250179
234909
262628
244432
3253610
249921
3234240
245451
257676
254384
258928
225973
248062
252026
239174
271910
3240900
265367
3232380
267969
245214
259969
241839
248567
251078
245016
262516
243620
3262360
251770
3255880
246521
257255
253634
239959
252233
232607
268876
237627
248714
3239780
264484
3221170
257621
243913
252722
250845
237929
262630
229879
251109
244945
3258040
239235
3255800
233708
241161
262493
236477
260941
240957
238547
250110
266236
3233970
252152
3236800
253102
237171
244675
236178
243647
253757
247602
250890
248602
3255100
248113
3284780
260754
219839
254068
229355
257058
262446
1240180
2271080
259978
3230890
248757
3258180
228558
267060
241959
273871
239560
266201
248236
252657
251742
3236980
268579
3319490
266101
243991
251850
251105
257054
250622
253562
250469
240984
3257310
243435
3244700
251797
242999
253667
245419
238899
264696
249501
232831
267964
3249990
259527
3238240
260225
239487
249820
243441
252087
249695
241480
260207
251933
3240240
252160
3247100
242626
258707
231018
261194
235631
249281
256689
238528
262248
3240490
251283
3227320
256052
226626
256158
242633
243717
251162
240877
261025
245658
3252100
236063
3239200
237628
259796
251316
242875
254477
248382
246525
240007
269959
3233790
256958
3221950
255516
241014
244072
257380
244383
257467
247320
253115
247766
3236930
240256
3255640
250895
226420
267511
237518
249753
255457
246707
238203
266068
3224110
288656
3221660
252607
240767
237554
260285
238979
258649
229923
253306
254196
3250310
245628
3228560
258316
238328
253330
238631
250253
240730
257320
243771
275431
3241840
252521
3247290
230172
257449
247812
259260
241602
250854
241955
261971
256386
3231220
273132
3242380
257765
253928
271604
246087
268441
245622
262116
230303
245845
3252220
242016
3261850
255013
252346
248963
260418
243351
271355
251294
226718
268437
3233020
256032
3255440
260018
239642
262088
251806
248498
255248
248198
250553
245044
3257440
252943
3245980
233187
255574
256643
247717
244907
247128
247600
248156
265150
3233210
265336
3230190
252375
243211
251390
245563
228244
254345
240311
259417
249510
3237050
3254990
243685
232350
254957
247025
254224
258667
249934
252552
257755
3234060
243386
3238850
254191
245248
248947
246963
234151
255304
244506
255814
240847
3320290
255712
3259450
246759
235111
271629
241744
253261
253960
250184
235084
271726
3237680
252362
3243310
247380
253436
249854
258505
234949
253681
241614
251072
249267
3249270
262681
3242960
253501
241007
254218
241488
260913
245215
251380
240336
251681
3237150
274330
3222630
243638
255884
243239
258277
240959
266413
226564
257943
241036
3228220
270504
3236080
249686
233765
246757
3228160
248919
235369
257814
238726
263029
3236520
248720
3257700
233011
251556
238617
261755
225593
255809
244315
230856
259247
3245960
261744
3237500
248712
250321
255288
246289
254512
247413
241317
262489
237921
3246580
256207
3235850
244128
258393
244173
259180
239867
257970
248844
229546
251849
3238740
264761
3224250
262425
243641
253186
245125
244341
254256
244250
257829
249961
3255920
256583
3243410
242797
266761
240054
247797
243652
246122
261319
246188
273897
3226560
267619
3222390
267290
246346
258775
247139
239030
264852
245109
247650
255217
3256740
252297
3255140
245207
261411
248442
234227
262916
243965
269786
243424
254331
3225920
274760
3235040
226882
274551
243678
268744
243537
272854
250481
263026
247761
3241160
247622
3244430
255419
248049
271746
246256
263923
244058
263818
245562
273713
3223440
257115
3257980
248855
261345
272407
261660
248905
279150
259640
263080
258559
3250500
247463
3240320
255462
247251
266930
250313
264478
256915
259946
246235
267462
3255620
246734
3257930
243800
259471
238407
257799
245794
276265
237681
256126
242674
3230490
263568
3257080
268001
243584
271558
282275
261742
255371
252028
253957
254325
3260040
264973
3262910
258360
274360
264174
269493
273387
303109
262509
249190
284020
3239670
285151
3239010
257909
245175
268181
253455
244791
270364
253782
260633
264177
3257290
251639
3268590
243895
247579
247561
245308
267430
300265
237502
248129
268456
3234590
263633
3254340
259956
241698
248046
248998
238273
274783
240688
255276
257031
3255360
249859
3249660
248563
234449
250409
222676
228328
234785
237276
222864
261360
3216950
254451
3221190
218554
241390
239855
225635
242242
238559
227698
241768
236803
3227870
231687
3218590
235358
230174
245502
228695
246371
220510
247599
216184
264045
3220950
235197
3251430
233712
239937
234934
250453
223365
251789
224792
244355
231851
3236930
249971
3210910
244898
214081
247575
225824
236859
239795
235576
232808
253999
3214860
240742
3226340
247431
236062
233359
245841
236469
245136
224314
234005
241651
3203080
261562
3211830
251200
216012
255496
220503
3232120
233264
227083
229243
251812
3223190
218885
3255620
222463
225656
240323
228010
223507
236186
227903
225596
247329
3218660
236447
3235170
237366
219340
250664
229741
243908
259016
230379
256210
250069
3257030
246250
3253220
235777
257152
249449
237801
253695
249800
253992
254691
258820
3242550
266086
3264450
247971
237969
254537
245697
230611
260080
237044
257262
250782
3245600
256761
3245140
231670
244303
259986
243869
251173
237841
244516
244581
251645
3241260
257323
3243950
239605
258925
240659
257206
229128
261259
234781
251701
250134
3242060
235443
3237150
245869
232018
260369
238247
262111
244078
250967
246971
269480
3228030
250288
3253750
207558
260545
239173
259812
234880
263448
232604
247461
255057
3208770
256915
3250300
251994
235029
262173
240048
261482
237357
256120
225655
263619
3223480
258380
3242140
241999
245445
240774
264668
225559
261426
244461
248637
260399
3237190
270192
3245020
255534
247868
256933
245945
285494
220921
256594
247813
254931
3244330
241625
3256200
237203
254375
256552
252388
252273
257477
240639
255010
259704
3221830
242887
3229560
265801
236981
260054
245909
250921
264959
13429000
6603090
138797000
3264610
335110
245126000
63229300
291082
288185
274498
299356
303715
360933
350081
356008
384684
380580
424082
360159
421578
382527
341436
445259
422991
316314
228875
253463
223710
237656
242514
251048
223451
247185
230525
225159
224883
236707
213654
231962
241654
216280
264732
234056
218566
240987
2749090
1135620
239960
225690
230157
250700
225030
241141
244412
241196
10957300
240062
232457
210350
263489
254378
289820
244490
283938
268929
309114
319939
321786
345016
339839
1101060
372611
353601
354904
356842
391917
400827
341441
281316
288950
282041
325864
330408
359371
351401
368227
371846
378316
364380
375114
358873
375881
400415
363196
386958
350540
381934
367745
401917
392489
380059
394509
367190
423591
373295
396618
388276
417161
375992
394688
389754
400523
365174
401819
385163
396115
389117
380155
397420
377955
310622
222955
240275
228489
235400
251191
233335
223889
196124
64837.6
59552
75583.4
50648.2
68888.6
63256.8
56208.6
99026.5
90698.6
96987
95292
120918
101699
117616
129903
107019
154579
172585
183661
197745
234134
198565
226864
235439
241813
225156
238644
219361
216900
239536
237255
237443
252723
219853
221559
240417
223269
229546
229699
214854
223324
217172
230997
208643
257412
225473
227122
222639
209855
209450
224078
226719
216952
231797
211332
227805
242339
218752
215251
221419
221405
211570
223133
219301
233431
219462
230992
205354
250506
209612
217429
208162
211699
228951
213146
234836
222413
241031
216388
218299
251852
218549
219613
204073
222753
200166
240710
224812
239352
219821
231844
203673
234458
225013
211729
237807
230126
242445
225242
249038
211404
228794
218635
238671
245933
217561
227730
216265
232262
218162
235847
227753
214332
209806
219280
257612
251681
214615
208185
230858
211684
219094
191856
229927
200495
63814.4
38516.6
40660.2
88262.8
51062.8
371618
270514
246090
208388
252111
227012
239833
244948
225664
242138
236314
253892
223926
244827
236085
254903
240221
257266
241811
313480
345095
336155
255560
221486
217017
219838
258422
239369
239418
241657
270154
287634
331201
227359
362483
393311
404165
399510
374197
407345
399839
431195
420649
1081540
383766
390450
397029
1094490
392420
381615
391281
393191
331182
350831
255255
247156
235537
254176
261647
558003
258198
291176
246964
286839
311200
301893
338780
637312
757693
358971
399204
1017170
287447
258025
232855
292420
248389
342656
336798
345060
1041190
241318
238119
859607
225751
221272
234415
232509
228125
219696
233392
217878
480163
215846
234211
460745
224584
240675
224321
226884
206590
235275
217389
219213
631031
237784
231338
705987
227285
213108
238436
223147
224171
216622
255180
214977
210347
217693
210327
221405
220735
234464
222261
231546
224794
221865
222229
219128
222181
212468
225354
202729
220268
201837
213694
209888
212408
200900
213967
226960
195205
226383
917486
218211
209780
226692
191948
220979
207348
214215
216299
212125
207889
207542
237138
212703
211391
200963
214174
207527
216801
210849
215363
210266
216175
221101
217077
220455
186322
220531
206348
222749
212614
201289
216548
231366
212457
207536
235956
213919
218748
225233
221883
209158
215984
234190
274763
161788
210425
220339
229880
220044
207077
226507
212921
205958
222496
217916
220496
228825
211270
215760
240551
204186
220298
210489
208134
223072
213666
214512
210834
228575
198107
231913
216012
214453
199016
217999
207921
210340
227747
204163
212484
218053
221129
210613
241545
213043
209213
201414
204658
221399
216093
207952
215485
223631
197836
216583
230679
204190
217961
214784
198406
212062
220773
197605
232403
202737
220954
208226
218636
214410
210202
218896
209896
220425
208755
217977
201048
222067
205460
212636
237591
204901
213720
202908
219203
203825
221367
203463
227428
212574
204579
226811
224210
212323
204648
224538
210720
213729
210685
214452
217432
221219
212086
223864
234264
191448
220392
210655
217940
202145
220958
198583
204996
228218
204380
220523
220136
208032
216061
215063
200904
218049
210933
207475
243426
341121
337174
327400
980290
214182
239616
203846
222009
230337
209210
1612430
229273
230641
228909
260934
602013
224751
221389
233174
219319
228634
220656
484722
238032
223131
217405
232283
524693
214080
232978
215185
224444
230059
221284
543313
219987
237429
227474
234078
625793
227170
220482
235699
226656
213664
227011
920637
239921
229576
237654
226250
799628
227647
228812
229508
223668
235206
206290
501082
235969
229802
230381
225571
713233
218863
240598
217460
235892
210112
234472
828152
228027
232528
222600
219628
815393
232129
229271
244901
217817
243250
234655
902288
236481
233504
229953
229542
595668
214677
236918
222517
227402
232904
234651
467170
228287
219294
223779
240034
698624
236498
219254
229208
229769
222184
215326
907772
233315
199692
214226
209448
235554
189865
229776
202370
214318
207721
222627
203032
204642
212050
240550
224690
219912
221062
208472
225067
197410
226207
204026
203767
219954
217596
205753
216204
227160
225389
212031
204370
205539
216450
210008
219252
209681
216769
215123
207001
237230
215196
214726
219845
212364
216294
222563
210506
222016
213626
230761
220674
245797
217810
221610
211655
213393
228476
217676
219713
208911
228271
206472
225905
215521
208733
209598
226730
206625
203049
218644
207484
214327
212021
220910
193518
240652
198382
210235
220605
907681
224922
203078
215267
205497
227189
204678
210181
226785
202126
223139
205541
219044
216412
216183
209290
219839
210705
214426
181855
234508
203961
215343
220840
198135
220011
215291
219840
209992
215690
182444
218235
226692
203978
226305
207762
212146
207325
227436
188198
219921
217575
198301
232628
206026
220699
203134
218934
202102
213543
205740
225978
210674
205168
214448
209507
235010
208397
207863
207181
207646
215039
221731
203160
208579
223870
204226
213446
224796
220793
203670
214327
198933
221461
212015
206295
207605
212771
221254
203362
240613
209930
220883
218731
211217
209762
214302
215958
211831
208499
212363
220576
220376
216697
218661
216707
205866
219789
206048
212984
221554
202326
222773
215042
224354
200063
224285
221789
227426
215414
215971
214245
216374
235935
193848
214498
216706
209482
217393
197935
220785
210873
207415
206044
227606
207990
213691
213306
230735
213930
213989
216866
209162
223633
218427
201356
211970
224939
202344
255514
188233
203148
228837
208700
202390
214819
210990
211617
220468
202811
225065
206834
223563
215232
211395
213025
201703
232024
198372
212118
231909
205404
205343
203165
229090
209479
210213
219923
230205
214088
199535
207318
230857
209006
202007
229835
234318
214476
208884
219074
206305
215800
210195
220688
212341
213213
192361
204269
223513
216201
226427
204519
217992
221910
203047
197727
221091
218216
209654
225035
219985
208978
221472
215009
180299
234446
204138
197581
215316
215565
221575
221162
223372
204498
238101
200400
216677
205706
196909
214480
221978
210779
204230
235007
224792
205462
205409
218012
200700
222838
214800
204515
226401
201294
220722
209314
230432
184449
224717
206109
197809
211238
203830
212234
212223
219058
208619
232249
218632
207605
210603
209217
209757
204049
220709
199591
222292
198588
213303
218306
215561
208987
217060
214204
196041
214402
210225
215222
219228
198478
206395
215575
229358
203889
232805
206162
210883
215938
212260
203804
225690
210699
205743
209370
218644
209716
204682
226078
197228
234074
201373
214279
209986
214852
196981
212375
218083
209151
209666
204242
211211
216888
214203
187064
227053
199233
214345
225491
214536
214087
217427
213943
203896
219234
201254
218736
215317
205880
214130
221990
228523
199953
226266
197346
215351
206072
205289
204074
211078
214969
204246
222079
211744
214092
221114
223041
198340
214345
204572
197391
220158
196988
208200
205537
228853
210337
213978
204861
207990
208012
212478
207448
213103
219918
209095
224715
219813
207644
204319
235873
204881
220635
199202
204042
215084
205750
204547
211254
228499
204412
218361
204808
195825
214325
220887
213913
206566
215872
204075
215576
227363
208849
209714
219336
207734
211127
189856
209485
226404
206658
208559
214749
240884
198648
208831
223620
197529
231861
205168
200863
209460
221109
205954
219809
219781
213152
208964
202030
208313
210523
212976
209861
222336
213013
206579
210070
222893
223063
212685
220875
203691
207459
204181
198425
214232
216701
204123
233579
209031
204349
221715
210854
214146
205619
212798
215629
224601
199350
204397
226771
224136
217945
200224
230444
203982
209317
215135
214915
203284
215899
218172
202767
245948
209784
211830
217469
197765
210040
217098
203955
216448
220274
207501
218092
228689
207598
210139
212652
210117
230038
200123
210393
208040
225554
213134
221550
219428
220671
212390
208361
218991
218356
199871
218555
219058
221937
196691
232916
223388
211914
204802
237022
200600
211971
221608
212618
217432
206846
220209
213426
238211
207262
238301
202344
204756
218957
204048
214352
217601
210319
210714
221409
218726
213689
209612
207980
205004
207585
207212
204106
227338
203892
214202
210976
235601
204128
211271
214199
203991
229463
203832
214490
220445
214016
211569
235180
224911
207868
204413
219222
204533
204659
233583
207576
206019
212976
211351
211739
217560
226971
195931
213552
219538
221002
215646
227147
207195
228604
210854
210599
251045
204245
219750
221702
219850
216247
235683
218954
225688
217794
224887
224771
229828
232090
209603
224724
219774
214358
224555
232645
217576
217325
227360
217716
248667
216033
222790
213287
227596
210490
221299
210728
226722
213233
216131
222701
229599
220590
204231
228096
203753
220834
217471
214938
221679
220295
221105
206714
247271
204648
226723
208394
221043
210503
222217
222793
210718
222654
216275
217122
226275
220639
211825
221175
211021
203816
234385
203816
220982
219157
220958
208780
241755
222830
222040
216388
206272
215994
217602
226290
209931
222682
210713
221287
236509
226102
219417
210013
217832
212221
219837
206166
219032
213332
215330
216371
240138
207401
217679
223923
210728
214386
216727
220713
217179
221815
216036
215418
230405
214973
222888
216213
214717
214156
226757
199187
220761
225087
214881
216338
237916
216251
210810
240991
200805
220796
222718
221810
209683
233323
203470
216864
233858
210644
226377
211773
232378
210204
233650
203902
221011
230352
217982
204812
235968
218757
208472
227264
216148
226559
218296
220071
211267
222805
224648
204474
253363
204384
222168
231049
202087
202216
232597
216763
208897
236491
210893
226756
229868
223753
210827
233587
210710
226983
222544
219834
207045
232213
214247
211098
242373
205857
226445
216911
227730
204141
229521
220815
216944
218494
218773
215335
240105
221984
217826
225926
212967
214505
241133
211519
207264
229190
219665
217716
239260
210376
235911
220741
203102
230348
211747
232208
215562
229330
216654
223048
239541
218738
220449
211052
222233
211509
228908
213622
224830
218302
233279
221332
251691
215000
228164
238008
213834
219034
222015
230459
217897
241161
211846
221554
235457
215725
223285
217500
228535
211414
232210
210725
215054
223010
235903
230673
241114
213123
209192
232511
222755
227102
216610
220775
215595
229621
217405
225801
230306
213279
230201
226641
222929
209162
218238
221598
215536
237967
226021
227342
229714
236350
214046
231612
223809
232056
217216
231403
224576
245953
229395
211109
254569
225228
233296
223321
215895
224845
236259
218666
205021
240646
233003
223752
231208
221155
222481
226754
195809
234945
217694
210745
232711
219515
225543
207794
242283
217429
217854
218013
227721
218346
226212
225118
213030
225419
211670
215554
224864
230639
211698
232611
210801
218614
220827
222739
225115
214818
226548
209534
247671
216768
232546
222530
215330
228582
228257
216318
214953
236142
222721
219701
240185
225975
219542
212952
224379
223526
219573
213750
232481
211585
231740
216364
235890
216842
219491
225915
214281
227195
219327
224325
212904
229117
217353
231698
243017
208605
227533
211600
232384
209935
230653
214430
227685
230352
218657
222358
238251
215859
216969
233571
201094
230135
228931
224823
213915
237665
219545
218121
245153
208244
231645
208425
231354
208047
237695
207193
214942
279234
226928
221287
244096
239760
218644
244452
221464
227643
214474
229697
215312
234352
221010
220066
246216
218571
232530
220825
223291
243912
233628
222785
200521
236415
219075
218630
296345
259292
213002
233690
207392
233650
224797
210615
235548
227105
236102
208858
250642
217795
224665
226895
233444
221669
233040
231051
213399
237429
215713
230458
233414
220187
221008
224175
228607
220329
222529
218033
227010
231439
227371
215278
250756
221505
227698
224500
225260
208288
222669
251471
205303
224961
216981
230024
238913
231211
208965
223018
224867
203497
230220
218715
230273
220700
234867
220021
245582
219278
223509
219662
223819
222732
220370
230295
190326
232766
228579
234936
218319
237351
213256
203562
235412
208293
236527
212312
222683
219082
237067
207151
240847
231219
209724
220675
211194
224914
215319
231972
204270
239542
207548
218401
228787
220392
223196
219502
234470
221626
237746
203785
231320
216169
218680
213803
234845
230420
223912
218506
207308
230667
217988
224789
213788
207304
234193
214056
236061
218317
226657
211031
224777
204939
228510
214208
218471
225617
214467
225167
232020
230559
220409
235363
213471
237437
222478
215784
237372
225358
232634
209563
249989
213588
226904
227195
213815
220300
231306
231631
218549
237681
222988
217443
231922
230459
219506
233843
223904
193530
236008
211791
229313
222770
225733
216521
242060
228373
222707
234527
204375
230964
199193
228854
217702
228305
217834
228929
235861
235661
216595
215446
219810
217357
232667
223225
212934
221356
230536
217552
240604
222002
203429
238662
210955
229404
220710
234863
211733
239246
199820
232564
237756
214582
219875
232667
219045
217815
239488
210913
235752
220144
222714
217981
233239
211171
217719
231845
217345
230717
220652
226478
214581
233765
217443
234769
229150
224187
222623
211101
234621
212188
231987
228616
243865
223262
218520
230067
238806
228993
202095
219335
224419
229002
216234
229161
222884
218339
229586
217489
246252
219603
230688
220755
257105
211141
232097
216798
223915
223060
217821
1246660
555224
220550
217106
231583
244629
221488
221274
237482
211282
228341
223265
232919
243507
226656
240483
233125
232987
242199
241588
247785
224782
317390
221005
245830
246456
240656
230208
248762
233527
223613
247728
223990
222941
472777
232671
233532
265341
224148
238968
226963
228503
235255
223164
237282
220982
253386
220454
247950
247267
523317
223712
232183
231731
228030
239739
215050
239479
229227
242070
235986
262951
452608
222134
247702
217442
236610
240383
235410
227164
242271
230253
235559
250094
465898
232394
234563
218227
223479
238666
227979
230210
233726
241911
246337
244864
438627
220248
245101
229671
235448
232806
235012
215884
252788
224804
224502
264987
451258
235800
243254
229459
230580
242070
221810
231370
232233
215279
242632
240926
227641
228500
232254
222507
223343
235761
225191
223836
231002
229829
237074
241653
224903
220480
228771
226277
225054
231525
212597
224087
219026
220440
231002
236595
236257
212853
236724
212383
230147
231162
210571
232926
226238
224461
232227
243381
218989
227296
230796
227592
221103
229885
231865
213354
242181
222572
228429
238887
240794
221107
228773
227712
221057
232556
221661
238932
234499
241141
229250
250225
222268
235665
226112
221056
241260
225677
231392
220216
240334
220120
233371
237971
233087
214975
225819
241121
221656
225515
230143
236540
226047
235024
230542
246067
219551
222006
237246
225072
240154
218962
221051
221846
251849
210512
255044
235386
230449
246693
223899
232624
231555
236779
231550
240814
223730
238867
239456
237144
241165
225163
236638
225738
237894
229767
232114
225263
242151
231890
229479
254935
222448
238506
216263
245394
227018
238246
238645
225822
238081
222809
242401
244642
239347
225060
246596
227039
232027
229830
243772
224448
236807
231996
235179
260116
218799
238470
212632
238544
231342
241633
224775
238496
226101
228193
252925
236824
238951
230576
243619
225872
225646
229435
237829
233160
219419
240363
241440
258518
231983
234284
235660
232941
225574
227988
238909
225501
253822
219032
252177
244754
236433
220024
249071
226107
222206
243946
226820
238766
231590
248211
230676
266654
221579
247754
228409
224093
242373
238885
245139
227107
249106
240023
232528
244919
246012
217182
230302
239252
225584
241200
226536
232492
232544
242748
229101
257228
226354
228851
238249
225330
244219
226790
228622
225627
244368
231676
242201
249542
214739
250796
226677
238762
223551
239809
226534
236720
232275
230534
240651
242795
232869
217435
263174
239831
290757
277197
305342
259767
247117
239788
254682
248504
227133
244855
230209
261533
237217
239987
220543
244705
240663
224464
251203
240935
234906
224199
261335
211402
224337
229228
246677
226809
237540
233857
238302
242084
