94
56
187
95
51
10
49
79
24
73
45
9
33
14
57
139
21
47
124
34
73
6
115
14
21
91
55
85
102
119
139
69
142
45
48
3
32
4
72
103
64
44
30
4
4
79
83
3
21
33
72
87
190
10
44
24
32
111
106
49
56
79
42
112
21
48
48
91
191
8
25
93
37
24
35
45
11
50
3
75
79
22
143
24
222
57
10
46
6
60
30
17
11
107
120
4
150
90
52
35
8
5
167
139
54
3
102
12
17
66
94
6
102
82
45
8
3
107
15
9
1
61
50
86
69
5
59
34
95
80
146
72
44
105
68
40
14
6
79
183
138
119
255
74
35
12
68
1
98
21
67
176
199
120
63
182
166
104
141
60
9
64
51
84
27
185
76
92
97
26
168
34
10
54
198
142
232
7
101
52
168
63
35
10
101
94
29
65
83
186
195
27
48
335
93
7
60
264
39
116
11
119
129
50
101
187
25
53
129
170
86
99
14
64
46
82
17
41
14
303
80
15
71
78
43
44
93
56
153
64
156
81
94
9
64
130
35
34
84
47
102
39
67
45
30
10
36
37
12
119
106
21
56
104
18
11
10
70
116
19
61
64
55
4
124
2
32
76
8
76
209
20
123
32
32
31
92
121
6
59
9
25
54
113
39
5
9
95
38
7
105
63
25
28
50
49
41
30
106
141
57
44
95
52
237
95
38
92
3
62
5
46
9
70
107
9
28
61
25
15
13
21
121
114
39
21
53
21
10
8
75
10
36
112
68
152
85
3
74
75
154
104
13
101
26
131
63
54
38
57
54
73
105
56
95
110
18
3
16
10
10
19
8
4
68
53
125
20
12
34
85
10
101
67
57
14
36
74
17
13
9
10
47
32
18
40
113
17
78
49
7
53
203
72
39
58
77
151
252
110
21
119
17
31
4
21
42
149
200
66
9
70
86
29
107
102
66
20
100
89
57
14
47
37
55
12
17
4
47
63
184
108
12
51
35
77
13
4
266
35
4
27
63
33
53
6
5
6
62
146
12
88
74
220
104
55
39
51
26
6
68
107
63
158
115
6
105
109
138
77
47
92
187
38
67
29
59
93
76
125
103
182
134
59
48
102
82
280
66
34
105
87
28
33
100
112
43
60
53
65
19
131
144
85
15
40
135
10
114
226
45
22
133
64
87
52
45
108
89
136
41
237
145
85
60
168
117
44
132
86
60
259
272
67
130
40
13
81
174
108
46
54
6
5
106
46
12
162
77
4
41
23
147
28
46
4
75
24
78
128
45
55
16
31
335
190
49
30
3
95
114
189
231
96
84
114
119
65
121
62
272
101
19
44
24
5
14
46
82
10
55
20
118
19
174
70
14
115
105
67
26
171
98
12
41
66
8
68
49
28
5
22
42
99
63
7
14
77
5
56
62
94
12
8
89
6
13
11
46
82
53
68
5
71
43
41
36
53
4
5
53
14
126
175
171
1
20
7
11
24
51
68
3
16
6
100
7
98
5
1
5
4
8
67
56
31
66
60
9
7
57
20
53
89
97
45
14
91
60
93
10
6
7
65
83
34
97
59
9
45
20
49
59
15
128
105
43
32
10
10
28
11
8
9
36
112
7
111
30
56
70
14
57
49
37
53
18
10
94
57
124
27
10
9
13
123
91
81
47
21
11
19
82
69
160
75
23
79
79
97
294
59
39
37
99
71
22
37
87
20
56
67
72
98
95
44
84
108
86
10
12
117
34
89
37
38
26
10
9
33
18
9
62
14
8
18
27
97
131
37
159
156
288
145
162
381
153
187
194
283
381
33
30
107
93
14
19
71
48
116
69
33
102
56
47
34
158
76
24
8
58
34
13
78
105
30
31
80
78
57
63
174
11
95
110
54
13
17
22
128
39
43
73
59
137
69
18
84
8
21
2
190
79
20
7
7
105
54
40
6
12
62
101
14
12
36
13
154
40
77
51
60
3
1
14
6
20
31
9
61
33
7
5
60
125
138
136
3
6
48
140
11
9
9
57
34
8
2
31
49
18
22
29
118
89
5
94
37
34
58
10
30
4
7
38
111
18
1
47
114
3
6
37
1
20
81
22
133
6
1
10
42
42
11
261
6
7
55
35
42
108
3
17
10
17
3
41
58
7
28
57
6
44
6
2
80
29
3
3
3
32
4
30
22
5
68
16
5
31
2
11
1
118
82
73
16
90
8
7
18
7
36
35
38
98
141
53
57
34
77
55
12
12
55
11
11
39
7
51
12
17
157
73
18
5
63
44
77
39
11
52
63
8
87
72
30
7
9
16
8
12
97
12
50
8
57
63
9
38
13
8
44
9
127
10
49
34
9
9
75
64
166
51
9
13
173
212
84
20
37
210
68
136
196
12
24
69
21
10
16
131
12
11
21
179
37
8
26
50
64
12
121
39
133
200
133
151
29
203
99
18
66
40
82
9
66
11
87
57
12
60
63
124
103
72
188
113
85
57
70
9
17
94
10
41
47
175
77
11
77
23
8
14
76
104
100
98
15
64
90
54
73
116
57
14
146
73
56
35
57
4
69
107
114
78
38
16
16
126
6
51
4
102
9
8
21
60
120
220
56
13
31
66
62
66
5
3
18
4
7
7
7
5
89
17
82
84
64
63
48
34
41
7
155
66
14
8
57
105
31
12
11
59
59
16
7
141
65
12
6
85
7
88
9
16
6
29
100
32
59
6
18
52
161
105
12
57
53
66
42
6
7
26
6
12
18
25
158
7
47
168
54
57
79
182
50
120
22
85
90
12
33
32
21
9
113
17
5
12
7
11
8
8
5
61
6
10
40
123
3
5
88
74
84
61
47
137
58
4
79
41
80
93
7
2
9
1
38
34
20
6
62
5
5
7
22
9
8
60
84
9
12
61
77
34
43
34
119
41
5
6
21
169
29
64
93
7
11
62
54
4
5
2
21
56
17
18
192
68
9
59
32
79
76
191
49
57
104
8
177
164
66
36
71
35
100
80
33
196
203
188
164
150
86
89
53
88
125
70
123
63
43
167
93
72
46
65
28
135
221
102
122
13
20
21
10
92
75
11
10
43
135
10
17
58
122
250
128
219
114
130
64
76
9
12
39
49
44
91
116
32
253
10
163
152
39
139
47
10
13
54
102
56
64
47
239
120
157
86
23
42
18
197
78
74
100
65
182
72
154
303
56
77
229
202
72
6
62
69
8
12
6
89
36
86
253
54
15
7
12
52
4
42
63
176
38
43
30
26
4
47
19
33
167
99
77
136
5
3
26
155
109
142
10
4
55
57
14
84
8
44
190
78
28
8
35
23
139
32
107
94
144
22
3
110
44
5
4
28
70
57
13
19
6
59
11
9
9
25
62
4
48
141
82
5
5
64
23
134
16
17
150
38
85
81
63
48
26
60
87
123
45
61
188
67
11
43
7
62
5
10
8
128
39
8
78
77
3
45
42
38
65
81
187
152
86
34
60
16
63
109
80
37
66
23
3
20
31
39
158
38
6
4
37
2
6
33
45
73
35
6
4
105
92
58
5
5
44
13
113
10
35
43
29
48
57
52
19
53
119
12
9
6
118
79
11
11
40
89
58
87
53
194
318
90
36
151
19
128
115
29
27
10
95
99
7
164
70
140
37
18
185
161
56
75
161
156
6
13
35
71
59
23
49
32
106
37
17
5
53
24
164
148
15
26
102
102
112
4
52
184
226
116
41
49
11
41
44
70
34
91
3
161
30
37
146
30
63
115
63
101
140
124
92
16
39
47
167
127
90
118
234
101
12
108
83
63
83
197
278
159
41
41
39
85
12
243
156
115
146
164
85
130
25
229
134
115
176
177
30
149
41
162
75
66
130
137
207
80
225
79
69
84
40
36
123
140
45
118
2
94
32
135
74
42
50
131
98
74
28
34
6
52
84
87
66
225
57
73
113
8
40
65
10
32
37
14
38
117
13
53
16
111
102
69
55
84
55
42
6
32
111
77
162
119
75
34
49
108
13
258
97
113
86
65
127
154
4
137
33
15
14
29
4
3
24
25
64
6
6
207
179
126
15
97
47
29
147
50
14
12
14
39
2
34
63
11
8
95
62
112
49
2
10
30
29
7
9
3
10
51
74
115
80
13
17
14
39
23
172
59
3
115
74
2
22
8
78
8
1
49
11
157
43
71
31
32
8
25
68
101
55
182
64
13
59
87
11
26
21
101
14
183
42
6
26
125
49
87
41
35
70
15
21
92
120
80
13
6
5
3
242
49
4
93
35
10
56
118
40
61
33
17
103
64
46
9
116
5
56
42
45
158
103
147
76
82
171
45
146
36
85
15
71
244
90
115
195
154
246
70
17
102
7
148
163
141
2
31
3
120
54
55
14
235
138
96
6
90
91
83
93
92
264
143
101
79
113
76
114
47
97
52
40
73
52
112
170
39
55
195
194
64
71
31
29
127
118
38
116
105
51
109
58
145
87
54
39
268
71
169
108
262
369
281
123
167
55
194
30
111
43
125
22
89
27
100
139
228
59
41
91
64
85
16
77
143
50
36
13
29
33
160
165
37
119
21
32
56
56
136
85
37
3
80
200
65
166
59
61
5
13
167
59
67
100
169
104
34
127
132
4
31
66
139
143
86
102
89
52
14
10
8
56
53
159
40
1
42
95
145
39
17
73
108
66
44
8
32
3
97
66
125
83
15
72
12
25
93
14
15
51
89
3
17
69
14
12
81
38
42
74
4
127
37
33
28
206
3
3
16
30
6
11
58
82
152
2
124
38
139
63
55
26
63
118
42
62
8
67
55
90
84
63
113
6
80
78
24
46
76
98
38
10
57
168
24
51
11
69
60
75
19
193
7
4
144
147
55
194
7
39
142
26
68
180
79
24
42
27
53
30
37
93
4
5
79
161
6
9
51
83
164
64
169
19
48
36
111
113
30
192
55
30
91
91
247
36
62
51
77
27
4
158
84
49
103
16
13
189
18
66
141
67
28
55
127
10
143
161
105
123
125
149
27
131
93
61
111
28
91
99
41
66
10
49
48
13
22
138
111
57
160
57
78
10
129
37
93
98
171
105
76
56
11
89
60
109
121
185
224
134
81
80
85
36
131
26
6
134
82
111
114
36
93
26
8
33
55
240
129
99
82
83
120
11
15
16
64
97
23
20
9
15
9
7
41
65
29
52
43
49
9
106
5
8
37
70
111
157
29
62
9
8
29
128
18
7
36
127
2
5
5
11
7
47
29
157
81
13
45
6
45
33
119
29
13
76
27
14
22
15
100
57
118
9
13
30
38
104
15
10
31
5
71
159
131
121
145
9
161
73
28
16
94
109
125
114
8
103
59
33
83
19
17
46
37
36
28
73
3
5
5
16
53
8
13
75
7
48
162
57
80
11
41
13
79
24
39
48
29
13
42
7
180
62
22
21
33
16
94
11
45
72
53
83
7
135
8
27
45
92
12
24
16
76
9
38
49
10
10
13
16
14
2
79
9
113
12
10
53
61
6
17
36
5
7
73
156
28
8
8
9
7
12
27
14
3
120
48
34
62
127
7
38
107
171
18
18
66
15
38
61
143
64
36
174
175
89
26
198
36
82
28
8
9
134
14
92
89
2
5
63
110
47
42
39
62
19
18
103
36
92
66
165
64
51
32
31
10
232
73
15
97
85
21
62
155
84
89
156
101
13
35
48
76
134
94
159
119
249
97
51
32
133
39
58
37
144
78
63
103
177
12
59
71
12
11
35
15
12
13
84
69
93
65
47
13
87
91
82
67
69
66
243
7
10
62
33
313
44
62
134
99
128
33
207
165
3
175
45
9
12
55
15
12
12
8
9
7
12
5
7
101
3
6
51
7
10
46
42
9
29
84
6
49
12
51
323
124
10
29
5
71
26
91
33
6
58
48
6
8
70
31
7
32
19
93
104
8
48
12
9
8
60
88
56
4
143
48
109
28
56
7
110
30
5
39
125
85
60
178
50
5
5
46
20
3
8
37
102
15
17
36
9
2
72
30
12
7
83
7
64
11
43
68
9
34
101
10
19
13
38
77
19
12
69
40
64
13
46
13
9
12
22
36
76
16
10
124
75
8
59
11
42
30
36
6
54
36
35
25
10
10
9
34
58
9
15
16
9
9
32
29
36
48
17
6
9
28
12
5
14
37
62
15
82
5
19
13
16
22
12
9
12
9
42
131
32
135
15
65
24
99
67
9
40
78
85
55
51
51
28
19
55
10
103
18
33
19
9
15
9
101
9
32
72
22
11
54
22
29
105
124
142
58
66
40
49
21
13
58
30
48
8
14
109
80
20
31
12
139
101
39
15
31
52
15
100
83
24
60
20
60
82
53
111
15
51
15
51
49
93
15
10
12
72
8
11
10
61
78
11
73
52
58
52
28
98
19
57
100
35
11
101
12
36
48
39
228
128
62
23
13
68
62
93
30
57
12
13
32
35
9
4
8
42
6
32
125
5
7
44
29
7
14
12
107
42
50
19
6
32
6
9
7
29
5
10
12
5
6
5
62
114
69
4
86
120
27
33
72
7
4
27
79
4
4
4
65
12
4
10
8
19
47
9
10
92
7
6
6
79
85
4
7
81
32
30
7
3
23
25
4
45
9
140
51
9
18
14
2
56
129
3
9
3
10
43
23
30
5
8
116
78
4
68
30
128
14
19
18
80
72
51
27
9
11
100
50
95
46
10
13
129
10
82
56
10
10
81
54
7
15
20
9
6
14
69
19
36
90
19
12
99
58
8
35
12
53
5
45
26
13
15
10
13
13
34
23
67
25
11
8
19
25
42
49
10
10
42
61
13
48
13
34
6
14
70
10
29
11
11
34
43
38
14
36
9
52
13
13
37
38
56
12
63
12
68
98
27
10
25
17
13
46
160
20
13
87
47
8
36
38
190
63
80
84
87
13
34
34
8
73
8
28
10
52
9
44
12
284
66
25
41
11
36
14
36
43
76
46
37
127
66
33
119
69
12
217
17
21
139
13
41
40
31
7
88
51
10
10
69
16
20
18
43
94
7
43
12
59
12
13
90
14
55
123
220
150
42
7
81
89
18
104
86
47
10
9
82
102
65
91
27
35
136
119
94
7
66
64
139
79
58
20
54
2
42
4
25
3
31
121
35
3
10
14
8
9
9
7
55
8
30
20
7
63
11
5
102
63
9
167
5
9
91
4
5
145
27
96
37
114
97
46
6
6
2
74
164
81
57
176
113
6
38
22
140
13
76
27
4
53
44
65
6
3
2
2
6
5
101
3
27
83
78
39
128
71
126
9
57
182
10
51
11
31
54
45
52
90
12
33
6
7
33
34
14
53
15
8
108
75
3
29
35
5
131
10
6
10
3
13
4
7
1
135
11
12
43
18
9
17
4
32
70
7
7
5
4
45
2
50
39
47
12
15
93
12
48
11
7
58
26
9
23
10
8
18
61
11
59
37
47
20
10
27
7
14
18
9
39
9
11
15
8
43
11
11
32
9
47
19
127
34
59
8
25
66
13
44
35
16
29
45
67
144
29
234
81
12
171
51
60
91
71
63
10
126
156
91
41
30
99
16
40
88
140
82
105
190
55
47
63
21
134
76
62
62
67
72
42
152
98
15
33
40
158
41
20
32
150
132
64
106
38
124
44
152
234
105
32
85
12
35
12
37
10
96
125
160
24
45
103
158
129
222
173
37
10
84
33
16
71
12
56
13
49
159
12
34
12
36
126
74
12
10
152
67
103
219
35
100
53
105
122
73
60
330
204
30
112
90
144
66
91
134
104
73
168
105
56
97
37
12
33
38
69
70
34
31
127
12
57
155
83
245
76
121
75
9
41
65
74
110
160
208
5
21
5
131
129
51
65
70
158
28
33
49
3
88
42
33
6
7
2
4
86
7
2
31
41
97
123
23
3
44
91
67
29
223
21
42
39
48
33
50
75
34
1
56
27
92
46
8
35
24
13
31
18
66
10
8
7
36
31
6
4
22
48
207
34
6
17
53
8
77
36
121
4
60
8
4
6
84
3
24
1
7
9
37
5
26
112
34
11
48
14
74
96
56
81
8
54
34
3
67
119
13
75
5
14
147
38
6
84
8
98
120
89
37
6
16
87
33
48
6
41
31
27
49
95
6
8
37
6
34
9
11
41
28
97
84
41
152
74
75
45
168
7
29
123
5
36
155
44
5
128
22
57
62
66
63
34
7
2
81
70
109
52
50
109
7
38
64
10
61
88
54
163
50
19
4
192
44
49
62
4
94
151
152
35
42
84
69
9
68
72
11
308
97
200
100
109
43
230
181
151
179
44
125
12
116
150
87
69
10
64
244
99
11
32
57
40
86
136
116
84
150
48
175
656
256
195
338
13
145
173
120
92
27
79
90
131
235
42
88
136
239
61
55
135
102
112
184
184
64
112
114
174
229
102
114
89
59
36
26
227
52
11
84
52
14
9
50
88
84
120
50
144
94
17
109
79
45
24
56
78
36
53
4
30
64
106
25
6
9
127
153
47
36
27
18
91
94
179
184
59
301
56
117
76
64
76
78
8
100
13
66
69
106
110
11
42
78
34
18
67
74
17
30
100
12
30
52
4
8
75
123
91
43
192
85
43
36
27
34
55
34
61
19
48
37
74
46
5
37
67
29
5
67
44
34
131
143
141
47
56
101
27
170
45
87
69
12
98
34
108
42
36
31
42
14
3
80
75
10
73
6
5
150
7
19
94
9
67
80
5
127
68
7
18
156
46
111
29
160
17
18
13
56
55
19
6
9
54
34
6
45
4
7
144
39
138
82
15
10
47
51
39
71
36
222
107
67
76
128
132
52
78
5
75
85
56
66
32
90
8
6
7
4
53
75
4
69
83
42
2
48
313
43
132
89
84
36
159
100
121
13
63
52
167
17
202
52
67
37
81
23
48
27
13
78
61
10
167
60
58
99
56
84
151
39
128
74
83
36
157
299
147
104
54
45
15
99
54
117
15
31
93
127
169
135
10
15
104
118
164
114
13
90
57
261
58
162
63
80
109
93
16
119
17
141
53
86
171
192
165
84
131
27
165
60
91
83
68
24
69
33
4
209
96
164
10
66
17
39
6
13
42
72
93
13
5
9
81
115
261
75
6
10
13
182
29
12
4
32
57
10
18
60
