0.09179522817
0.07441376288
0.05698434413
0.07122528206
0.04546589018
0.05062690707
0.061598588
0.06495777152
0.06681750373
0.06582433862
0.06493683679
0.0795250561
0.09601733809
0.08470031546
0.07329532497
0.06144282815
0.06123656751
0.08435079727
0.06798589744
0.05950211305
0.06541133963
0.06592611662
0.07068366489
0.04965648855
0.07187201842
0.08126142596
0.06674776967
0.06529681635
0.06415721549
0.06497262557
0.063478698
0.06740525551
0.06545019574
0.06151900826
0.06184045584
0.07196347032
0.0909919571
0.09544041451
0.07409642032
0.07195452346
0.05697810998
0.06554781199
0.06782708845
0.06559695314
0.07121530383
0.07244339623
0.07137603044
0.04579776257
0.08021588486
0.09166608816
0.06993989314
0.0776131135
0.0798389694
0.08089552239
0.08385944014
0.08924779668
0.08539021034
0.07942851332
0.07426276771
0.089073473
0.1272583732
0.1166257996
0.09559327966
0.06907595179
0.05514382403
0.07211911955
0.07390827671
0.08002594034
0.07636257505
0.07362801378
0.07017423015
0.05158765836
0.08012036498
0.08876536611
0.08729504005
0.09238731219
0.07567465104
0.06757717655
0.07356270295
0.0763907797
0.07568235693
0.07516112874
0.07104630294
0.08866980431
0.1080928054
0.1103811659
0.07925964546
0.06180686695
0.068774497
0.07047080979
0.07439388907
0.07695652174
0.06801403509
0.06270290121
0.06476684792
0.04539289105
0.0656284034
0.07195602901
0.05978753048
0.06184196284
0.0618097368
0.0596760866
0.1903245519
0.06334260208
0.06528285616
0.07055219226
0.06986681465
0.08896371363
0.1011711281
0.09800771208
0.07620842572
0.05917068811
0.06049423194
0.0691012367
0.059979836
0.05698925875
0.05850595672
0.05542029763
0.05627879426
0.04562489921
0.05741324443
0.06776311095
0.05653162758
0.05768935626
0.05906332803
0.05613498623
0.06276782105
0.06730116571
0.06841261358
0.07271467077
0.07262888992
0.0867998679
0.101749089
0.09340538336
0.07249085206
0.05693333333
0.07498133555
0.07472043011
0.07602766413
0.07498156219
0.07353808354
0.07077946066
0.07997641112
0.0548352453
0.08136495389
0.09850485437
0.08124039517
0.09231381834
0.08865802767
0.09042653061
0.08859807209
0.09117812852
0.08896142433
0.08401678141
0.07840734028
0.08667079591
0.10250342
0.08527120495
0.06833673701
0.05631127967
0.07047631649
0.0678766261
0.06584422658
0.06116350877
0.06453028196
0.06672611086
0.05523981113
0.04785883347
0.06370726194
0.06637657362
0.06141496018
0.06175446496
0.06111956681
0.06436482976
0.06665349144
0.0728132716
0.07642737617
0.07415661497
0.07128681558
0.08308497905
0.09323024055
0.08957620818
0.07121875
0.05735217807
0.06997329499
0.07723843968
0.07678086458
0.0742775571
0.07498198904
0.07549684543
0.0761179053
0.05080264969
0.06674415094
0.07356869882
0.08570674708
0.06667777939
0.05684295816
0.07728411939
0.0555066313
0.03869543486
0.04935500583
0.04691430088
0.04573344371
0.0630428807
0.07864301552
0.07860185185
0.06621550973
0.05502084376
0.04002886634
0.03740276862
0.04781922178
0.05916508779
0.04431110359
0.05544949945
0.06134480417
0.03720970942
0.06329353643
0.08735060593
0.06428784712
0.05969798658
0.06522925959
0.06227226823
0.06400459418
0.06029461437
0.05253948462
0.04449646504
0.04540850538
0.06137432188
0.07544356712
0.08459059694
0.06719078279
0.05780535598
0.04445095541
0.03582720998
0.04242302627
0.05326247289
0.04722833086
0.05975396939
0.05424531441
0.03649678112
0.03388140596
0.05137311517
0.06722754756
0.06007187781
0.05550079915
0.04713021492
0.04318106769
0.03155306299
0.03353294385
0.03608346351
0.06555469656
0.08385659967
0.06651982379
0.05725402504
0.05516353955
0.04121749025
0.05671384457
0.06132574755
0.06512448475
0.05893007121
0.06307480653
0.06529002781
0.03905325015
0.06333256986
0.09695702006
0.07194236405
0.06224931575
0.06108258338
0.06494002181
0.05822553588
0.05809096837
0.0520819209
0.04609389671
0.0463457836
0.05952173913
0.07549410698
0.07388995032
0.05990792343
0.05244741874
0.04070554217
0.03506189213
0.05282147316
0.04850573451
0.03311555408
0.03910895212
0.03339431616
0.02514424078
0.02892930162
0.03000301296
0.03020594176
0.03272824346
0.02823130013
0.02957606893
0.03240973437
0.03600979374
0.04125242165
0.05061902082
0.07192763158
0.08333184258
0.07153231663
0.06175272727
0.05168537598
0.04104676149
0.03760820843
0.03378476147
0.03383605429
0.03269674612
0.03141702088
0.03131018459
0.03069171535
0.04313215482
0.03504331561
0.0420486522
0.04123775388
0.03521329879
0.03139514397
0.03047829066
0.03234093637
0.03701564469
0.04173893042
0.04829673477
0.06691066998
0.07895259594
0.07595001983
0.06316068722
0.05371677215
0.043211756
0.04221337195
0.04243572293
0.04707494223
0.04167182363
0.03942044257
0.04624250115
0.03818812129
0.05563586556
0.0458940231
0.1317759563
0.03913287174
0.02719418213
0.03087813289
0.03225944195
0.04130959446
0.03812679755
0.04289170078
0.04859649123
0.06005732152
0.06479577465
0.06240305149
0.05240788346
0.04440877056
0.04524197745
0.04269394928
0.04988922736
0.05574100267
0.05578563251
0.04253759878
0.04782633116
0.04684046531
0.06083834973
0.07309311741
0.06970182109
0.06397207911
0.04310263523
0.04135506596
0.04815981876
0.05439246749
0.05781374322
1.937843137
0.03864759725
0.101948154
0.1141579559
0.1009321059
1.597419355
0.06607253086
0.08427117412
0.0713939225
0.07120549797
0.08965043394
0.08795218065
0.07726430391
0.07728795128
0.07348974847
0.06944321207
0.073297565
0.07424289178
0.06569868996
0.0536935675
0.05071900983
0.04140188753
0.04551352374
0.04681593678
0.06559145129
0.08253700658
0.09103055722
0.1142573222
0.1122149123
0.09243628186
0.07585529254
0.09258272801
0.05473048495
0.06165008576
0.06016938899
0.0584011065
0.05695917285
0.05522346011
0.05324769939
0.05111773662
0.05087945879
0.05393277723
0.05362170088
0.05074377905
0.04901436355
0.03974870067
0.04044109277
0.04159173635
0.06034433286
0.07158841941
0.08777378815
0.09477623457
0.08793203181
0.07771624473
0.06682894737
0.06423732517
0.05844805195
0.06
0.06057127744
0.05909671203
0.04597442215
0.05150624198
0.04631421942
0.04736227613
0.045375
0.03968443837
0.04030087797
0.0381501387
0.03069500465
0.03426126778
0.03791241014
0.04560778602
0.06770101251
0.08184344604
0.09992774566
0.1071002979
0.09234351145
0.07678294574
0.06377255703
0.2350186916
0.04717523314
0.05357302035
0.03965799155
0.04869761041
0.04294910684
0.04445900828
0.04798999444
0.04242385343
0.04931594357
0.03882312925
0.03717497265
0.03552031016
0.0315649156
0.0309474859
0.03669607057
0.04224731861
0.05830411125
0.07629976581
0.08803977273
0.09776007498
0.08450540316
0.06798540965
0.06177860277
0.05906351414
0.05619846511
0.05909061748
0.07662100457
0.05766405617
0.03442201108
0.04742825607
0.04521519626
0.04009151707
0.04154207436
0.03686346863
0.03728221512
0.03580785622
0.03101023513
0.03159410974
0.0335278849
0.03551219975
0.04390054745
0.05567202029
0.07399000714
0.0808708134
0.07162480377
0.06250397878
0.05548923679
0.05234188034
0.0475980225
0.05079076479
0.04861918406
0.0483627685
0.04095429789
0.04738046977
0.05122681564
0.04752240499
0.04339653179
0.04053599327
0.03626547744
0.03652140891
0.03336970622
0.03334131516
0.03392083922
0.03940504133
0.04771057236
0.06291348089
0.07807924782
1.408695652
0.04919444444
0.07834260289
0.06686055183
1.415511364
0.02961561622
0.05228506466
0.05344266631
0.05270204604
0.04993697229
0.05404063957
0.05518240591
0.05981743749
0.06552453177
0.04648728095
0.03623102781
0.04477216965
0.04135747664
0.03681537881
0.04007171593
0.05875139709
0.05013479485
0.07138513514
0.05783313325
0.08111010009
0.1040446169
0.08640302613
0.07485518906
0.06495755081
0.05682778375
0.06023241775
0.06573145173
0.06070054201
0.04957798924
0.04486566593
0.0548974917
0.04168054299
0.04910934196
0.04666047318
0.04456666084
0.03921235823
0.04325026142
0.04223175966
0.05061686949
0.0571997011
0.06882154882
0.07841572596
0.09350545037
0.1037969925
0.1114724576
0.09166433566
0.0807935189
0.06788423715
0.06560173697
0.06319971746
0.07380939377
0.07023736339
0.03990014098
0.05458110322
0.05056983719
0.04972251982
0.04953426972
0.05866758242
0.05300355267
0.04401330724
0.03710114765
0.03452900515
0.04115377376
0.04412948497
0.06827628362
0.07600516573
0.09299218195
0.1010776256
0.09071538462
0.07308237861
0.06283379694
0.05509380195
0.05152263374
0.05174265899
0.05160779221
0.05070046782
0.05200601226
0.05377683339
0.05040958704
0.0529350348
0.04997626394
0.04145527818
0.03951575084
0.03718839458
0.03298863572
0.03444952691
0.03722903517
0.04362327393
0.05978073827
0.07228571429
0.08773002015
0.1318363795
0.083798627
0.05424783274
0.06758285906
0.05892813343
0.05629139073
0.05581040298
0.05796079723
0.05268948273
0.04967487972
0.0480572508
0.04653359154
0.04302618107
0.0396914146
0.04450372376
0.04211619048
0.03387760462
0.03046344512
0.02943522154
0.03443383038
0.03454591889
0.05264173703
0.06005107252
0.07288357749
0.07737262737
0.06738407699
0.06006389776
0.05364564007
0.05103990326
0.04390636084
0.04915825595
0.04880718108
0.04300309119
0.04023952096
0.04427622474
0.05297737003
0.05631194775
0.05567356851
0.05028451381
0.04890758906
0.04060762262
0.03902478448
0.0381394914
0.04471736805
0.04636511817
0.06265375556
0.07272242722
0.0862849534
0.08982788296
0.08020108275
0.07661772703
0.07189839572
0.07188610093
0.089
0.06155867971
0.06176604202
0.05866358628
0.05418935837
0.05560643564
0.05744134648
0.05789519348
0.05605421198
0.05302599758
0.05725688661
0.05287254205
0.04772094431
0.04651271805
0.04714024441
0.04689453125
0.09599692071
0.1022638889
0.117564276
0.1165755627
0.1057103064
0.08790744467
0.08291666667
0.08605426357
0.09612276612
0.1088227242
0.1080287597
0.1155325273
0.09667332003
0.1209142857
0.1246460746
0.1201843003
0.1216772375
0.09622137405
0.09670091942
0.09578373016
0.07751519244
0.06860902256
0.07116460177
0.0684051186
0.09256908463
0.08698501873
0.1516109155
0.130474407
0.0899594046
0.1014332604
0.09084104938
0.08145955716
0.07177696424
0.07031053294
0.07004505316
0.0656592845
0.05676136364
0.05561631635
0.05735576085
0.05541880342
0.06059945995
0.1219018237
0.0518305469
0.0495443038
0.04653166227
0.07708359522
0.05099838449
0.04553379895
0.07685639229
0.05280448718
0.0501369863
0.09275549806
0.1057757296
0.08214214214
0.07360491929
0.07345271405
0.06548108553
0.06026548673
0.0604409257
0.05923656927
0.05273382916
0.05102898225
0.04937816979
0.05501982885
0.04056962025
0.1058043478
0.1234715285
0.129646539
0.1412325117
0.1326205788
0.1397124413
0.04247022268
0.05791134185
0.07381528662
0.08578252033
0.09436739659
0.04694470046
0.06920146138
0.059185292
0.06823450855
0.123455853
0.1259668954
0.03343924431
0.1094755927
0.0937358148
0.106262762
0.1176296987
0.08847890352
0.1002958237
0.1005276892
0.09761576626
0.09756844548
0.1028617838
0.1407659331
0.1291059281
0.1089819724
0.1459631491
0.2399665552
0.1288404361
0.06886138614
0.08996641075
0.07811096433
0.06406698565
0.2200635324
0.1148470992
0.07048398997
0.08172991621
0.09458619971
0.3113720743
0.2342885933
0.09805401495
0.163368689
0.171937931
0.1372858473
0.1136988799
0.08970186335
0.08796681416
0.0915083309
0.1419657483
0.05124684685
0.1117818182
0.08570216777
0.05465641026
0.06857907253
0.05903660886
0.05231691426
0.05498826842
0.1041139735
0.09829464286
0.05629529799
0.06699680511
0.1013258041
0.09545981555
0.122438948
0.1222907916
0.0846762395
0.1063013302
0.1117251656
0.1162119262
0.1123242516
0.09592939175
0.1099678457
0.08694952132
0.07723892838
0.09390224981
0.09735323383
0.09135845749
0.2504371585
0.04288359788
0.06462893082
0.05742775393
0.09619159565
0.1021348315
0.05603197413
0.06698510529
0.09697732997
0.09254538578
0.1187131631
0.1396573387
0.08348071496
0.09249070632
0.09713855422
0.1008916002
0.09429622521
0.09381837307
0.08314192205
0.07138188609
0.06596471885
0.07443820225
0.0749755142
0.06714644351
0.0670625
0.05721937771
0.05575112108
0.06310715295
0.08635407786
0.08729015202
0.05102274026
0.06173865069
0.0907938258
0.09359307359
0.09980689133
0.06676008698
0.07422476587
0.08073849879
0.0866872428
0.09165492958
0.09175312583
0.1018135436
0.09599888393
0.1172709163
0.1339660057
0.1428625954
0.1058698941
0.1053635117
0.08829871414
0.07418043202
0.09137220259
0.05538620512
0.09260547504
0.08662429907
0.05272116219
0.07436795614
0.09355024347
0.09386111111
0.1114770889
0.1117014085
0.1362113697
0.09968920622
0.09403720463
0.09772556391
0.09872106481
0.09385363065
0.09633449477
0.08335343788
0.1773927959
0.04972051425
0.09797142857
0.09623639191
0.0865274463
0.0687751938
0.0591446983
0.06671654198
0.07939876216
0.07828596415
0.05325924136
0.07103085299
0.08693227092
0.0904001759
0.1234402516
0.2331343284
0.0879245283
0.1014374108
0.1009188544
0.1033453399
0.09273374313
0.0964
0.08910760034
0.07598943042
0.08584860558
0.09980209546
0.1051182198
0.1002225131
0.08613595707
0.07234903782
0.06873417722
0.05864386072
0.07054664484
0.09742712787
0.06372181164
0.0499069118
0.05577418016
0.07771418415
0.09449860724
0.09865575397
0.08599203187
0.09471387402
0.08003032345
0.0938456486
0.1151552511
0.1063511525
0.1002447552
0.1294353827
0.04860943168
0.07910891089
0.08130434783
0.07696407879
0.07136767318
0.05993606138
0.06174349612
0.05317184644
0.06432849937
0.04802042237
0.04956159492
0.04351742409
0.04072103004
0.03927949878
0.0391465568
0.05801208127
0.07456777666
0.07577955912
0.07915954416
0.08995012469
0.05638366379
0.09399898374
0.06015734266
0.05960349854
0.07112757202
0.07696730552
0.07862021858
0.07412121212
0.06635635636
0.06484871407
0.05896355353
0.05672523364
0.04944397877
0.05136616162
0.05015075377
0.04512757932
0.04628251301
0.04214194722
0.0426897304
0.05114333754
0.09884744885
0.07661247414
0.07373863254
0.08401318198
0.07939499305
0.07175555556
0.05345812012
0.06118336262
0.06816199377
0.08334078212
0.08083670715
0.077965412
0.06961474037
0.06292628025
0.05679936306
0.05640249918
0.05528056485
0.07031111111
0.05356197353
0.04034693878
0.04469435737
0.04187570621
0.05002938517
0.04794842007
0.05144870466
0.03967012388
0.03617267062
0.03089582285
0.03536349575
0.03379227254
0.04165471853
0.1465044687
0.04496086957
0.1253539823
0.1007539683
0.1002661208
0.07915123457
0.07743756786
0.06057760454
0.06021209166
0.0601509901
0.08417521486
0.09322483221
0.08370453814
0.0997733711
0.1004695042
0.0865828751
0.07451337133
0.04087013356
0.03061310977
0.03345666394
0.02972274708
0.03565420765
0.04715373961
0.06699472017
0.08231782627
0.08780358328
0.104937276
0.108787515
0.1010253165
0.1150720243
0.09428926133
0.08329234973
0.07478244701
0.08639628086
0.09031990029
0.09169288646
0.09448365527
0.09135903427
0.09126925899
0.08954350371
0.09472859327
0.0440271276
0.03566386916
0.0345264954
0.03725906535
0.03649570838
0.04639117427
0.04613324624
0.06904182107
0.08377676833
0.09026496565
0.1140121581
0.1089110708
0.09852503383
0.07480252765
0.1351656315
0.05089852608
0.06145887823
0.05519487314
0.06024948025
0.07842040816
0.08363913209
0.08951982379
0.09727911059
0.09824324324
0.05048301269
0.04179779412
0.04218612245
0.04121228644
0.04579646018
0.05236100533
0.05154358529
0.1063245413
0.08992180712
0.08992180712
0.09
0.09735588972
0.08697696737
0.08148793566
0.07244411326
0.06769926323
0.05873110921
0.05063335525
0.06239752285
0.1062411586
0.08167474658
0.08424439919
0.09229432805
0.09545742754
0.0456765613
0.04104966887
0.04101397516
0.0478434956
0.04572662492
0.06292521739
0.06656542056
0.08213475177
0.09531187123
0.09618705036
0.1130574324
0.0882437276
0.08957943925
0.07396419437
0.08255443441
0.06393181818
0.06267255792
0.05547387469
0.06474869229
0.05915369915
0.0769562513
0.06451936095
0.07378907878
0.1002832861
0.04959025079
0.04228983187
0.05845831527
0.04797696737
0.0507570594
0.05280834915
0.07358347877
0.08488301887
0.09174458381
0.09392749245
0.08804347826
0.08159255429
0.0777673546
0.07705109489
0.07475039411
0.06686090226
0.09162402989
0.06626416137
0.06791677175
0.06117849576
0.06235785288
0.06327509143
0.0686437659
0.0956501182
0.05997360406
0.06201270417
0.0681144885
0.05625665504
0.05643109541
0.04980218636
0.07409244645
0.09453137103
0.09870236869
0.1095705521
0.1187842466
0.1016129032
0.1024376417
0.1120927835
0.1031254104
0.08648243359
0.08347254193
0.08154925544
0.1057386682
0.07994994111
0.07797708857
0.07389897157
0.07709237618
0.06982729805
0.1923733863
0.06129764454
0.06354411451
0.05889946856
0.06226745621
0.07282019704
0.08427237781
0.0954718417
0.1274318508
0.07800687285
0.09893510815
0.09538157895
0.09514008621
0.09113913751
0.08712921348
0.07899292551
0.07249235049
0.06986323673
0.08186614731
0.08991186192
0.09655715722
0.1006988473
0.1133494308
0.1168096941
0.0719285217
0.0677311784
0.05162835495
0.05398126464
0.06111909972
0.09901765376
0.1973771731
0.1477062557
0.07086359968
0.1263570567
0.1329331046
0.1062037037
0.1065632458
0.1201056911
0.1159227986
0.1041720331
0.1179445823
0.09722404372
0.1127973568
0.1146330061
0.1211708586
0.1203162055
0.1240193581
0.1358560091
0.07245142401
0.06959497868
0.04873913522
0.04439712776
0.04937171604
0.0754785077
0.102249059
0.3686219739
0.1104984894
0.07053958944
0.1330658106
0.1455511811
0.1345335085
0.1293171997
0.1297577389
0.1189018568
0.1112581699
0.1328652918
0.1083085664
0.1091367996
0.1031011045
0.1113133402
0.1172773109
0.1699191375
0.04858086847
0.03926727229
0.03877815768
0.05150771492
0.08075882197
0.1085553279
0.1125414049
0.1087978142
0.1184424084
0.1318106312
0.1219269103
0.1080429864
0.1080429864
0.0611785556
0.1076005646
0.1005475664
0.09911431514
0.09993488372
0.09933912205
0.09846534653
0.09609734114
0.09677016129
0.1014356884
0.09833606557
0.09040868925
0.1066718507
0.1104139765
0.1045407098
0.1119367765
0.1112306873
3.126851852
0.0444375517
0.1301138211
0.1350862069
0.1245185185
0.1084546616
0.1097858672
0.1027959698
0.1135819975
0.0836454682
0.06201219512
0.07012015504
0.09083067093
0.06874166161
0.05727656809
0.06410969587
0.06048978523
0.6946081505
0.05635915808
0.05306364617
0.05290437537
0.0538068615
0.06180311231
0.0796185567
0.09015325671
0.1042066806
0.1194242424
0.1282815735
0.1260958904
0.1110869565
0.1236320305
0.1041036534
0.08548754448
0.07739130435
0.07470639408
0.07261782348
0.08621572212
0.07204545455
0.06679036278
0.07560571614
0.1218390073
0.09395581492
0.04561911658
0.05675096095
0.05518732605
0.05551438535
0.06141671278
0.07430227743
0.1152384676
0.0659057971
0.1142210386
0.1230313589
0.1111747851
0.129227683
0.1029741763
0.08492158327
0.08069129917
0.2399539171
0.04646524064
0.0746740638
0.07483732571
0.07465593434
0.06962171528
0.08356155972
0.1035376999
0.07509926855
0.05890666127
0.05622928709
0.05827251553
0.06175364363
0.06771204347
0.08041722148
0.08381944444
0.09684895833
0.1152209945
0.1242723881
0.1210543657
0.09724425887
0.1022264151
0.09867879747
0.08720493247
0.08234714004
0.07257874843
0.09139049826
0.07328159645
0.07429176164
0.1462678937
0.1135887097
0.09696260348
0.07946928105
0.09826589595
0.07320370789
0.08178686069
0.08437100683
0.07921018781
0.2468425461
0.07801145237
0.1293919793
0.157848723
0.7332467532
0.08554679803
0.1787654321
0.1703756477
0.1324330709
0.165117324
0.1266948219
0.1021882151
0.06971428571
0.1617605962
0.07578755532
0.0754784202
0.0649769954
0.07181883883
0.1113417659
0.0919489214
0.1082587859
0.08461653813
0.09913738739
0.1064634748
0.1114175344
0.1289555896
0.1483150384
0.1482347589
0.1193297587
0.1443736264
2.116176471
0.1170009643
0.1291786622
0.1111052353
0.09133385951
0.09449167658
0.1556677088
0.06637317784
0.09603151011
0.108282798
0.1034616465
0.0995535462
0.1109475806
0.1423421114
0.1232656664
0.1488556034
0.1221707539
0.07467944481
0.06261529809
0.08568566061
0.1312067511
0.5494797688
0.06740366972
0.111192053
0.111761158
0.1176565657
0.1074777688
0.09483050847
0.09047052461
0.08125
0.08377164056
0.08377149877
0.08027195027
0.09372383525
0.08420242024
0.08234767471
0.08014860978
0.0795202663
0.07732510288
0.08165408933
0.08406526006
0.08918518519
0.09841490795
0.2893208829
0.07726145038
0.1553881988
0.1620784314
0.1583762058
0.131704918
0.152018018
0.1246493506
0.1086646707
0.1061012076
0.09856321839
0.1040479042
0.08586530932
0.08705278073
0.08421017845
0.08732638006
0.08044791667
0.1000827228
0.1120947045
0.09107589416
0.07395901768
0.07986578487
0.0591047409
0.06328396652
0.09987179487
0.1007598253
0.1085478548
0.08831950207
0.09046698873
0.09261553589
0.09209784411
0.08680141844
0.0834148994
0.06798095238
0.05792257172
0.06399135926
0.2463049853
0.5060811518
0.3473190985
0.130113127
0.04892036125
0.08886580087
0.06641509434
0.04642665714
0.04508048938
0.07415010281
0.08496309963
0.09653401797
0.1043767313
0.1088959391
0.130259481
0.1546025105
0.1136661466
0.09871485944
0.1203977901
0.1245808019
0.1105193798
0.1053753236
0.1020226969
0.1065515035
0.315721393
0.05857142857
0.1011654676
0.0998944591
0.1046246246
0.1204765852
0.04965544872
0.04742945007
0.05524394856
0.07463052486
0.0938423913
0.1081360366
0.129868049
0.1210893032
0.1567567568
0.1765360825
0.1258878505
0.1073396675
0.1062733645
0.1248320158
0.116729048
0.1062754686
0.1040863115
0.1012660799
0.0958452381
0.09523730684
0.0936507177
0.09412655971
0.09216383947
0.09982581967
0.06777568922
0.06389478242
0.0538769167
0.05733318984
0.05990512821
0.06891312817
0.08216592151
0.1002520252
0.103329753
0.1097674419
0.1259340659
0.1174387947
0.1144958482
0.08498390212
0.07816344859
0.08208065063
0.07105753863
0.07108789625
0.06890694239
0.06826642745
0.07548432056
0.07667601326
0.07722918756
0.07974535269
0.07068862912
0.06347817801
0.06486720767
0.05864575214
0.06252237253
0.07040845575
0.08317341329
1.35045977
0.04749873928
0.1108080808
0.1318844221
0.1231695332
0.1010942249
0.09303132938
0.09175
0.09259076647
0.09605595173
0.07873668566
0.07424443706
0.08294339623
0.08066791511
0.0785330201
0.07542870457
0.0924902012
0.08870419051
0.04930052281
0.04697631039
0.05787249115
0.08614556417
0.09993935719
0.09774907749
0.1150963597
0.115619469
0.1202621723
0.1304065041
0.1326136364
0.12135506
0.11065762
0.1061396304
0.1022135162
0.09502526412
0.09673992674
0.09978405968
0.09187728566
0.1157548701
0.09505208333
0.1064344861
0.1139082969
0.06117608083
0.04494755245
0.03973604061
0.08547451305
0.1035509457
0.1074495138
0.1100414938
0.121318328
0.1249768519
0.1265659341
0.1178232406
0.1095477387
0.1115167931
0.1081736527
0.12392
0.1068174962
0.09553278689
0.09036363636
0.04095039889
0.03644133004
0.02388370424
0.02860733416
0.04731335953
0.05681486989
0.0249250473
0.03298401886
0.02583569005
0.02921776599
0.02941888046
0.04750314729
0.03946531792
0.05124087591
0.05427522936
0.07064989518
0.05633858268
0.05078196872
0.05623201439