0.1027089337
0.0680387289
0.07799409237
0.07768215044
0.07796558227
0.0782387022
0.07643763214
0.08136040308
0.07406716418
0.08816831683
0.1002711864
0.1458461538
0.1487557604
0.1292528736
0.1338927336
0.08897213855
0.1013740458
0.08477032899
0.07716263995
0.09380160197
0.1789627893
0.05841336117
0.316660628
0.585524215
0.5406062932
0.1573370249
0.1128589581
0.1358199357
0.1412354699
0.1339294621
0.1405387053
0.1639773405
0.1341325391
0.1559751037
0.1555111111
0.2172463768
0.3640816327
0.3039175258
0.1693721461
0.2101470588
0.1427700694
0.132340234
0.2176281113
0.1258340181
0.1211251695
0.1465919003
0.1362649494
0.2872703412
0.2624913495
0.1774816176
0.1642558034
0.0943986421
0.1473559671
0.1477903579
0.1591816982
0.1790144231
0.1580613893
0.1644957983
0.2101785714
0.3615083799
0.3962424242
0.3108
0.1634078947
0.232827381
0.1500317259
0.1532346491
0.1295758414
0.1597060553
0.1245925553
0.1574103066
0.1883863369
0.1702089552
0.269775
0.1775798187
0.1041262136
0.1388874346
0.1561155606
0.1493302362
0.1394273859
0.1653333333
0.1668980291
0.1487370242
0.2064210526
0.4284507042
0.43265625
0.3678767123
0.2732653061
0.2166823161
0.1120169713
0.1016794544
0.09258627859
0.08954954955
0.1159892086
0.08360481259
0.1298526863
0.2035080645
0.2175877193
0.1142030104
0.1012148218
0.08407457627
0.09908303249
0.0941884058
0.103973607
0.1046751189
0.09745062837
0.09190311419
0.1576623377
0.1670588235
0.235480226
0.2121843003
0.1127428571
0.1477303371
0.1197630587
0.08677312043
0.1275605536
0.09779964851
0.1141701341
0.105995567
0.08589527027
0.1608333333
0.1921572212
0.1078717006
0.08326494725
0.09184149951
0.09957956915
0.09326997536
0.1015912969
0.09211093991
0.1270715835
0.1370979667
0.1184210526
0.144338843
0.07828877005
0.2203012048
0.1646994536
0.1084630477
0.1027369769
0.1029606473
0.1232112458
0.1130194912
0.08425377644
0.1104839213
0.1134549356
0.1168342912
0.09726593407
0.1051791531
0.1025950292
0.1075875017
0.09036543422
0.1274880952
0.09858704453
0.1364444444
0.1405862069
0.1884076433
0.2830519481
0.2512643678
0.1932553191
0.1403064861
0.1321178637
0.1175065342
0.1220980092
0.1728287708
0.2086242476
0.1391347962
0.1780569948
0.1096124865
0.08695804196
0.1348717949
0.1216391577
0.1325514019
0.1437416778
0.1173440183
0.189715994
0.603828125
0.1755240444
0.1298370331
0.1859344894
0.2374570815
0.2067131783
0.1280123457
0.2119169329
0.34578125
0.1339180699
0.1503577468
0.2031118644
0.1300785434
0.1676404494
0.1133261027
0.2069847328
0.2452201258
0.2189962825
0.1754341317
0.1599763872
0.1028477366
0.1335279347
0.130798297
0.1423584906
0.1185868499
0.2367315175
0.2559615385
0.2007462687
0.2593877551
0.3116129032
0.3178431373
0.2393684211
0.2646261682
0.2407777778
0.2285542169
0.15796
0.1437833595
0.1480109489
0.1609055501
0.1453477765
0.155945122
0.1362974684
0.1641567696
0.124148728
0.141942344
0.1364941176
0.1468812758
0.1422959184
0.1577189781
0.1384751204
0.1361702128
0.2750980392
0.4325
0.3333898305
0.3169444444
0.3015116279
0.1951916376
0.159351145
0.1451964715
0.09437853107
0.09361817565
0.09550992932
0.08751484561
0.1018873239
0.09327158207
0.0801869783
0.1074232082
0.1221295547
0.1186183465
0.1214736477
0.1222393098
0.1300822448
0.1193704156
0.1923726542
0.1541791045
0.1561397059
0.1535106383
0.2166507177
0.1291225166
0.2287935035
0.1610113865
0.1526195426
0.1529787234
0.13275624
0.129964483
0.1535460123
0.1675123675
0.1545083207
0.1125121951
0.1480141844
0.1697519084
0.1502815013
0.1338694639
0.1321697154
0.1294795351
0.139127907
0.1510142498
0.1755120101
0.1759586466
0.1692542373
0.2286170213
0.2581725888
0.2134324324
0.1058571429
0.1580340064
0.1409384384
0.1501857996
0.1328516694
0.1383659379
0.1515102828
0.1593372703
0.1218352681
0.1454597956
0.1311625616
0.1201492537
0.1042724936
0.09821193609
0.09692720307
0.0977994012
0.09427419355
0.1371143515
0.1104553415
0.1325832013
0.9053846154
0.9290243902
0.08062874252
0.2343539823
0.2194984802
0.109202454
0.1414982578
0.1409919571
0.109823451
0.1053658537
0.115941305
0.1007744108
0.1173025516
0.09142711519
0.09997639422
0.1242004357
0.1060208981
0.1028231543
0.09914511179
0.0938920262
0.1119513756
0.09755164499
0.1139102933
0.1345889698
0.1466088632
0.1565116279
0.2146540881
0.2240780142
0.1543516484
0.1099588689
0.1373106796
0.1091047356
0.09828087986
0.1175455235
0.08899116557
0.112899045
0.101403391
0.0668030888
0.1217716535
0.1317258585
0.1339567836
0.1175225842
0.1126703274
0.09728609353
0.09802456499
0.09190034045
0.116577802
0.1287991021
0.1684070796
0.1825757576
0.1892913386
0.2381203931
0.1155911824
0.1071261682
0.1412842966
0.09465944813
0.09423664122
0.1272981615
0.1027920367
0.1130047972
0.0771113307
0.1208164714
0.1225549009
0.1144846434
0.1143075784
0.09937541825
0.09921325648
0.09869051878
0.1353890909
0.1218423855
0.1673225152
0.17
0.183907563
0.1326022305
0.1610385757
0.1779958027
0.09525197628
0.1279446855
0.08547233468
0.1140722696
0.1131686607
0.08552383755
0.1086564886
0.1000943396
0.07505725191
0.1130495553
0.1086828645
0.1075306564
0.09800181036
0.09244082519
0.09760247052
0.1007404745
0.1419092466
0.1335343788
0.1435491071
0.1692279412
0.243670412
0.1890205011
0.1053369906
0.1655256299
0.115012
0.1465308924
0.101555816
0.1013691796
0.1214636608
0.1110305218
0.08518630413
0.1035514313
0.09292019027
0.1229238619
0.1148188858
0.1032861524
0.1036558911
0.08576436654
0.08956521739
0.0960723192
0.1272310606
0.1340730337
0.1728385417
0.188893617
0.2149609375
0.08611926606
0.1966176471
0.1662622658
0.1111470588
0.07254535459
0.121498605
0.08481309686
0.1114339623
0.05669386169
0.1024959057
0.09801362862
0.07167464115
0.11152
0.1073033708
0.1055077492
0.09791975309
0.08865163668
0.09955877815
0.1025017973
0.09751150307
0.1289320388
0.9890740741
1.034
0.07201958384
0.2243765281
0.1683715013
0.1509637489
0.09725066196
0.09281238747
0.1204059913
0.08337051143
0.1044748546
0.08798974735
0.09074712644
0.1003970719
0.05183665008
0.105611555
0.1065650297
0.09680931107
0.09092116183
0.09228481298
0.09455663616
0.09112291888
0.09577553594
0.1249452055
0.1352185792
0.1376377953
0.1405163043
0.1801662708
0.1998663102
0.101
0.1272937853
0.09593622544
0.1421768707
0.09334803643
0.07802545156
0.09757237636
0.09517932489
0.09368766097
0.08655225186
0.08980806979
0.09960964409
0.1113513514
0.09809492419
0.1139504951
0.1075675676
0.1340449438
0.1923863636
0.198952381
0.1171117318
0.1242813918
0.1102172619
0.09431782946
0.09083051369
0.1235424354
0.1046501767
0.09146494709
0.07267491671
0.08004716981
0.09891304348
0.09073754153
0.09134120917
0.09713214247
0.08195749441
0.1510498221
0.1014441088
0.2239322034
0.187859375
0.1090036014
0.1439549839
0.1259570597
0.0987919684
0.1101530055
0.08966106218
0.09419157827
0.08114078299
0.09169323415
0.06395053476
0.1606331117
0.1254664439
0.09748529412
0.08418484635
0.08340149212
0.09347487615
0.0934822547
0.1006857855
0.1210641628
0.1183037975
0.1473484848
0.2008196721
0.180408805
0.1780454545
0.1110795455
0.1000211305
0.09877879545
0.08489361702
0.09475923852
0.0863389953
0.09072826938
0.09225063939
0.0825087108
0.08509397278
0.1463656633
0.1077252106
0.114809228
0.09162498009
0.08367039587
0.09401474201
0.1053982621
0.1011326733
0.1371821756
0.1561124694
0.1813654618
0.2244715447
0.2407506702
0.1127382876
0.1603988868
0.1035498025
0.09490475148
0.102609009
0.08373076923
0.068001002
0.07768656716
0.08721101505
0.07028555431
0.07342105263
0.09113642837
0.101918695
0.08886761616
0.1053032153
0.07839327225
0.09665976331
0.09206135428
0.1030346632
0.1243401015
0.1621759259
0.1858364312
0.1944649446
0.1981598063
0.1997106383
0.05806716418
0.1431495759
0.0916963386
0.08859456093
0.1067834618
0.08725897494
0.07624632353
0.07059921415
0.07631358885
0.1020346598
0.09428176796
0.08976239669
0.09127723068
0.09489539749
0.1081435155
0.1176568627
0.1228409091
0.1145348837
0.2174609375
0.2109263658
0.1225086108
0.1367814114
0.1066707541
0.1048439504
0.08703980844
0.1061774023
0.05993442623
0.1053764157
0.07993911439
0.07731740614
0.0758387329
0.1013831776
0.09767646251
0.09882951654
0.09097316168
0.08181655172
0.08304776739
0.1670903955
0.09874135546
0.1417188823
0.03889884763
0.2136296296
0.2390864198
0.1568235294
0.1906477733
0.09663122552
0.09632290562
0.1054879066
0.08243965074
0.09796284433
0.08110240078
0.08450431537
0.07183900227
0.08211757991
0.06378496103
0.09029596188
0.08897923111
0.08068925234
0.08481567645
0.08203054631
0.0903957977
0.08493030303
0.1085
0.154952381
0.1667175573
0.2205752212
0.2259111111
0.07641840088
0.1812032086
0.06444225074
0.1156805252
0.1042402827
0.08959622444
0.1264904863
0.08624367458
0.09219198235
0.08622149837
0.0731267507
0.07856820744
0.09937118902
0.09193230365
0.1016879374
0.07590296496
0.08873104997
0.09067182663
0.0951209823
0.09963326446
0.1319732247
0.0857038835
0.148919598
0.1682589286
0.1591044776
0.1458162268
0.1007777244
0.1055555556
0.08184418746
0.08795278365
0.08498559078
0.0681134624
0.07765223771
0.06278926955
0.09951966585
0.09261743067
0.08938986784
0.08495198509
0.0876815323
0.09537968893
0.09086795557
0.1173039216
0.108241206
0.1467727273
0.1416296296
0.2116043956
0.1518383312
0.1124910036
0.08654703438
0.1057515106
0.06434362045
0.09165871122
0.07111111111
0.07500245158
0.08230373579
0.07562999724
0.09203616879
0.08795821756
0.08451851276
0.08299712883
0.1268703242
0.1333375635
0.1283386581
0.1501438849
0.2063453237
0.05245919478
0.162529148
0.1053962754
0.1273601202
0.0943158411
0.09577316574
0.08470868014
0.08888055034
0.07633812391
0.06993745956
0.09893518519
0.09129415761
0.07854234103
0.077118594
0.08293686686
0.08506825515
0.12412
0.1126661392
0.1434948605
0.220786802
0.1260437236
0.1630601093
0.1668322399
0.1301562936
0.09841803865
0.08875537506
0.09702552068
0.09165250236
0.08440955005
0.1161228193
0.07688024984
0.04184439041
0.1099482072
0.1159
0.09450745396
0.07755270572
0.08654308782
0.0932578125
0.1019079535
0.1109435442
0.137595945
0.1366935484
0.1972515856
0.2089984825
0.2073812754
0.1134022258
0.09983981693
0.1262589516
0.0847558278
0.1072279202
0.0994439811
0.1041093184
0.1248323171
0.1463192612
0.1153342817
0.1123618635
0.1021115538
0.1326035302
0.09878159126
0.08044780928
0.1012644389
0.1114654688
0.1020057307
0.1215531136
0.1463829787
0.1610022272
0.193961039
0.1096140351
0.166972549
0.1014977767
0.1392861821
0.09117279667
0.09625456442
0.2128682259
0.07968362034
0.09494980695
0.07749750946
0.09016338028
0.08567480502
0.1025146199
0.1172562893
0.09190015741
0.1019467213
0.09669613487
0.1030088496
0.1376230032
0.1247914818
0.1369753086
0.1770469799
0.1796536797
0.1034246575
0.1651230629
0.1341726619
0.08544269727
0.1163369963
0.135585443
0.08614867257
0.08665569724
0.06619303797
0.08433544304
0.08993325546
0.1072909871
0.1046489064
0.1080057028
0.09261166667
0.09522552484
0.09494422755
0.1094272796
0.1162182741
0.1186542923
0.1545558739
0.1633333333
0.15815311
0.09272676056
0.1119184527
0.08695661072
0.07624347826
0.0940876917
0.0549740519
0.08941666667
0.0705643174
0.07688977689
0.09433244916
0.09936472819
0.09057308307
0.09028776978
0.09457850265
0.09772069933
0.09298850575
0.09793274854
0.1070657352
0.1048617886
0.1330731103
0.1481348315
0.1556
0.2388541667
0.1258691911
0.09068984248
0.1104926108
0.08661483254
0.08719332162
0.08316931217
0.08292515948
0.08953230603
0.08388596734
0.05183823529
0.08941570298
0.09416014606
0.09321260767
0.09065820777
0.09433312329
0.09153681047
0.09020849225
0.1042760027
0.09490389354
0.1078880407
0.1225271318
0.1415454545
0.1457749469
0.1422923588
0.09373845406
0.1159659091
0.08218238398
0.09222038307
0.08970811675
0.08519922255
0.0817833917
0.08771310182
0.05930775887
0.08149006623
0.09144129104
0.09428956122
0.09650162866
0.08524434433
0.09054362645
0.09573125291
0.1008783136
0.1013316893
0.1326785714
0.133308958
0.1465632458
0.2136486486
0.1387181996
0.1150430478
0.09690939411
0.08944263818
0.09478947368
0.08908238636
0.07753308824
0.1010945383
0.06352244389
0.09596202825
0.0832460486
0.09103328844
0.09098595944
0.104742634
0.08945752818
0.08718401332
0.09341216216
0.08478803717
0.1297790449
0.1061450044
0.1389953632
0.163650108
0.1950109409
0.08076443058
0.1353706014
0.1188510574
0.09798402763
0.1004857704
0.1168150852
0.08871223565
0.09317020926
0.08577557756
0.1055844819
0.08645234249
0.09915747902
0.09704081633
0.09366008335
0.0942462752
0.1127708638
0.1087287671
0.1283203884
0.1613821138
0.1491494253
0.1692205323
0.1219716002
0.1061564283
0.1632043204
0.1147277405
0.07600146735
0.1054834731
0.09497585294
0.06535252861
0.09276195075
0.09971496437
0.09076294278
0.08240238507
0.1036614646
0.1998529412
0.1308083832
0.1439845758
0.1875105485
0.1872058824
0.2377443609
0.2522058824
0.4126190476
0.3337837838
0.218
0.3087068966
0.2413550136
0.2120472441
0.1757677903
0.1347969543
0.1629042904
0.160676259
0.1097234043
0.1216564417
0.1315899582
0.1933457249
0.1795
0.1831606218
0.1528888889
0.145144357
0.1560188088
0.1819650655
0.214
0.8392307692
0.3325
0.391
0.5743902439
0.3267955801
0.1860655738
0.2039351852
0.2419014085
0.1336960276
0.1599063232
0.1475272727
0.1242675159
0.1009944969
0.08873540856
0.1087712418
0.1021548764
0.1103027245
0.09474760249
0.09581145585
0.1041090336
0.1101246883
0.1139547549
0.1316293706
0.1561776062
0.1861411765
0.2105678233
0.1830820399
0.1842619048
0.09743065693
0.1246666667
0.1103529634
0.09912662775
0.09746691481
0.1031433998
0.1117103681
0.09008731241
0.08690498155
0.09621153349
0.1047484808
0.1198179222
0.1003449786
0.1024392998
0.100038271
0.1267461538
0.1198181818
0.1430323847
0.1639426523
0.1772727273
0.1734732824
0.115397351
0.1011525278
0.1235518906
0.09589403974
0.09461411765
0.1104441797
0.08602117695
0.09647032374
0.07789157757
0.09390576565
0.08581641659
0.1032144847
0.1054492906
0.109692862
0.1052339129
0.1019704724
0.1166053282
0.11328844
0.1354338462
0.1483754116
0.1841295547
0.184005305
0.1826346154
0.176092437
0.07240279163
0.1262723136
0.1425762403
0.08312784893
0.1299881587
0.09466076696
0.113798294
0.09142741281
0.1020776256
0.09320541761
0.09023939631
0.1099842602
0.1034176155
0.0948370349
0.09294105196
0.09650313748
0.09880444856
0.1371459886
0.1384875558
0.1428631579
0.1829124236
0.2092462312
0.08963090129
0.1600988875
0.1698309609
0.1110958904
0.1032647975
0.1064213402
0.1110759919
0.09332954761
0.09015647569
0.09138718342
0.08257886435
0.08336748738
0.1150316919
0.1125559482
0.09707841356
0.08948490764
0.09546659304
0.0930890538
0.1344858231
0.119522673
0.1565542677
0.1628597786
0.1567808219
0.15992
0.09417931034
0.1488305489
0.07021078735
0.12625
0.1057121689
0.1037505644
0.1223620259
0.1378766713
0.1178595262
0.1204649794
0.1137497192
0.1073518303
0.109541387
0.1057720588
0.108844212
0.1121626492
0.1179662732
0.1277876106
0.1552217742
0.1564469453
0.1716818182
0.1757771536
0.1453767821
0.1021663136
0.1089635535
0.1209713076
0.8380405405
0.1388708609
0.1136845256
0.1141378122
0.09867176947
0.1065135007
0.1054832165
0.1248056191
0.1123334766
0.1085339056
0.1092173524
0.1094040844
0.1103934357
0.1365293244
0.1239413681
0.1571576525
0.1952866242
0.2435087719
0.2618320611
0.1847234043
0.1124875267
0.1549673203
0.1399559956
0.1199735543
0.1157802341
0.09298562092
0.1164034815
0.1130993256
0.1104483074
0.08533682635
0.1102599653
0.1176628352
0.118014602
0.1181393568
0.1071485169
0.1084391892
0.1140597205
0.1327770898
0.1189614995
0.1154861822
0.1794055944
0.2143251534
0.2050194553
0.2131193838
0.1194430486
0.1236672009
0.123833453
0.1003094124
0.1138387379
0.1069431818
0.1141952213
0.1135276968
0.1107975249
0.09594626168
0.1122549801
0.1079245283
0.1066506136
0.104035981
0.1009245208
0.1043980273
0.1308670182
0.1318272727
0.1470666667
0.1735329341
0.1523043478
0.1631013917
0.1656077117
0.151373896
0.1114654283
0.1533565737
0.112089475
0.132385439
0.104119975
0.110782159
0.1351079338
0.1320282686
0.1014226519
0.1163659794
0.1115083238
0.108039435
0.1069792155
0.1070414658
0.1345488959
0.1074326887
0.1559982095
0.2226136364
0.1941825902
0.1759150805
0.2045609436
0.1581826125
0.1946754883
0.1340390018
0.1222472201
0.1261953125
0.1202842662
0.1111927687
0.1290540338
0.07870333428
0.1270591508
0.121846349
0.1103787305
0.1147168751
0.1064521498
0.1097072219
0.1167186485
0.1095627645
0.1354429264
0.1467159278
0.2089195402
0.2324193548
0.3215850144
0.2544370861
0.26245
0.1626645367
0.1530173293
0.2168910256
0.1357268722
0.1262699639
0.1126198083
0.1206596667
0.09656597222
0.1199192033
0.107341313
0.1258641278
0.1162979351
0.1177072653
0.1266137474
0.1315396971
0.1365127498
0.139055912
0.1583591065
0.2228647215
0.1958519553
0.1732329636
0.1774776786
0.1459598494
0.1336707153
0.1523326226
0.1681089434
0.161268902
0.1298404727
0.1491346633
0.1318139452
0.1367672584
0.1213567018
0.1039452896
0.11282006
0.1208558559
0.1163402959
0.1229530201
0.1228907243
0.1464269142
0.1483799172
0.1577191413
0.2014037123
0.1431891892
0.1488830898
0.1979281768
0.1260042508
0.1666740823
0.1728542714
0.08195381883
0.1451324503
0.115743597
0.1204670578
0.1273070901
0.1071518081
0.1202427278
0.107143138
0.1285459886
0.1206972477
0.1162280702
0.132985469
0.1161746337
0.1292648467
0.1554723926
0.1291016548
0.2294128788
0.1937045455
0.2454862385
0.2430223124
0.1437375746
0.1461701057
0.1830959164
0.1281741418
0.08123014407
0.1192284592
0.1236697044
0.09815528531
0.1135245545
0.1175205667
0.1040758397
0.07914216145
0.08083986562
0.1281812545
0.1095845099
0.1202476108
0.1321207087
0.1054307084
0.1006674807
0.1067168028
0.09412209065
0.1189240722
0.1174753239
0.1409564127
0.1182276908
0.1314249305
0.1351217989
0.1445711548
0.1751868733
0.1983391608
0.2358923513
0.1993307087
0.2527575758
0.1313128492
0.1580327343
0.1382983683
0.1297693762
0.1801046208
0.1216136163
0.1776058394
0.1160523163
0.1180551888
0.1200865604
0.1062556054
0.1079840464
0.1217845862
0.1163022508
0.1291919771
0.1170424312
0.1225353694
0.1316076203
0.1509774849
0.1835338346
0.1967142857
0.2365243902
0.1636142322
0.2898898072
0.2050258532
0.1334190532
0.1452722839
0.1253255146
0.1965528726
0.1325179353
0.1143129596
0.1043563358
0.1322022161
0.1484939302
0.1527429492
0.1346586287
0.1372825407
0.1306861002
0.1364507704
0.137028489
0.1614768683
0.2026683609
0.2772413793
0.2396832579
0.2354325956
0.1336994661
0.2166729679
0.1446558704
0.2138815789
0.1358613356
0.1459447983
0.1377787061
0.1062947144
0.1214493997
0.1029172367
0.1574326702
0.07483703095
0.1219753679
0.1107675145
0.1135280227
0.1187666855
0.1196131023
0.1492213439
0.1539713217
0.1765294118
0.2093584071
0.2740361446
0.158695392
0.1576537691
0.1331888902
0.1166628615
0.1337834846
0.123608943
0.1013348083
0.09607971656
0.1099861794
0.1130994721
0.1223331479
0.1018739478
0.1161020212
0.1900080386
0.1301678736
0.1740632054
0.112245098
0.2842941176
0.216419295
0.2346272494
0.1346574074
0.1881058911
0.1205750658
0.2154775604
0.1276206831
0.07172717272
0.3050205086
0.1385714286
0.1551157025
0.1061403509
0.1388038732
0.2448705349
0.1390682415
0.1729811912
0.1256921167
0.1192356186
0.1340936718
0.1468677194
0.1641853147
0.2157160963
0.1665712383
0.3091814947
0.2968006993
0.3372557173
0.3061627907
0.1519909502
0.1906219239
0.1285908736
0.1341710554
0.1112549407
0.1256795273
0.07794590025
0.169895556
0.1623531119
0.1283333333
0.05669849091
0.1287928492
0.1407788367
0.1126446015
0.1073853012
0.1209075342
0.1193616527
0.1377606673
0.1696594595
0.2117809524
0.2458762887
0.3575789474
0.2746958175
0.2122786647
0.2253098827
0.111788209
0.1150913838
0.1104756996
0.09685609244
0.09492099323
0.1065047913
0.09808342421
0.06774862721
0.09216073147
0.1070475095
0.1380493658
0.1010637595
0.1087250533
0.1303377193
0.1241654745
0.1456840869
0.1891469194
0.2629977629
0.2820879121
0.3408219178
0.1655542658
0.1245087483
0.1228354143
0.09384875541
0.101437993
0.1028381234
0.0827375731
0.08365105008
0.09136433459
0.09200446481
0.1080258849
0.1118503401
0.1070340395
0.1347203579
0.1208355599
0.1586506936
0.2272163588
0.2507823961
0.2909868421
0.126701209
0.2073491379
0.1554793028
0.180466954
0.1349381762
0.1743365501
0.1545266594
0.1167908788
0.1423577473
0.1521304927
0.1106742795
0.09285475483
0.08540292213
0.1293913779
0.1146905629
0.1174962618
0.1176147177
0.1433438486
0.1520604752
0.1955792164
0.2001164725
0.2833009709
0.2921292776
0.3431983806
0.1532174556
0.1515828678
0.1881062425