0.4054225345
0.4339612782
0.3892675016
0.3680985022
0.3652344268
0.3428794869
0.320650021
0.3289991718
0.3309188207
0.3969686838
0.4434716121
0.6624120743
0.7074603314
0.5971615576
0.6001271752
0.5348122465
0.4691750574
0.5054565172
0.4535763584
0.579827164
0.9290185986
0.481969218
1.594569118
3.020867655
2.824849015
1.016604596
0.5504206237
0.6898616684
0.6433945622
0.6033304018
0.6009973711
0.6449078569
0.6198962825
0.7114108355
0.8230326837
0.982650118
1.821988459
1.453911786
1.337076222
1.087117178
0.9117029996
0.8032121932
1.119251824
0.7477770309
0.7999892559
0.7659876481
0.705948517
1.453886107
1.38902113
0.9258341777
0.8314153206
0.4830192612
0.6935002808
0.6801366156
0.6965068781
0.7420176064
0.7132390998
0.7574536144
0.9630043773
1.682221125
2.075160287
1.94973025
1.389087737
1.117060772
1.00365467
0.9593272696
0.8350839244
0.8146240093
0.8277164197
0.8828780706
0.9976235178
1.746383396
1.432573082
0.9437048985
0.5586436289
0.715673182
0.7325965041
0.6408479955
0.6233998501
0.6741318514
0.7810357134
0.6845181222
0.8991082277
1.637332472
1.745571456
1.976594414
1.588469067
1.04741588
0.6787725849
0.6026111296
0.5708301609
0.5500380763
0.59489693
0.5821885805
0.6758707163
1.058148921
1.093020182
0.6191853287
0.5462166794
0.4393062355
0.464924822
0.4575520017
0.4261367051
0.4631268954
0.470788232
0.4380597384
0.750424973
0.7872706104
1.077559462
0.9985223732
0.9527442705
0.7078292984
0.6126519234
0.5826977808
0.6508349498
0.6168279825
0.5885507281
0.5258277393
0.5804927053
0.8502367887
0.9896990697
0.5420597464
0.4176626767
0.4277494184
0.4292197095
0.4070841053
0.419973475
0.4199872135
0.4195719049
0.5420991083
0.5230287627
0.860811277
1.038346967
1.027564697
0.7269657501
0.6976920294
0.613128456
0.5893324408
0.7050972647
0.6840188984
0.4537245829
0.6893193293
0.569345581
0.5936389741
0.4952230048
0.5330242517
0.5137685205
0.4846099436
0.3728650597
0.5800249147
0.448067684
0.6133647294
0.6184675597
0.838079048
1.256558086
1.147526641
1.015836446
0.913571538
0.6183043602
0.7636463698
0.7646054701
1.217988001
1.014950472
1.031073446
0.8765985307
0.5529340856
0.4955038719
0.8478401032
0.6432408843
0.7066026973
0.6813498237
0.5906461813
1.24385033
2.592580169
1.354243964
0.7008563428
0.970253925
1.180647433
1.046669545
1.095880276
0.9898670328
0.7227302417
0.6728103927
0.7306944126
1.106596585
0.9511266811
0.8661270036
0.8220219863
1.031459221
1.165446122
1.055810452
0.9337699798
0.8523218694
0.5623762376
0.6902650272
0.6615772657
0.6837087917
0.585272294
0.7258237694
1.065481908
0.812296171
1.150122161
1.910790228
1.898237602
1.606669728
1.36903179
1.235391369
1.300049686
1.029690406
0.9325364503
0.931886464
0.8635240141
0.9917451821
0.862854251
0.7479984485
0.8501835032
0.6545266959
0.7286794247
0.6900218628
0.6982131225
0.6382808298
0.6717470631
0.6413601862
0.5885598676
0.97926991
2.039724288
1.434196136
1.509938332
1.391766411
1.107355354
0.9977297168
0.8385163642
0.5915218656
0.5232107492
0.5074137919
0.5388206819
0.5371263665
0.5750140476
0.4348928341
0.5684732587
0.5763612776
0.5616657997
0.5066767714
0.5329920597
0.5336466516
0.5433445922
0.6339368934
0.6734028683
0.6700852004
0.702719813
0.9955586826
1.169265367
1.014099281
0.996637659
0.6792253814
0.7581402542
0.7639812107
0.7086678559
0.7145100234
0.76234554
0.7031059065
0.7078265495
0.5767051997
0.6794744481
0.557389601
0.5313820436
0.5296542006
0.5197671352
0.5126624312
0.5555915341
0.6561150127
0.7879828615
0.6925872496
0.9352831092
1.079051216
1.265473892
0.7581227437
0.8612631396
0.8189698421
0.7818637188
0.7540979532
0.7349341255
0.6905409799
0.729830699
0.7500144626
0.7886135979
0.5993714996
0.6181320107
0.4926321363
0.4339849493
0.4019246244
0.3910603824
0.3941082668
0.4148708898
0.4592319678
0.5545943294
0.586447434
0.7743601212
1.091742003
1.0221711
0.9274027842
0.7583859162
0.6283702758
0.6208752937
0.5995213867
0.5716846471
0.5539379475
0.58330004
0.5479498706
0.584078029
0.4707304366
0.6136847567
0.5000752604
0.4658453079
0.4102423632
0.3875877914
0.4242901118
0.4197109426
0.4906606295
0.579498461
0.6293266726
0.6780685625
0.9275338687
0.999694138
0.6662682149
0.6975560912
0.6412037929
0.6334273186
0.5820366674
0.5631138186
0.5269801625
0.528277918
0.4752205741
0.4477094417
0.5731510335
0.66052051
0.6536589413
0.5400546961
0.5157729705
0.4292739979
0.4075900182
0.421466054
0.5300380454
0.5793033821
0.770295651
0.8085511836
0.8417661683
1.143978517
0.6931109482
0.7651837234
0.6794173215
0.5999420004
0.5770882637
0.6122927625
0.5549154569
0.5580646064
0.5518611849
0.6140760802
0.6141050106
0.5479972591
0.5224712509
0.4480376855
0.4226349775
0.4493832873
0.4868519124
0.5535503474
0.7518570843
0.7526670914
0.9291415471
1.208476615
0.7796517642
0.8423504174
0.6608122791
0.6043691434
0.5453390879
0.5535339605
0.5487743254
0.5383580829
0.5364417862
0.5345929775
0.512258339
0.5662217569
0.5225234087
0.4711402623
0.4277492274
0.3890422226
0.3831517277
0.4316560059
0.4507898
0.5792293686
0.6195568401
0.7233781745
1.015024104
0.8462683827
0.8393280879
0.7253566438
0.7241219521
0.6510060837
0.6026836559
0.586257085
0.5629535137
0.5150271435
0.5156842006
0.5209765917
0.4439806099
0.6166886531
0.543115927
0.4534725351
0.4215687801
0.3540353101
0.3384547387
0.4109037483
0.447593729
0.5591349984
0.7196218109
0.7671966816
0.9422945205
1.003238321
0.8629425243
0.73383731
0.6251426794
0.5093702353
0.5393059647
0.5064454322
0.4881410286
0.4368141572
0.4763514028
0.4579193933
0.4295801077
0.5644981676
0.5095445627
0.4632039688
0.4070720308
0.3588628011
0.3736972366
0.4392050075
0.4153186625
0.5426768399
0.5758366396
0.6937502097
0.958649679
0.9788382362
0.8473556153
0.6622809399
0.5833181131
0.5337668524
0.534896915
0.4944452153
0.4727295807
0.4806730623
0.4230975348
0.4863076549
0.4220664139
0.5199973369
0.5034623955
0.4432513785
0.384122852
0.3624617236
0.3626961765
0.3823572255
0.4090546771
0.5296255865
0.575244383
0.5888
0.8477744077
0.7913406364
0.8964657064
0.6652309696
0.5937585647
0.5693876563
0.6343040107
0.4864310177
0.422591891
0.4869133112
0.4673567642
0.4343630287
0.386714049
0.3695045873
0.3975954549
0.4103526327
0.4233931772
0.4911407746
0.4686212175
0.5805541137
0.8338532261
0.8961722847
0.7677207889
0.5620898933
0.605598264
0.4741547287
0.5277549904
0.5706435591
0.4871132749
0.4464426948
0.4936295951
0.4165094325
0.4714256111
0.4294407145
0.4322653315
0.4542282923
0.3940179397
0.5244893504
0.6344329819
1.041931185
0.9002620741
0.8019253273
0.6644885631
0.7469389164
0.5843061061
0.5510520964
0.5395890283
0.4588782281
0.5083919765
0.4551664958
0.3545920542
0.8476476042
0.623232871
0.4549255001
0.3882402832
0.3622048378
0.3866318128
0.4327204625
0.4638258887
0.5587072312
0.5370091589
0.6685456983
1.000816993
0.8752364679
0.940858278
0.5284117016
0.6546867814
0.5816661573
0.5143037317
0.4619289802
0.4227719969
0.4117782951
0.4229084187
0.3739793743
0.3922880882
0.6249791737
0.4672644984
0.4913419913
0.380918382
0.3358167713
0.395756969
0.3890684996
0.4019189363
0.5600980319
0.6322783807
0.754956702
0.956091142
0.99311016
0.8973254468
0.6778498232
0.6128050522
0.5543497585
0.4559144468
0.4643863314
0.4014647117
0.3599885883
0.4033158498
0.3963942533
0.3458292943
0.4587961011
0.4787738058
0.3988606974
0.4484008832
0.3234504237
0.365505483
0.3941082356
0.4419979407
0.5249003557
0.6918276257
0.7964756867
0.843537415
0.8611745394
0.8672641597
0.5411476698
0.6204468594
0.5257481386
0.4848526162
0.4842256457
0.3966386244
0.422340744
0.3478624232
0.3556512533
0.4728196373
0.4246509041
0.369590666
0.3419754232
0.3850719039
0.449638417
0.4850241077
0.5038804857
0.649875468
0.9004448039
0.9218120666
0.7992674349
0.5669058795
0.5924114941
0.4761072702
0.4918875763
0.4750715403
0.4472841496
0.4789953121
0.4431690675
0.3623735516
0.3533713519
0.5002982358
0.4537353041
0.4449107887
0.388427935
0.3363721013
0.3568576005
0.5011706692
0.4192106403
0.6062021905
0.6126852879
0.8492343934
1.193781438
0.6937288577
0.8305944745
0.642496763
0.5494610192
0.4717062055
0.5235581032
0.4601533443
0.4849559078
0.5157697964
0.4482841081
0.4306485771
0.4284647309
0.5038346349
0.4890839028
0.4304249202
0.4214597206
0.3818236172
0.4142162872
0.4294088447
0.5361575005
0.7230532669
0.7962665889
1.034983909
1.100716776
0.980824922
1.002104661
0.7349116823
0.7564128979
0.5981710161
0.6739760286
0.6497540209
0.5926314269
0.6599149142
0.6265813796
0.5789151266
0.6086870445
0.6707999434
0.6400605855
0.6596535083
0.4752678445
0.5129495165
0.5244158584
0.5740657999
0.5687319774
0.6444726796
0.5598718843
0.9699538507
1.071408267
1.030969933
0.9370151448
0.8191200858
0.6836891907
0.5351123987
0.5763779928
0.5535297139
0.5237311343
0.5168883653
0.4392943071
0.6483902497
0.5818803066
0.5291182579
0.4855361492
0.5000154874
0.5146000805
0.5336212811
0.6820044032
0.6308153156
0.8514733997
1.026613928
1.299377843
0.9016793255
0.8327240976
0.6779294875
0.6353445127
0.5417280695
0.5573646181
0.6118438121
0.5232882828
0.5183643128
0.4987282258
0.5765559374
0.5542905653
0.476010861
0.449696671
0.5517432103
0.7560951038
0.7343961388
0.8464585558
1.177557355
0.7804633242
1.009419091
0.8196947701
0.7642232823
0.6630922005
0.6535643935
0.5776741848
0.5448836327
0.5317513303
0.5746851459
0.6356876972
0.5885302619
0.466300751
0.426776143
0.4319052677
0.4867885082
0.5209160217
0.6311129232
0.7879056642
1.151011551
1.404712503
0.9191720059
0.9302896801
0.911233169
0.5621519515
0.645033039
0.6486857524
0.5416551566
0.6290477989
0.7004873827
0.5337912254
0.4404447223
0.7196839305
0.7109979405
0.5949793613
0.4490554787
0.4777550072
0.5036979838
0.6001020913
0.5615529326
0.7941987796
0.7856679336
1.139820414
1.191034167
1.178520758
0.7500446893
0.8178743889
0.7227432005
0.5842439114
0.626907189
0.583636954
0.6381055019
0.5539433542
0.6983025663
0.5859524618
0.6808075424
0.6338556014
0.8206243173
0.557292109
0.4147042216
0.5251807104
0.5486827413
0.5563890973
0.6718524127
0.815993714
0.8939701227
1.086642818
1.122986963
0.9500539981
0.715950661
0.7958257408
0.647634509
0.5556977693
1.42072296
0.5922651605
0.5682437866
0.6047677391
0.5550488147
0.68640955
0.664502044
0.751783059
0.5367079165
0.584625706
0.5435336564
0.5417785475
0.6114216447
0.7269644685
0.8029527239
1.042097363
1.057944783
1.147590819
0.9959478109
0.8379241462
0.6398494422
0.6760647328
0.5439115422
0.5772923454
0.543720794
0.5744282356
0.5366949382
0.7212423723
0.7191804861
0.6649863579
0.6751078298
0.5684179084
0.5607452613
0.5897841425
0.6751661064
0.7139293399
0.720525248
0.973101694
1.041099001
1.100765281
0.8582811433
0.7182587342
0.652482727
0.6031268732
0.6159805061
0.5186172717
0.6120841861
0.6041011793
0.5194098209
0.6351880738
0.6860815293
0.609118719
0.5826222711
0.5984224753
0.5611579631
0.5933552896
0.6230502358
0.6873738506
0.6651676586
0.8498330247
0.9467727573
1.052143506
1.496785143
0.867744079
0.8196326969
0.7400442113
0.7052761788
0.6484435551
0.5560960423
0.6247816617
0.6053925601
0.5683488854
0.5487491633
0.6064346218
0.6463782336
0.5803016989
0.5658362505
0.5691893563
0.5387109691
0.5137684559
0.5591716138
0.5751957296
0.6529472458
0.7450388876
0.8575795547
0.8755531185
0.8549414137
0.7907676787
0.7127416984
0.6156997819
0.5952008498
0.63471946
0.5475507923
0.5908090942
0.5706799427
0.5415342153
0.536134186
0.5869472812
0.5990600217
0.5781574135
0.5018177583
0.5182010676
0.5115056735
0.5970755867
0.5987286669
0.7836467789
0.7886227221
0.8631182448
1.273015191
0.8840402579
0.8025700742
0.7238154549
0.6615866123
0.6176422906
0.6298989574
0.6016850262
0.6452565822
0.5901859645
0.6202643225
0.5591843591
0.5901614805
0.5914626231
0.6423690106
0.5200492638
0.5024270121
0.5044669193
0.5062367269
0.5470447028
0.6241648773
0.8214735919
0.9622198235
1.132545431
0.9460459592
0.983489745
0.8209456239
0.7309038567
0.6252060716
0.7311705796
0.6764009744
0.6604929547
0.5545902379
0.7157489688
0.5524493428
0.6088185638
0.5653524524
0.5456124907
0.5216511799
0.5770664369
0.6493192014
0.7615804364
0.9589094036
0.8790255931
1.028815146
1.127946383
0.8063952673
0.9985461274
0.7975864255
0.6538926465
0.6684894075
0.7047740596
0.6181607413
0.7035226793
0.6455655811
0.6413687668
0.7052829133
0.6128916633
0.5956172389
0.3975052429
0.4334602526
0.4526380118
0.554466658
0.7624237456
0.7433896836
1.239805409
1.247852885
1.56976505
1.304458692
0.913389057
0.7972290886
0.5886706304
0.6216931217
0.5618220517
0.5869367546
0.5104576004
0.4119064434
0.4811406629
0.7272498462
0.6927401742
0.6066690693
0.481597592
0.4522148716
0.5034239301
0.5920800239
0.6704400677
0.7813227343
1.12155162
1.144613583
2.34585118
1.78017877
1.163446261
0.8036659085
0.8353192938
0.6160813059
0.5511874586
0.4966275355
0.4716661832
0.6462526002
0.6105241459
0.7404577727
0.6764831291
0.6999543225
0.5818785722
0.5745171298
0.5881035461
0.6828255895
0.702503351
0.8116650712
0.9591596386
1.138912483
1.319952541
1.149135747
1.173980977
0.9105586051
0.7860686748
0.8096019497
0.7554178401
0.7491925537
0.6655636241
0.7215586587
0.6851926216
0.5570774501
0.6360813083
0.6671311094
0.7350760571
0.580668385
0.5792816295
0.6024514542
0.6443829145
0.7142766061
0.8489335182
0.9665592477
1.050508874
1.042514881
0.9328782708
0.82672092
0.7769045734
0.7162019927
0.7116059136
0.7085304901
0.6637369751
0.6224000186
0.6076116811
0.6110722812
0.5636047984
0.6869221424
0.6758970363
0.6673138449
0.6282262
0.5959124417
0.6344168449
0.6858983361
0.8261013183
0.8925293504
1.120818187
1.125478616
1.121754742
1.051289341
0.9666813093
0.9905111253
0.8797492529
0.7144789399
0.8772385466
0.7257440194
0.7617000554
0.7147329262
0.6768048634
0.7114160212
0.6077435206
0.7360280887
0.6648803321
0.6192370277
0.5507420154
0.5555500823
0.6166794406
0.693236715
0.8104888105
0.9326296693
1.105517123
1.244322257
1.07751682
0.9933658013
1.036364229
0.9270392399
0.8214364482
0.7626173993
0.7140610629
0.7356612014
0.666658953
0.6217699774
0.5484467398
0.5449781415
0.7586393175
0.7323818985
0.5706470477
0.5340283074
0.5427655331
0.5675150645
0.6835163701
0.7180082726
0.9362160663
0.9776709567
0.9538692337
0.9584128415
0.9822623106
0.9441703988
0.7122148782
0.7792453177
0.7704768873
0.7727855811
0.7925691858
0.8922321947
0.9285901125
0.8090011107
0.773142351
0.683645009
0.6663564987
0.6026634919
0.6155862167
0.6801069834
0.7154384738
0.7783658495
0.9407380254
1.064311495
1.033223455
1.069205315
0.9024818884
0.9480487565
0.940754216
0.9342228099
5.497540003
0.8633260873
0.7032987381
0.7136233264
0.6546950433
0.6741320381
0.6627030935
0.794094232
0.6829844382
0.6680961147
0.6444448158
0.6318213368
0.6640797048
0.6918091125
0.731047521
0.9161836527
1.126157011
1.378926663
1.480586191
1.115766206
1.101302834
0.9179782024
0.8686716261
0.8045271723
0.7455930997
0.6936288802
0.7132802664
0.6945231448
0.6764187311
0.7052106787
0.6936645594
0.7417375297
0.7408672356
0.7551556294
0.6636110831
0.6453701358
0.6496197615
0.7087225741
0.692568813
0.739975603
1.074284996
1.297830448
1.181761091
1.291873847
0.9372083854
0.9191119546
0.7555831021
0.7452704621
0.7105540998
0.6583282617
0.7248031167
0.7053542802
0.6898064621
0.6068958383
0.6513376896
0.6293448778
0.6237291647
0.5773989448
0.5728868542
0.5940587522
0.5829075708
0.7342166954
0.8064549822
0.9690687176
0.8496137568
0.8905775076
0.9723698716
0.8304082863
0.7908745433
0.8680332397
0.7532680136
0.7534109687
0.723666686
0.641627543
0.7937132731
0.7789348747
0.7109996526
0.7032016572
0.6693060232
0.623246944
0.5984277024
0.6186257616
0.6739073417
0.7764813581
0.904231857
1.293837924
1.135514309
1.025135661
1.18905412
1.271272431
1.159117427
1.058455363
0.9266344936
0.7769189701
0.9280101463
0.83815838
0.819862464
0.6997030626
0.8423833537
0.7924687948
0.7133590959
0.7041359492
0.641155336
0.6345687956
0.6458738335
0.6590434368
0.8129061952
0.8811115713
1.249183866
1.365014209
1.952410113
1.546979123
1.565166182
1.224465255
1.15620872
1.337748344
1.03148189
0.9350499718
0.7111968956
0.7675709583
0.7359549075
0.7734519388
0.6926283319
0.8244168951
0.7307076048
0.7150880825
0.7448754213
0.7374887431
0.7171835484
0.8336241026
0.9533735033
1.311153072
1.168437279
1.037401892
1.073538248
1.184265446
0.8199571189
1.086795805
1.217342409
1.004562283
1.034776651
0.9486862623
0.9936655326
0.9039604735
0.7883131592
0.7985565588
0.7341661314
0.7426386158
0.6758743896
0.7058179899
0.7272323963
0.7533569122
0.8753549727
0.9253350686
1.194205411
0.8513305052
1.311305099
1.188127021
1.101839031
1.053790135
1.072176645
0.7897349293
0.8901661318
0.9205083075
0.9509298063
0.8221024064
0.8265404336
0.7919277118
0.7028072049
0.8645238877
0.8098519036
0.7586904308
0.8067783163
0.6880497705
0.8196898052
0.8214426948
1.061526141
1.443174913
1.227045976
1.580937526
1.518581424
1.062844542
1.298282159
1.17357032
0.938417522
0.7197590874
0.7932536401
0.8210435291
0.7772870513
0.7610119052
0.7944565541
0.7151077701
0.6701006404
0.5476157966
0.8492840904
0.8524766099
0.8053052806
0.8897282826
0.7786135084
0.685767836
0.7269815759
0.6459753526
0.7775341429
0.7231131144
0.8319052149
0.6742302516
0.7141508199
0.7958238835
0.8533239814
1.036385109
1.169720278
1.370158291
1.194794162
1.508727503
1.254804612
1.183512588
0.8381837703
1.058438615
1.115460834
0.8786081013
1.099368807
0.8708531871
0.8435966284
0.7770404719
0.6885579368
0.6978368043
0.7712171217
0.6946606268
0.7863230573
0.6546601907
0.7230600021
0.7746742107
0.884858628
1.084937108
1.147049373
1.406453952
0.9679813871
1.753745646
1.222627175
1.247779436
1.044285739
0.9249262511
1.203896369
0.9364489772
0.8697681737
0.8205392627
0.855369516
0.961147002
0.9583162706
0.8147872741
0.7715933771
0.7662996577
0.7242294657
0.7928621954
0.9426220994
1.141421804
1.503857844
1.329868695
1.355113669
1.306908841
1.361298828
1.261181762
1.293250909
1.131628268
0.8781802735
1.007240762
0.8297784993
0.7917704922
0.7764122186
1.019673465
0.6725247677
0.805459792
0.6977607081
0.6711982219
0.6866126191
0.7301386297
0.773151751
0.9208186214
1.059749982
1.257207387
1.691078067
1.388725963
1.184743259
1.007556148
0.8899254598
0.8793578636
0.8135608569
0.6683349505
0.6347005192
0.7102299772
0.697412833
0.7252192176
0.6087119983
0.6369741221
0.8411294771
0.7712094796
1.026272359
1.38391616
1.701820487
1.309114987
1.449167209
1.109949322
1.201047494
1.004615812
1.249749716
0.9305373343
0.6966742353
1.906955037
1.142467092
1.112778589
0.6949907226
1.124368285
1.632231665
1.126214211
1.22375614
0.8363087433
0.7645085338
0.8248461083
0.8588989562
1.063024925
1.405386213
1.744590646
2.0348987
1.935406644
2.274250305
2.140334023
1.774260285
1.259411443
1.028976799
0.9246150764
0.9097329058
0.8692161237
0.5412957403
1.177756641
1.137352229
0.8906670311
0.6104900833
0.9098034008
0.9979662817
0.7600972265
0.6956173284
0.7560146042
0.7900846459
0.9173488746
1.137193664
1.420186744
1.629747736
2.399519672
1.905798248
1.410945293
1.514206592
0.9076801964
0.9496407011
0.8534795451
0.734071967
0.6648326456
0.7511755912
0.6999321021
0.5120070825
0.7685259252
0.7209691902
0.8346408385
0.6277368069
0.6512031121
0.830826437
0.7087975282
0.9148095161
1.191636746
1.648553519
1.751182463
2.237661608
1.663284703
0.8329206695
0.9338935763
0.6895060857
0.7689035268
0.6989048867
0.6813181521
0.5704234662
0.6304522324
0.6142247888
0.6558682299
0.6934363521
0.6113129259
0.807827692
0.6537084829
0.937306761
1.341083581
1.472268473
1.726385636
1.319685549
1.262905036
1.201761427
1.106252367
1.459400727
1.098485568
0.9533943821
0.8788637843
1.120679952
0.9918378473
0.8316659334
0.6004725179
0.5558763639
0.8238051542
0.6786064013
0.6875140962
0.6574965482
0.7533731021
0.8787691939
1.14312883
1.158056906
1.634367649
1.749755175
2.014400456
1.493963565
0.9084720037
1.346444683