0.6182263512
0.5066277141
0.3995506787
0.4826806034
0.3060383352
0.3321038582
0.3804516676
0.3971877944
0.4171828283
0.4197148012
0.4175527465
0.5395099377
0.7018125841
0.6802265612
0.6361112898
0.5593943603
0.5584537138
0.7301367114
0.5707167188
0.4701962082
0.5212578405
0.5341228343
0.5569156933
0.3865734321
0.5425202463
0.5852207085
0.4781232935
0.4563110003
0.436003246
0.4338679258
0.4179042734
0.4333379741
0.4224411015
0.4025747303
0.4229518163
0.5020667245
0.6604333486
0.760597006
0.6825839634
0.6817390082
0.5267541711
0.5729070752
0.5639361258
0.5481776077
0.6051035092
0.5898909635
0.5538815834
0.3513285846
0.587549732
0.6677286001
0.5016398259
0.5591520524
0.5789147975
0.5897949925
0.5936486342
0.5890182668
0.5979036621
0.5645736027
0.5292525713
0.6343165973
0.9306516346
0.9339742249
0.8369443304
0.6558562224
0.5381398882
0.6624949616
0.634433559
0.664365461
0.6101492092
0.5636068023
0.5527205185
0.4116599203
0.6018517843
0.6567243264
0.6414379753
0.6466363381
0.5376267734
0.4687541354
0.4895202757
0.50174415
0.5085131412
0.5084908506
0.5053448835
0.6391286881
0.7508487006
0.8852979046
0.7698326088
0.5838432598
0.6641148374
0.6122841345
0.5961362917
0.6031888179
0.510614534
0.450254214
0.4656604033
0.3399417541
0.4684004583
0.4898419551
0.4302021186
0.4460565525
0.422698423
0.3899930231
1.133695229
0.4113832312
0.4081062752
0.4663763487
0.485293188
0.6381432082
0.7619887673
0.7955193568
0.6698482999
0.5299037223
0.5637333116
0.5906451581
0.4776054539
0.4399712307
0.4316934597
0.3970230475
0.3861915846
0.344294863
0.408990957
0.4683516213
0.3933137649
0.3948827491
0.3794776809
0.3480719136
0.3811478294
0.4045832066
0.4101021838
0.4706527428
0.4924535284
0.6191504849
0.713459215
0.7810965295
0.658868414
0.5212568649
0.7030739554
0.6449946165
0.6431119864
0.6105122085
0.5876940771
0.574516189
0.6341194922
0.4671283335
0.6649682461
0.7783318173
0.6302531743
0.6849396013
0.6152293888
0.6098631872
0.5823321107
0.619335521
0.5841593211
0.5778185504
0.5380175323
0.6183166304
0.7289028681
0.7285688959
0.6374862939
0.5226195117
0.684366191
0.5711625586
0.5212404739
0.4640585933
0.4856060347
0.4966896575
0.416092621
0.3738978773
0.477797039
0.4706109107
0.4547919701
0.4613626833
0.4373153114
0.4338888684
0.422101189
0.4525929877
0.4894827599
0.4665297543
0.483679959
0.5760370098
0.7029271358
0.7645664569
0.6442346791
0.5391856049
0.6716546666
0.6768514714
0.6336105997
0.5976466875
0.6235713514
0.6281504306
0.6078780738
0.4202423405
0.5333150006
0.5547405991
0.6683486261
0.5183497455
0.4186495149
0.5475887208
0.3878668804
0.264376504
0.3375709455
0.3215870929
0.3270522907
0.4761509316
0.6007269426
0.6625664401
0.6423564151
0.5440521298
0.3864632712
0.3329304214
0.4277425157
0.5099727817
0.3557846202
0.4721302787
0.5442985848
0.3026859641
0.5750180932
0.7504164393
0.5366320544
0.5190230027
0.5328380135
0.4836599462
0.4764422152
0.430171876
0.3704680599
0.3277474394
0.3457992905
0.4582935743
0.5970308348
0.7177080672
0.6288235089
0.5883839055
0.4313695433
0.3454672719
0.3744792595
0.4676179253
0.4235297671
0.5409934574
0.4576278164
0.2971200179
2.586366867
0.9898927457
0.5633282422
0.4767277906
0.4130363674
0.3383457672
0.313968099
0.2360603674
0.2321834095
0.2514904491
0.4556702859
0.6640085679
0.6154222367
0.539524534
0.5509529905
0.4011986754
0.5438917169
0.5644000555
0.5770124144
0.4955368521
0.5444634783
0.566369699
0.3322039965
0.5597991679
0.790940115
0.6017592337
0.5199193666
0.4817574324
0.4943910895
0.4021059135
0.3908005637
0.3603806113
0.3189174089
0.3294158862
0.4351812909
0.5987546019
0.6381784999
0.5655866898
0.5162950232
0.3921022481
0.3274212736
0.4932203093
0.4099993228
0.2849923673
0.3305684938
0.2785531416
0.2075667487
0.2311237278
0.2387577309
0.2400143439
0.2514650727
0.2016229698
0.2012539596
0.2165211043
0.2364259896
0.2668358148
0.3341915685
0.4642748704
0.5819884371
0.5865329649
0.5419948679
0.4655417909
0.3625375732
0.3254971231
0.2845270901
0.2821789568
0.2661936321
0.2513296644
0.2458671592
0.2406924346
0.3382706458
0.2665753045
0.3092243187
0.2960096669
0.2479815806
0.2131281849
0.2007760365
0.2091529285
0.2386458807
0.2616160043
0.3049064956
0.4451442096
0.5358664011
0.5677188655
0.5408966695
0.4777733838
0.3813940468
0.3592062915
0.3445764682
0.3929484777
0.341596962
0.3007796203
0.3364197479
0.3051405656
0.4489372556
0.3581181114
0.9465602086
0.2780217798
0.193991633
0.209616359
0.2188083936
0.2731842607
0.2572600664
0.2871529871
0.3135251273
0.3705680543
0.4101071511
0.4512418805
0.4173419358
0.3832896266
0.386445801
0.358729921
0.4112398717
0.4413539766
0.4662179455
0.3407548984
0.3913690148
0.3804993453
0.4645945267
0.507826674
0.5067906749
0.4680965428
0.3293482028
0.3322465232
0.4057270954
0.4180325798
0.4484350848
8.41464453
0.2581938204
0.653892469
0.6691629506
0.698539367
10.45277045
0.4709292094
0.6886094147
0.570686812
0.6015285194
0.7168094683
0.6836171414
0.5849937826
0.5936556674
0.5637603046
0.5372680934
0.5724341991
0.5434270558
0.4822638551
0.3835272532
0.3495013773
0.2998252906
0.3164841235
0.3341745019
0.4609452224
0.5668129373
0.5629643353
0.6441473584
0.7211867094
0.7095059178
0.633965532
0.9190512244
0.4367994038
0.5295415904
0.5091680713
0.4439001057
0.4385369582
0.4272401775
0.4084860298
0.3941033662
0.3870021902
0.3942948055
0.3845004228
0.3595565269
0.3278748271
0.2566247845
0.2560879684
0.259836998
0.3840160691
0.4362129715
0.5244207666
0.5936024512
0.5927742086
0.5718710098
0.5534533626
0.5388604646
0.4781699812
0.5228498164
0.4953031412
0.4689762482
0.3712705005
0.411913064
0.3634586972
0.3672920791
0.3440819255
0.2960782697
0.2963878166
0.2628609859
0.2092258453
0.2418779873
0.2557256097
0.2977221571
0.4459273382
0.5101289613
0.6002578114
0.6183031491
0.6593125099
0.589175019
0.535335578
1.492757925
0.4174807405
0.4438836744
0.3384664406
0.3938699412
0.3315467673
0.3396577915
0.3688695844
0.328353194
0.3990828504
0.2911452461
0.2708217991
0.2499570611
0.2082954522
0.216722851
0.2458868111
0.2772971787
0.3714438684
0.4535317848
0.5065173865
0.5476136728
0.5213868089
0.4884667024
0.5113128492
0.4925613189
0.4793503925
0.4886015516
0.5701266126
0.4399564432
0.2704633493
0.3665874841
0.350878224
0.3036251079
0.3191169514
0.2753821425
0.2683259216
0.2518303652
0.2102779634
0.2087238034
0.2148222557
0.2232338683
0.2647638229
0.3366447468
0.4248343244
0.4657173403
0.4845990441
0.4552004976
0.4390746218
0.4245973899
0.3727889812
0.3832939672
0.3533050026
0.3500359295
0.2922600515
0.3393063594
0.3567604582
0.3315008503
0.2986036315
0.284486983
0.2489400904
0.2479940896
0.2188743121
0.2181441737
0.2153174673
0.2473115525
0.2898051266
0.3707146346
0.4445413111
9.627575277
0.2993163554
0.6002573871
0.5168780932
10.55233174
0.2362782236
0.3983883856
0.3914695901
0.3694016774
0.36051567
0.3816110953
0.3864809686
0.4273471169
0.4529457039
0.3228108521
0.245316177
0.3041409094
0.2686659138
0.2509867748
0.2582787243
0.4222828937
0.2905410626
0.4297869936
0.3552034448
0.4874207818
0.6632454323
0.6298663859
0.6120213907
0.5303609538
0.4683145603
0.4752474776
0.515510574
0.4675588454
0.4185038566
0.380974727
0.5362585086
0.3469500905
0.4016191317
0.3803873652
0.3672953022
0.3092462997
0.3381912756
0.3274319056
0.3746769491
0.4131873411
0.4690150367
0.5209074054
0.6044602027
0.6057348457
0.6828062343
0.7061016274
0.7007195644
0.5943828849
0.5921649438
0.5513541992
0.6088826264
0.6916492904
0.3322741156
0.4657585576
0.4214709884
0.4198969506
0.4119973227
0.4799983816
0.4119454517
0.3349165731
0.2706476579
0.2423802751
0.2749411828
0.2893142685
0.423231908
0.4666109919
0.5232532563
0.5822198843
0.6173214332
0.5529550652
0.510386511
0.4526626122
0.4355671857
0.4530783642
0.4327230912
0.4187207293
0.4333158003
0.4552944085
0.4336962393
0.4328642942
0.4026058956
0.3216990491
0.2892169482
0.2662778439
0.236804617
0.2479177846
0.2608322093
0.3001092871
0.3924988064
0.4401809439
0.5078630717
0.7760524199
0.5648764686
0.4469353544
0.5993053082
0.5391558424
0.4877667067
0.4762885911
0.4416253338
0.4027709918
0.3738863351
0.3579177935
0.3356925015
0.320566399
0.2891158166
0.3148464278
0.2994857097
0.2330896318
0.2010629508
0.2040397404
0.2272629416
0.2312023727
0.3459853725
0.3624504089
0.3984387842
0.4305767894
0.4561823308
0.4603014485
0.4237157741
0.4274149043
0.3709815988
0.3925294804
0.3747854269
0.3229614531
0.3048567096
0.333822684
0.4233553667
0.4422773451
0.4423697589
0.3854786803
0.3569434303
0.2826290799
0.260559907
0.2661218774
0.3010162713
0.310637156
0.4106874812
0.4630731957
0.4931075286
0.5445164925
0.5515957447
0.5926817059
0.6034095863
0.6479253328
0.6480126553
0.4897869857
0.4535182375
0.435354304
0.4022013225
0.406933631
0.3992980051
0.3971385551
0.3850180218
0.3597375337
0.3796698353
0.3376331414
0.304960074
0.3049332821
0.3019784501
0.303107451
0.5127214118
0.5444636704
0.5512340588
0.5534945498
0.6114754363
0.5988130645
0.6233763428
0.5815421528
0.567904295
0.6627289477
0.6358936016
0.6604118195
0.5443782548
0.6827960073
0.7035219683
0.7012142911
0.6899279943
0.5524228303
0.5847761956
0.5462811297
0.4785167648
0.4600370911
0.4209600586
0.4270529895
0.5493221551
0.5252524491
0.8307207007
0.7033258409
0.5317846944
0.6570005173
0.6271507868
0.5709534895
0.5387159841
0.5080120674
0.5004712681
0.4659304525
0.3878133818
0.3803383248
0.3819771336
0.3886665692
0.4034932739
0.7542596415
0.3363126047
0.308558815
0.2983197471
0.4644321612
0.3087525197
0.2912123412
0.4523422381
0.3048350352
0.2973479367
0.4857098341
0.5358087709
0.5524698215
0.5546802595
0.5354666057
0.4677783685
0.4269544676
0.4273926824
0.4044863554
0.3502044531
0.3395544366
0.3245719818
0.3492806356
0.2744864085
0.7499506916
0.7865379475
0.8161732665
0.8681923546
0.7840136863
0.8441779486
0.2615890554
0.3498693509
0.4230380329
0.4653585979
0.5406366088
0.3104505449
0.519199292
0.436339089
0.5036015187
0.8336750661
0.8759808532
0.223802107
0.7256728472
0.614655592
0.6916505635
0.7664126464
0.5436435661
0.583194907
0.6187450924
0.5594512749
0.5676144455
0.5720494181
0.8447240335
0.733432891
0.5875845114
0.7962353801
1.296788303
0.7729491578
0.4558926122
0.6080033726
0.5484534457
0.446146265
1.55457018
0.7586498543
0.4930980518
0.555307507
0.6402204572
2.120303116
1.533906412
0.6316199873
1.035941571
1.041126972
0.8422480703
0.6979774979
0.5234799345
0.5514893027
0.5682756768
0.866892491
0.2891934267
0.6447066522
0.5255036582
0.3628996561
0.5003014387
0.4383392322
0.4072870995
0.4293086109
0.7057341895
0.6573583854
0.3959655624
0.4625898561
0.7127769632
0.6965243958
0.8630110384
0.8948198374
0.5713470914
0.6641672388
0.6811464886
0.7331962881
0.6673341207
0.6034457386
0.6569700618
0.4975224721
0.4249769868
0.5147965737
0.5640265872
0.5839743195
1.362555249
0.3168030019
0.461527406
0.3914390862
0.6640066372
0.7381109196
0.4318631462
0.5114188914
0.6857907715
0.6823879814
0.6691453931
0.741439218
0.514685412
0.6267879636
0.6402021422
0.6563943495
0.5898998389
0.6108625177
0.5600808133
0.4635370087
0.4214255778
0.4543895748
0.4630805899
0.4805883974
0.5003823985
0.4655529884
0.4336102434
0.496782852
0.6066510419
0.6266072022
0.3719878565
0.4285867481
0.6146542989
0.5827113688
0.5843505172
0.4433562349
0.4465539656
0.469229326
0.4893834738
0.1600419878
0.1426299912
0.1364079549
0.2064353394
0.3600303338
0.4508919633
0.5647083673
0.5309398804
0.5702809456
0.4994880346
0.4279117496
0.6501397497
0.2547074547
0.3384794675
0.2305536292
0.220323794
0.2116054977
0.1787555541
0.1691060003
0.1691741318
0.1662641509
0.3323184098
0.1938083554
0.1360895642
0.1541808088
0.132043371
0.1751921884
0.1907334767
0.2643847698
0.4845843876
0.254405258
0.4920961805
0.5514709159
0.5152895528
0.4317358975
0.3212667379
0.4905118411
0.584304463
0.5449432046
0.3732867318
0.5008010155
0.6131125154
0.5799182467
0.7474702851
1.525115664
0.5174815383
0.5799972785
0.5702463178
0.5956233246
0.5889677449
0.5713777672
0.5062870424
0.4113072138
0.4489465964
0.5116193022
0.5519447325
0.5336929854
0.5412027853
0.4644812235
0.4417730397
0.3888576093
0.4419626653
0.5858104319
0.3740428126
0.2970579557
0.3436554442
0.4535580688
0.5445862429
0.5656149132
0.4888400693
0.5100712805
0.4344041185
0.5580552431
0.7115247887
0.6135030074
0.6012667077
0.6753695678
0.2673885715
0.3886564841
0.4169573692
0.446590061
0.4303194195
0.371727458
0.36014067
0.3430913809
0.4109089737
0.2813660914
0.2950966056
0.2586141122
0.2368768999
0.2268111478
0.2285718868
0.3463413515
0.4138006985
0.4132596299
0.4279075498
0.5532451028
0.3599950229
0.5473530352
0.3325048895
0.2991504268
0.3387133439
0.3938025277
0.4135646325
0.4463047572
0.3984779812
0.3817925948
0.3475126365
0.3614268429
0.3077244114
0.3066673501
0.3006917444
0.2748647231
0.2645044658
0.258295586
0.2817588069
0.3201976925
0.5963039002
0.4572672644
0.428944811
0.4695327592
0.455640229
0.4078522183
0.3046348265
0.3264862094
0.3780218641
0.4296906504
0.4216973494
0.4841684987
0.4446132368
0.43423725
0.3902006793
0.3973129488
0.3668702094
0.4179270081
0.3407698904
0.2606696388
0.2995836402
0.2894330495
0.2904879089
0.2706381773
0.2949094149
0.2347924986
0.2245015976
0.2082372256
0.2303793387
0.217072676
0.2704463846
0.7841334297
0.2258905869
0.624101601
0.5400901923
0.6360130371
0.5383674733
0.5269730085
0.4237235622
0.439474602
0.4368758371
0.5990852516
0.598101988
0.5744864148
0.6544096471
0.6763255058
0.6256705438
0.5187632579
0.306509017
0.2225432442
0.2387421975
0.2168673139
0.2606813212
0.3492024689
0.4853404896
0.500499373
0.4990025229
0.649103748
0.6527266572
0.62083826
0.8735941799
0.7032732997
0.6296992481
0.5596622378
0.6021097414
0.5991803301
0.6015184353
0.6230312116
0.6137317275
0.591014583
0.5972021275
0.6172258338
0.2870217706
0.2319017821
0.2239996064
0.2414931616
0.2335561003
0.2802145488
0.2755790815
0.3863952834
0.4627057715
0.5047605982
0.5873326548
0.5713714438
0.5439386808
0.4939237469
0.8418982526
0.3481131673
0.4081396336
0.362813234
0.3870780317
0.4802709695
0.4954093689
0.550619552
0.5847325882
0.5917007876
0.2841953904
0.2377211058
0.2295691946
0.2314561989
0.2506077541
0.2835094414
0.2927654143
0.5397514751
0.4605834056
0.4605834056
0.4584153543
0.5318318729
0.5206256929
0.5203620878
0.4698055766
0.4336698574
0.3810561603
0.3104629397
0.3826829586
0.6640072415
0.5012360505
0.4941227064
0.5477466331
0.5669334969
0.2556859563
0.2294667771
0.2203968696
0.2572950293
0.2482759268
0.3166753898
0.3421498878
0.4089639415
0.4557524678
0.4800856039
0.5264192792
0.4900737831
0.5277386249
0.4883382232
0.5005538454
0.4073556123
0.403068983
0.3792482766
0.4415548563
0.3913883013
0.4783747939
0.4289937632
0.4787598006
0.6162058661
0.3096239477
0.256096473
0.3467639847
0.2839380098
0.2898049157
0.2827634206
0.3814420554
0.431514733
0.4626823616
0.449030879
0.4590052458
0.5329748644
0.5019223201
0.4961902031
0.4540188246
0.4379096554
0.5975330859
0.4224811186
0.4505867215
0.3968064476
0.390865272
0.3829699849
0.4278491291
0.5955154461
0.3151282246
0.3035069985
0.3552279953
0.2766654959
0.2702157206
0.2231443126
0.3484752881
0.4410011058
0.5
0.5421567883
0.5780351637
0.5468256338
0.6473500562
0.6589776846
0.6200161064
0.4967233729
0.4681615475
0.4523188549
0.6018393916
0.4340881766
0.4283436142
0.4037908175
0.4253636939
0.3866662759
1.036350369
0.3191795393
0.3338687355
0.2986980319
0.307229891
0.3480009417
0.3864702668
0.4479077406
0.6486762826
0.3551332662
0.4880451109
0.5114402026
0.523531958
0.5222252268
0.5114650081
0.4654310423
0.4486059494
0.4445305443
0.480818425
0.5122341594
0.5336379199
0.5458667495
0.6196422443
0.634364104
0.3729997027
0.357238044
0.2603927492
0.2935152236
0.3303514631
0.5360333073
1.10578959
0.7660622931
0.4040376151
0.6638822694
0.7093367015
0.5844645551
0.6725258504
0.7573955396
0.7217071641
0.6314847294
0.6674624071
0.5502510232
0.6218579235
0.6528186751
0.6538205047
0.6713800836
0.7626879699
0.7964651769
0.3700008428
0.3531224349
0.2574291487
0.2416818542
0.2615902493
0.4117683496
0.5724164696
1.691200971
0.5829823352
0.4149330353
0.7558765067
0.7740057993
0.8092448997
0.8450290581
0.8093756952
0.6986421785
0.6541957303
0.7273391111
0.5875421434
0.5837232471
0.5791685459
0.6360987832
0.7106195772
1.127721361
0.2613329181
0.2126476513
0.2154343297
0.2860869402
0.4422514461
0.5616518236
0.6060102837
0.5690088786
0.5838968615
0.6930675774
0.619728299
0.6017856355
0.6017856355
0.3503652598
0.6024434382
0.5782418953
0.5395011968
0.5484298305
0.5538670913
0.5410210632
0.5445769594
0.4952863287
0.5335032515
0.5168747967
0.4499370583
0.5129067959
0.570213634
0.5424440585
0.5950448041
0.5600892795
14.1273427
0.2206886636
0.5779870852
0.6315174352
0.6046164498
0.5768512292
0.5869692147
0.6139119272
0.6328535605
0.4665100834
0.3534054805
0.3869923012
0.4839673156
0.3758274221
0.3041620357
0.3374212985
0.3164379188
3.301054764
0.2781080257
0.2469275863
0.2489275584
0.2535986259
0.283796904
0.367999352
0.3925814944
0.4951074477
0.5460831249
0.5847324066
0.627285737
0.6071190951
0.7159062681
0.5640721099
0.4801020082
0.4459439146
0.4292987995
0.3961009217
0.4643487302
0.3952294611
0.3680316912
0.4201773196
0.6657406265
0.4796040607
0.2311332869
0.2693795398
0.2727129426
0.2597630414
0.2854717564
0.352307354
0.5618817071
0.2932412644
0.5080008054
0.5731677624
0.5506553224
0.7034824675
0.5663824306
0.4838846949
0.4538081002
1.245872613
0.254473196
0.4152390575
0.4087331265
0.4223219403
0.3835672229
0.4525688972
0.5609356561
0.3808141114
0.2864298752
0.2668804173
0.2723723759
0.3014844696
0.3237117835
0.3657660131
0.4156729718
0.4729987536
0.5251693485
0.5721181513
0.5839578482
0.5513894232
0.5643573638
0.5407526229
0.5058397567
0.4684129776
0.4197208823
0.5106088203
0.4016479109
0.4062254066
0.7759906697
0.6214244746
0.4980366511
0.4031132966
0.4839048273
0.3625824904
0.3927999186
0.4012813003
0.3841753064
1.104358155
0.3961065994
0.6668866953
0.8093094001
3.250338217
0.4613635277
0.9115135237
0.9721216242
0.7735114079
0.9272665082
0.7019867819
0.5705884608
0.3741729857
0.8787199482
0.4101779363
0.4057029303
0.3531942101
0.3731467516
0.5827618391
0.4721669411
0.5450052388
0.438514785
0.4771904339
0.5265213512
0.5643203367
0.649942653
0.7604486768
0.7217572758
0.6301765514
0.6903618383
16.43819968
0.6095085953
0.7551989228
0.6546558149
0.5193709382
0.5293810038
0.8610305489
0.3507526767
0.4908440603
0.5630405972
0.554028374
0.5129661095
0.5623667844
0.7281868233
0.5967916998
0.7117741746
0.5751547351
0.3303955741
0.2886806984
0.403387702
0.6433699543
2.318989071
0.3431782406
0.585578516
0.6180086314
0.6454687517
0.5954193687
0.5500238744
0.4902523944
0.4382342258
0.4632424005
0.4528068847
0.4395422056
0.5053343988
0.4615765002
0.4233318332
0.3991801038
0.3912586058
0.3792541811
0.398809002
0.401933598
0.4177237697
0.4542204556
1.273893445
0.3752980901
0.7048225442
0.7813445251
0.7686785533
0.7159917296
0.8437675014
0.6729991633
0.6348056964
0.5930185095
0.5423704449
0.5734577761
0.486845406
0.4893595414
0.4479296306
0.4794687964
0.4059427538
0.4993820376
0.5123617114
0.4390070236
0.354479766
0.3916255335
0.2709867095
0.3101925132
0.4777928635
0.4696748874
0.454564301
0.4042389539
0.4350519615
0.5123281859
0.5288241792
0.4627991046
0.4510676837
0.3604185865
0.3268274701
0.3443853825
1.335744321
2.646578065
1.820966962
0.6768711449
0.2451911306
0.4565430122
0.3206921335
0.2253715356
0.2127702683
0.3443084948
0.440247163
0.4549634577
0.5597646849
0.5430290911
0.6648667923
0.7877708962
0.6121403067
0.5722356301
0.7164320422
0.7097417296
0.6322618984
0.6103387272
0.5768454109
0.6022863301
1.774376946
0.3207809353
0.5468701388
0.5385452451
0.538761498
0.6157309939
0.251440141
0.2315323398
0.2588299712
0.385909905
0.5053588466
0.5308955933
0.6965986532
0.6278175213
0.7464671512
0.9315837577
0.6234552473
0.6461483467
0.6731039586
0.7306493311
0.6570606771
0.5820804914
0.5646869455
0.54633651
0.5551207841
0.5293119895
0.5108776509
0.4911521916
0.5220003609
0.5218797957
0.3551199163
0.3156517852
0.2636184088
0.2864603217
0.3096668328
0.3531861625
0.4360756357
0.5022456305
0.5492842746
0.5880887117
0.6548571429
0.6499692526
0.652925379
0.5199686396
0.4860959849
0.4596431703
0.4141598416
0.4120647365
0.3841814423
0.3729354702
0.4239502678
0.4182203944
0.448189503
0.4284029691
0.3632322747
0.3406156587
0.3319565911
0.3162505963
0.3352838172
0.3587035489
0.421027334
7.490596111
0.252864491
0.5810227483
0.6371769504
0.6320368152
0.5744287663
0.5775852552
0.5347775403
0.5495666147
0.5563958033
0.4411505499
0.4308243189
0.4833850146
0.4614664943
0.4533905585
0.4432851353
0.5339190011
0.4548344946
0.2514560304
0.2351813962
0.3056430926
0.4745377509
0.4824511328
0.4806104787
0.601294321
0.6279941679
0.7142857143
0.689013302
0.6693912669
0.7243631747
0.6734085871
0.6605385005
0.5983190194
0.5364885892
0.5419671705
0.5236362587
0.4956226683
0.6085173656
0.4927759939
0.5679419868
0.6041271018
0.2967832145
0.2174033366
0.1946544622
0.4290778519
0.5337442606
0.5351422228
0.5240951355
0.5906803078
0.6031795685
0.6170227014
0.673659979
0.6201550388
0.6468377658
0.6054123495
0.6735261797
0.5482187921
0.5205123396
0.4576052707
0.211032461
0.1958742482
0.1239914283
0.1456732852
0.2491329614
0.2974588939
0.1237432216
0.1578450824
0.1215201222
0.1369631015
0.1319907586
0.2070219202
0.1731088602
0.2333673153
0.2532772778
0.3613011129
0.3043882102
0.2876708045
0.2990106301