0.4010480987
0.392718881
0.3099961198
0.212938552
0.2058009056
0.255867458
0.3066304793
0.2960020381
0.530440129
0.7902495146
0.7439068159
0.7369197867
0.6975822434
0.6873418413
0.5174479381
0.5190267164
0.5141333681
0.4172756259
0.2484574121
0.3093604895
0.2730678859
0.2644610054
0.2318797373
0.2615525129
0.3248156294
0.2513206713
0.2146461352
0.1662802637
0.2118151437
0.3032170936
0.2878979686
0.3967156877
0.5884155324
0.5933777319
0.7138701159
0.7875252141
0.7369213189
0.6820620444
0.7226616516
0.5293394071
0.4039184405
0.3462854842
0.2765156284
0.273633724
0.3486330365
0.289148227
0.3216869295
0.2600409577
0.2048629426
0.2074196761
0.1732980171
0.1322026372
0.1708956097
0.2793156327
0.2477345834
0.3477889502
0.6770399895
0.6285060627
0.6007544358
0.5955768315
0.7183120443
0.6364285039
0.5614900309
0.4398264063
0.3646006343
0.3046718288
0.2633201579
0.2429152488
0.241346378
0.2082144063
0.2024155989
0.2312430169
0.1799416705
0.1926733803
0.1663354721
0.1422720643
0.1303549891
0.1670210651
0.2126761597
0.2805311525
0.4750115534
0.5441871405
0.504340064
0.5349222112
0.6097895004
0.5194034792
0.5233038023
0.4260774664
0.3283591107
0.3501188888
0.244078993
0.240777566
0.2197017703
0.2160814516
0.2223103666
0.2517002033
0.2285669449
0.1627176848
0.1803831832
0.128468225
0.1319889041
0.1756843725
0.221543602
0.2777287703
0.4410688749
0.4782283085
0.5455947245
0.6674907293
0.5435846631
0.5882453941
0.428748744
0.3953601484
0.3622254198
0.3216745585
0.2713413451
0.2381228739
0.2152181185
0.212734989
0.1913138517
0.2421119921
0.2250814421
0.1974610022
0.1367009011
0.1137198007
0.1587541439
0.2027461241
0.2257189143
0.2823543218
0.479532349
0.6451413907
0.5261662405
0.5751651211
0.5769574065
0.5150253291
0.4062122152
0.4467645804
0.3609181435
0.3548227197
0.289596284
0.2436053354
0.2076776127
0.295679763
0.2151150833
0.2257984274
0.2111713172
0.1636300943
0.123460876
0.1121388819
0.1236956512
0.1741917143
0.1948011239
0.2486226553
0.4084047652
0.5336613445
0.5417342708
0.4402327564
0.4654345537
0.4343253109
0.3501769076
0.3812174619
0.3229619235
0.2508517074
0.228276144
0.1517082478
0.1805376419
0.1724519022
0.170809032
0.1573323977
0.1607958121
0.1467456398
0.1409447651
0.1026389515
0.1105624171
0.144226389
0.1583322771
0.3120259147
0.5272049507
0.4340056165
0.4942570136
0.4569445565
0.4442848614
0.3617838863
0.3092154129
0.3232323232
0.2280271862
0.2483858619
0.2303399623
0.1992365118
0.1826159918
0.2015662132
0.1978909305
0.1802712926
0.1925143437
0.1568300912
0.1296134258
0.1104944863
0.1709578094
0.2371312898
0.2292091494
0.2983671027
0.4991333634
0.4643856329
0.472395539
0.5441462695
0.5775414415
0.5154941083
0.4079334258
0.399840115
0.3534250888
0.2881948067
0.2156916211
0.2358886896
0.1913673259
0.1889341432
0.2015728289
0.2209775355
0.2041103604
0.1629651301
0.1194922422
0.1121143825
0.1326420826
0.2221337263
0.1917502143
0.260790149
0.471314097
0.4772964631
0.4465849387
0.4961464813
0.4954324059
0.4291855342
0.4164068162
0.3763655248
0.3463103854
0.3249411803
0.2249884466
0.1938773356
0.195783482
0.1796473272
0.1791250495
0.1564417051
0.1393894701
0.1409545154
0.09225391828
0.08221612565
0.09084979867
0.1571804123
0.1727280618
0.2565659821
0.4282837324
0.4442269561
0.4836981941
0.4586684922
0.4184020136
0.3934516218
0.3138719612
0.2891833066
0.2491556894
0.2561730818
0.2129681707
0.216770052
0.1977764963
0.187934319
0.1874201417
0.1875069406
0.1689806145
0.1520749378
0.1374614849
0.1041125791
0.142918552
0.1432754471
0.1856189139
0.1729077806
0.4895694158
0.4753714411
0.5108751909
0.5392956385
0.5626703698
0.4936399081
0.3750717612
0.3672317839
0.3095277583
0.2899077432
0.247273916
0.2250668965
0.2354800426
0.2437423354
0.2261984686
0.2204802581
0.1774746572
0.1651096899
0.1306598917
0.114740658
0.141167989
0.1863174954
0.2295419275
0.3733586044
0.4879582249
0.5391498881
0.4644849203
0.6221711457
0.5576724005
0.4542960512
0.4553155989
0.4059021299
0.4124604725
0.321670941
0.3133840534
0.2610111653
0.2671513078
0.20242247
0.2501518281
0.2586164765
0.2032891906
0.1672751009
0.129840367
0.1177192063
0.185196847
0.2528981117
0.2314050433
0.3689901803
0.4937946412
0.4959588998
0.4495450224
0.4185412661
0.5944716873
0.6608317365
0.5645469678
0.4267930432
0.4010474439
0.2490615775
0.3108490337
0.2335420907
0.2167870814
0.2342404062
0.2248346276
0.2247700268
0.1869963279
0.1921046316
0.1349366134
0.129935764
0.1676047057
0.1814100498
0.2312965132
0.2889509552
0.4591226448
0.5778865497
0.4595114772
0.5733333333
0.7358116182
0.5310543593
0.4813559746
0.4498789165
0.4208837899
0.3228647989
0.1439732064
0.04490988641
0.2319096697
0.3078142156
0.2153372004
0.2009558477
0.4579253907
0.2076337874
0.1837868939
0.1661452067
0.0546898928
0.4134939944
0.2126656524
0.4054847688
0.3938682031
0.5298765824
0.4742585339
0.4815012964
0.714378547
0.5949707593
0.4974144753
0.4723941202
0.3910523215
0.3472618571
0.2950526571
0.2795548835
0.2473398686
0.2343309074
0.2444765511
0.2602644767
0.197593741
0.1968323529
0.1656628752
0.1433591118
0.2138758798
0.2175708598
0.2344141526
0.3468850664
0.4171951908
0.424520441
0.548663964
0.5847301744
0.6129684815
0.5708647653
0.580352882
0.5258392734
0.3967712512
0.346949542
0.2885222299
0.256968065
0.2705017586
0.239742956
0.2343615295
0.1878860216
0.2251832261
0.1615820894
0.1501931524
0.1385300709
0.1394234836
0.1459710953
0.1868788531
0.3196403851
0.5206144281
0.4535517813
0.5028211603
0.5941745691
0.4167792654
0.4570515793
0.4250538888
0.3913423699
0.5656114583
0.3217901255
0.2243326742
0.2465490515
0.2081192189
0.2282497655
0.2079393424
0.2021667654
0.2095508285
0.1840911944
0.1757285569
0.1565831783
0.1697801276
0.2136797932
0.307929755
0.2062881914
0.384913156
0.4857016509
0.5438414136
0.5127079969
0.5145676977
0.3870804907
0.29922266
0.4674633461
0.3059394019
0.2662372884
0.2288242259
0.3774798397
0.2226403622
0.2393743019
0.2108075091
0.2072199967
0.1831712337
0.1753529341
0.1490824718
0.1332211102
0.1523284006
0.1941353984
0.2283165686
0.3178319699
0.3687392055
0.5069489904
0.4750030975
0.4934258881
0.4840301285
0.5252034842
0.3744617927
0.2989308485
0.2092479122
0.3953422388
0.247451713
0.2014492467
0.2265879295
0.2165516014
0.2178189151
0.2790137426
0.1768000703
0.1557438817
0.167904589
0.1453393177
0.1623109858
0.2251270235
0.3054051318
0.2725924858
0.3338448878
0.5006828602
0.3943103063
0.6887081701
0.5465414744
0.4683496507
0.4384125173
0.4054921795
0.3474643666
0.3559349474
0.3213694054
0.2972969885
0.3103973255
0.27934036
0.273138548
0.2162084163
0.2189564916
0.1853622127
0.1604104006
0.2296313499
0.2118992364
0.2369907078
0.2850748084
0.4968035315
0.414682751
0.658459018
0.4770029674
0.596746877
0.5122251706
0.4913757753
0.3769308261
0.3354085857
0.3314262477
0.3309626131
0.1657945855
0.3942059345
0.2854970241
0.2854266061
0.2829091248
0.264734142
0.2940953492
0.2141792445
0.180678677
0.2701989984
0.2718682736
0.2245724343
0.3622036017
0.4935077614
0.4867537914
0.5098064351
0.6065731309
0.6204783473
0.5368175755
0.5882767781
0.5200506697
0.4077570001
0.3203131186
0.3030957812
0.2566930409
0.2296508616
0.1993661225
0.2041567733
0.2010653693
0.2113961572
0.1741676296
0.1286435991
0.1132696087
0.1939693791
0.2119820662
0.1820671876
0.285382587
0.289536125
0.4331135508
0.4342677109
0.6073508454
0.5517779413
0.5137379997
0.5759683423
0.4649399173
0.3634687144
0.2929853749
0.2742880966
0.2125458771
0.2135120206
0.1985212718
0.1910027546
0.1766398533
0.1780728621
0.1353470105
0.1141426045
0.1045697388
0.1442469116
0.1704741439
0.1534592413
0.1900202379
0.3753029394
0.3479420838
0.3904543084
0.4094521121
0.4302852979
0.4243088334
0.4526803247
0.4455204362
0.1576499555
0.4009055299
0.2412436989
0.1696870773
0.2351600021
0.200913242
0.2039854918
0.2051376202
0.1428813565
0.4488683562
0.1393519447
0.1287360047
0.1285726244
0.1627226747
0.0009839716202
0.2429027733
0.3824829502
0.329844801
0.5233777315
0.4588565123
0.3991628698
0.3795556942
0.4198918635
0.3009201862
0.2803016228
0.2535201846
0.2594085245
0.1938444359
0.2186039887
0.1959980005
0.1877134733
0.1964311268
0.1761749123
0.161064534
0.1454888107
0.1075527383
0.1559525639
0.2095773371
0.1486694903
0.2095118374
0.2950593567
0.3615721659
0.4395662453
0.4914747887
0.4426149266
0.4481603526
0.4386780274
0.3740564523
0.3795221097
0.3215336732
0.3313141634
0.2593872435
0.2566370409
0.225029691
0.2437014014
0.2134280382
0.1475345168
0.2211226166
0.157066545
0.1358397071
0.1427319933
0.2031932013
0.1621480074
0.03560903054
0.5178972851
0.3706492351
0.6124994859
0.4782365029
0.4465295428
0.4196303087
0.4041358577
0.3787172636
0.003265084008
0.003078368359
0.4551606858
0.2977862741
0.2021580778
0.2414541969
0.2209642574
0.225213494
0.2115171064
0.1963417392
0.1477220623
0.1340198159
0.1410135372
0.1689654415
0.158813135
0.223773542
0.4574480877
0.4971105858
0.469454156
0.4952796956
0.4655350681
0.531950947
0.4531014658
0.4277061841
0.1724251681
0.4237049275
0.266947697
0.2604537267
0.06266845148
0.3354316619
0.220403664
0.273034152
0.2290693113
0.2093439119
0.1548358687
0.1714683649
0.203818084
0.298213445
0.2329356027
0.2717202061
0.3758817095
0.3774355384
0.4395362829
0.5775768021
0.4750518995
0.5615437378
0.4549253262
0.4108175472
0.3100354905
0.3187346106
0.3226295357
0.2631001076
0.2399081365
0.2463589548
0.2348704848
0.2353117039
0.2589206768
0.2159184566
0.1688974324
0.1362005035
0.1950743964
0.2578996824
0.2121259084
0.2536167804
0.2803961108
0.3350110228
0.325472865
0.4783098788
0.4224101722
0.4280923967
0.4545675794
0.4344950219
0.3766630513
0.2766578892
0.2312513901
0.230442484
0.2217184824
0.1472924825
0.2719695304
0.1842495721
0.1838549302
0.1464986174
0.1364594245
0.08778576868
0.1135534613
0.1237082373
0.1494119875
0.2188547366
0.3615139841
0.2081981899
0.4885972274
0.5082125832
0.4131302176
0.4480253797
0.3597621706
0.3766029315
0.2890737688
0.3162927391
0.3236278073
0.2592253037
0.2293326619
0.2171847336
0.2028871678
0.1925629895
0.1752096449
0.1300372172
0.1725036912
0.1026796482
0.1228429451
0.1627949787
0.1717624665
0.2917042294
0.4011442033
0.4719531538
0.4470942982
0.5810991311
0.4642495485
0.4962298389
0.4520981541
0.4338159759
0.387994271
0.3383362512
0.309087078
0.2907443232
0.3058093206
0.3172760301
0.2972050407
0.2357731903
0.1882869745
0.1714874469
0.1339947814
0.10274999
0.1282526065
0.1743455891
0.1537338106
0.2246866108
0.3624680875
0.1944754871
0.6919561243
0.4681991257
0.4440239394
0.488482129
0.4531747925
0.4134517333
0.3784066147
0.2901624573
0.2673120713
0.3164595017
0.2607118864
0.2362576866
0.2332858066
0.197457031
0.1581113703
0.154896261
0.1281760163
0.09700922662
0.1244950461
0.1342425118
0.1253205077
0.2291971637
0.505902851
0.4434204395
0.4179505928
0.5344827586
0.5497549117
0.4706249468
0.4427974154
0.4122282266
0.3772363386
0.2775045505
0.3071536917
0.2519619892
0.2575908388
0.2487727059
0.2390979114
0.2217413883
0.1716889287
0.1577326998
0.1268861321
0.100102338
0.1294977478
0.1908920655
0.1844906537
0.3370057134
0.5054859864
0.5560967081
0.4672015101
0.5670458023
0.4529154739
0.4963964315
0.4706169365
0.4275496195
0.3789776338
0.3327944115
0.2689907646
0.2740221738
0.2517015449
0.2410483608
0.2462168584
0.2159263295
0.2499498167
0.1589079633
0.1375528661
0.1975616543
0.2887524991
0.381611047
0.2739876445
0.5003510368
0.5805973238
0.4300488011
0.4202636041
0.5347155741
0.7510386362
0.5261203967
0.5604451517
0.4058835989
0.4476071917
0.369951829
0.349190199
0.300690835
0.34599954
0.3101832507
0.3947670697
0.3089002121
0.3001303761
0.2579819287
0.2206321402
0.2137722819
0.2556854149
0.3296834561
0.2656842548
0.4421106894
0.7052933757
0.4896176259
0.5709716024
0.22696418
0.6255060891
0.5875671455
0.4944683555
0.4857194753
0.3432576456
0.3266077071
0.2957594454
0.2556237421
0.2688082445
0.1781069836
0.2034922201
0.1817704878
0.1584214742
0.1470712112
0.1215402432
0.09391210087
0.1257703202
0.1739131638
0.1643887384
0.3110833057
0.5387205387
0.4272450388
0.5047779373
0.6424755891
0.5522529889
0.4751744378
0.4880505991
0.4371992796
0.3718200793
0.3107880449
0.3034759135
0.1854877826
0.22844437
0.2289889615
0.2244493627
0.1666023662
0.136542467
0.1314247552
0.1206908315
0.1182702795
0.1625743487
0.1781860396
0.3038530305
0.5507895277
0.4410101772
0.5300681536
0.4647824136
0.4807169031
0.4385039885
0.3442226288
0.1642155144
0.4513345521
0.4885234094
0.3016410079
0.2623454646
0.2710716566
0.2577904141
0.2937656106
0.201901847
0.1808935929
0.1832414646
0.1525469718
0.121649224
0.1327825505
0.1911728135
0.2474880733
0.3073261015
0.3540367949
0.5172685505
0.4571370651
0.5464612837
0.4502878407
0.4823602228
0.4857217646
0.5874769989
0.9481507215
0.6572907169
0.1824107484
0.2101264199
0.3353568505
0.2980469301
0.238643552
0.2121033779
0.185923903
0.1547760759
0.1366574486
0.1602307732
0.2108304751
0.2862242243
0.4367910957
0.4614447875
0.5767182131
0.6787988769
0.5431043121
0.6518503166
0.5153197779
0.5678224313
0.4763135697
0.4102221403
0.3702145772
0.03607338955
0.3237999553
0.3431607245
0.3972034351
0.3155297647
0.3014447839
0.2676208552
0.2333767298
0.194452766
0.1386477876
0.2130304241
0.2587908
0.2495209298
0.2768178169
1.051442475
0.5507617583
0.5556293069
0.6099845574
0.5778301887
0.590268886
0.5528251263
0.4911983325
0.4102583613
0.3390955649
0.2860507025
0.3235864965
0.3047866493
0.255882392
0.2472079146
0.2501408362
0.2519438583
0.2582186327
0.2260155399
0.1590709771
0.2110055136
0.2476875658
0.282709694
0.4247238404
0.5433147213
0.61625
0.65444032
0.6358225108
0.8212261082
0.8421645456
0.7316318929
0.5409646718
0.4558976535
0.3742885637
0.3192651759
0.3070654735
0.2733861628
0.260776319
0.2868390768
0.2786393756
0.3058727722
0.2877676565
0.2667566551
0.2615192696
0.2799941386
0.3579491301
0.3950578678
0.5145212077
0.5325601724
0.4761724301
0.6023621687
0.6449563145
0.6978461654
0.6986164303
0.7050358863
0.617404348
0.512390173
0.4038750861
0.3745787237
0.2852112608
0.2583188394
0.2472354854
0.2524192955
0.2150613454
0.2192723747
0.2599934913
0.1124656806
0.1298899075
0.1843688537
0.2915903928
0.3546870663
0.3696939347
0.616148757
0.5714453584
0.5713098969
0.7631703689
0.5421834158
0.6241612696
0.5778798758
0.6743880836
0.4656483519
0.3791292441
0.3776057685
0.2950296128
0.294380946
0.2868419074
0.643067449
0.111433485
0.1672722821
0.1363717055
0.1782165513
0.213757839
0.2437142255
0.3976706722
0.5698625756
0.615672379
0.5651350268
0.6496239086
0.6846018259
0.6495296558
0.7615537564
0.5477378093
0.4149058637
0.3457504773
0.2900377115
0.2916900375
0.25192199
0.2535411726
0.232801251
0.2174257777
0.2358663084
0.195312307
0.195701469
0.2040261437
0.1477684016
0.2680170024
0.2657005707
0.3988099333
0.4574302273
0.6520123597
0.5810565234
0.484555759
0.5107564978
0.5525492763
0.5289569895
0.4993993902
0.4442233714
0.3457589326
0.3562076285
0.36541153
0.3039645455
0.3127207598
0.2651418827
0.2039035334
0.2018261162
0.1763342837
0.1681313899
0.1261342908
0.1485682377
0.1858307715
0.1917890203
0.3576488659
0.5637485504
0.621535383
0.6515070007
0.5523129046
0.5614179864
0.4723520774
0.4575583362
0.5148186873
0.4409043977
0.4387730336
0.3845914819
0.3398700712
0.2786687386
0.2887972072
0.2672861153
0.2238962663
0.2034108012
0.1754131511
0.1667751504
0.1246788736
0.1937977889
0.193257346
0.2417845943
0.4686290264
0.5782315858
0.6546484742
0.5923996322
0.6327968944
0.6546880666
0.8604518971
0.5688771594
0.5487942711
0.4333472823
0.3273951429
0.2877337897
0.3337364939
0.2674811619
0.2530343775
0.2792732101
0.2304645073
0.2175532679
0.2220563936
0.1812061102
0.1466363805
0.1757095629
0.2534766187
0.2215882419
0.402626233
0.5381184236
0.5374689388
0.5564079363
0.5606460844
0.7304826047
0.6854003862
0.6377951427
0.490752337
0.4494588149
0.3154882699
0.2783808811
0.236309269
0.2352544693
0.2205121194
0.2324565081
0.2403711183
0.195062405
0.2194094443
0.1540825309
0.124101873
0.1610691731
0.2243358904
0.2011057285
0.327890516
0.5878234399
0.490445812
0.5236344187
0.601553132
0.5124155667
0.5304762045
0.4931953274
0.4760136014
0.3257498578
0.2619946543
0.2212853009
0.2105317418
0.201633389
0.1869810622
0.1772619593
0.1760008182
0.1513854336
0.1362773201
0.1106054558
0.106407188
0.1236288546
0.1740304489
0.157171523
0.2944504897
0.6671784116
0.5342683922
0.5311954625
0.5279125453
0.515761625
0.5559720764
0.5199798534
0.3946421213
0.3735771689
0.2985790942
0.3076741142
0.3408237507
0.3355365831
0.3456411971
0.2731071128
0.155089425
0.1230465325
0.1600524216
0.08536657126
0.08991818969
0.1216794103
0.1714540191
0.2384405232
0.3813394867
0.8204723881
0.772525571
0.6921446549
0.613436417
0.5727945904
0.5554395074
0.6653975945
0.4586773848
0.272270418
0.3270197493
0.2904894872
0.2792222403
0.2333450644
0.2263073038
0.2583785628
0.1769084717
0.24506218
0.1727051719
0.1367688678
0.09665102695
0.1189565972
0.1606151895
0.1999604724
0.3616886333
0.5337290739
0.7329021265
0.4129752087
0.5491442415
0.4084896689
0.4617445249
0.4867826947
0.4436303952
0.395182983
0.3128690447
0.3593531793
0.3935157413
0.3449928299
0.269384611
0.4076137679
0.1731292661
0.216109055
0.1759309859
0.1690385588
0.147807539
0.1056270646
0.0003850049458
0.4613016168
0.2332716213
0.4685161003
0.5812268556
0.634619011
0.5660998983
0.4938561662
0.510208395
0.5988816951
0.470719758
0.4879604781
0.4094539036
0.3980788769
0.2801915233
0.2410394518
0.3818632303
0.2454325792
0.234515321
0.2064207212
0.1724294995
0.1592419587
0.1552782296
0.1184536117
0.2405695356
0.2254580056
0.2790705732
0.5675466119
0.561253351
0.6414373752
0.8201333889
0.493383547
0.5479825286
0.6220993101
0.5120801181
0.5072170056
0.4891089109
0.4242497601
0.4127101943
0.3400127905
0.3268537741
0.2806258397
0.2522899208
0.2916027997
0.2154369333
0.2202609363
0.1867170415
0.1762190129
0.231765576
0.275286304
0.2643704833
0.4003181625
0.6225456225
0.6332396801
0.650044871
0.734008494
0.5981903024
0.6335165982
0.4752155531
0.4634204568
0.3862242384
0.3289327491
0.3223415864
0.3145980244
0.2989521803
0.2940764049
0.2464014407
0.235950187
0.2076322348
0.1689885873
0.1414355364
0.126585685
0.1831475488
0.2020204139
0.2559966149
0.2912334519
0.5403785037
0.5270625393
0.5499955161
0.5517966235
0.599372993
0.5595883991
0.511762469
0.423079454
0.3639823186
0.3160986919
0.2664306463
0.2398287689
0.1934073738
0.2083977476
0.213157694
0.1827077326
0.1486770994
0.1226753634
0.1091819344
0.08928525639
0.1245749456
0.1763645615
0.2021524592
0.3329871225
0.5345489557
0.6461704572
0.6765321238
0.4893831951
0.4019427974
0.5496381692
0.4340751348
0.4350519448
0.431632394
0.3304569718
0.301809771
0.3509513473
0.2522288911
0.2410871856
0.2415890404
0.2810684714
0.2065324924
0.1526637668
0.1313357806
0.1098438537
0.2565151002
0.3114460355
0.2836402121
0.4426301301
0.6480824832
0.7913519062
0.4183846326
0.4484436025
0.4356911084
0.4393493019
0.326906301
0.447574697
0.4682634356
0.3622898946
0.3538050999
0.3566999983
0.3543420331
0.3008234833
0.2558763248
0.2637425333
0.2417332932
0.187582255
0.1622642589
0.1443766768
0.2312600536
0.4569116473
0.3292309854
0.3967783773
0.6213484635
0.5339314845
0.5372770185
0.4500365459
0.5752139566
0.4359809953
0.4827615823
0.394738224
0.4211613906
0.3613428667
0.4088559175
0.4933105465
0.4911949012
0.4940531404
0.3426747495
0.3440787974
0.2164490627
0.1976126742
0.1575555063
0.129452284
0.2654157552
0.4149169253
0.4363995365
0.5106382979
0.667334565
0.6834567901
0.7368303891
0.5725326799
0.4204469836
0.5285701634
0.41229829
0.4908408556
0.4285728729
0.3441590411
0.362985835
0.294746006
0.485279887
0.4117630576
0.4103216295
0.3614365523
0.3309572125
0.2764323336
0.291694293
0.3017946905
0.2916172421
0.2779531947
0.2481271762
0.1695117079
0.2496903916
0.3852996255
0.3846562578
0.3761941613
0.5781871024
0.7299361892
0.673216449
0.6125400141
0.6414458541
0.5885987341
0.5703958053
0.4723544974
0.3797411035
0.3501291811
0.2757109503
0.2877767402
0.2658079767
0.278050563
0.2865980433
0.2620189244
0.2595136035
0.2463246078
0.2098085497
0.1783646051
0.2452895601
0.3442762924
0.306586475
0.4303912761
0.5479013414
0.6418210648
0.816410309
0.670888581
0.6145280694
0.6128221696
0.5792682927
0.4856158085
0.4020824602
0.3752129897
0.3077401451
0.2738279294
0.2469103837
0.2283538907
0.2335351936
0.2155485716
0.225015081
0.2099931299
0.1531325185
0.1192310023
0.1657320179
0.2304741744
0.2336194829
0.2841886509
0.5505487281
0.7289710548
0.530146611
0.6796917997
0.5695663008
0.558141253
0.5037577549
0.3870061468
0.3607445664
0.2629922391
0.2660607
0.2403173598
0.2261441852
0.2047381242
0.1740438181
0.1721111878
0.1816765393
0.166772824
0.1053056273
0.08925024299
0.1639545604
0.1889897277
0.2154412371
0.4454664623
0.5148106776
0.4971417781
0.6016060526
0.4004481178
0.3851461309
0.4516501132
0.4140824252
0.4258094215
0.3425565082
0.3254998733
0.1805038823
0.557667699
0.3672225408
0.4644634727
0.3270875444
0.2777302655
0.2885336444
0.2231056289
0.1513943398
0.1337537371
0.1531410934
0.2406146555
0.3077119184
0.391228852
0.5628667971
0.5720388806
0.5871863457
0.3439895308
0.4048906247
0.4419000011
0.285779485
0.3785835581