0.08196473552
0.09897223575
0.06531394859
0.07066283395
0.1024901961
0.1233946488
0.1530451128
0.148321513
0.2182577566
0.2265979381
0.1740458015
0.1599019608
0.1456264775
0.1438285714
0.1366046512
0.1349524941
0.1127077748
0.1037632777
0.09871477663
0.09162475822
0.08049516908
0.08457839262
0.08666431594
0.09883166795
0.1179561472
0.09097692308
0.08432432432
0.06947448206
0.07128757515
0.07381991814
0.1134981343
0.1414580645
0.1891287879
0.1513397129
0.1552311436
0.1429824561
0.1442181818
0.1433665008
0.152361516
0.1430502283
0.1021838286
0.09247311828
0.0764556962
0.07435301924
0.07098938429
0.05719088319
0.0629096363
0.06554476807
0.05671601615
0.05876071707
0.05987885463
0.05128323699
0.05910860656
0.06913990826
0.09196309963
0.1246212121
0.2180952381
0.1721303258
0.1429362881
0.1473413897
0.1231382979
0.1237959866
0.1214587973
0.1143875969
0.0894912892
0.07978516979
0.07242567568
0.06710526316
0.06257184967
0.05120573356
0.05021772152
0.05308333333
0.04546581367
0.0482011893
0.0424707081
0.03619477006
0.04234795613
0.06160813309
0.09739495798
0.1221069182
0.1826142132
0.1761245675
0.1469506726
0.1218090452
0.1273516949
0.1113905325
0.1237988166
0.1108975713
0.08640699523
0.08579010856
0.07123339658
0.06648401826
0.06336610758
0.06027286136
0.06049354244
0.0596345515
0.05550230947
0.04267015707
0.04545507927
0.03727008712
0.04482067511
0.06499654934
0.09481865285
0.1177217391
0.1768333333
0.146557377
0.1335742972
0.1395918367
0.1132432432
0.1210600707
0.1193092105
0.105715847
0.09085535466
0.08247582205
0.07449803702
0.07572402044
0.07048368298
0.06592284866
0.05089732528
0.05506944444
0.05926477655
0.05065814696
0.04095499828
0.03548731151
0.05842359768
0.09797364086
0.1090254237
0.1187402597
0.1715014164
0.1778571429
0.1386784141
0.1408064516
0.1534177215
0.1114007092
0.1141549296
0.1173042616
0.08717532468
0.09056569343
0.08282339708
0.08851746258
0.08493361286
0.09278508772
0.08065598398
0.07377142857
0.05897852279
0.0518829376
0.03991529202
0.03655653451
0.04228529121
0.05991111111
0.06836
0.07854124748
0.1369
0.1343724696
0.130298103
0.09402555911
0.09496420048
0.07977272727
0.08658409387
0.08284897959
0.06434408602
0.06318667763
0.0588312369
0.05530183727
0.06361774744
0.06966165414
0.06720930233
0.06476683938
0.0529286859
0.043
0.03708473154
0.02905626134
0.0390342794
0.05477508651
0.07765273312
0.1056492027
0.1067286245
0.1303135889
0.114
0.09829861111
0.08961605585
0.08206148282
0.0775255102
0.08070052539
0.06302137067
0.07109576427
0.06923330198
0.05782887701
0.05091166078
0.0566599026
0.05188796681
0.04989457037
0.05091367713
0.05434515689
0.04658739596
0.04083844581
0.0569039323
0.06554989817
0.08301526718
0.1031989247
0.137385399
0.1247931873
0.1089361702
0.1108894231
0.1026791809
0.08467088608
0.07412298387
0.06883601757
0.06093215339
0.05118210863
0.07327032136
0.07470214456
0.06936011905
0.06977087953
0.05287182261
0.06055464031
0.06790345821
0.05538184438
0.04106453392
0.03905
0.04521348315
0.05686034659
0.07129811996
0.08898104265
0.1492633518
0.12248
0.1169933185
0.1115203426
0.1004237288
0.08073381295
0.0885483871
0.08455208333
0.08031185031
0.07520530638
0.0604114134
0.06117921386
0.05816197588
0.05573874445
0.05572922719
0.05548717949
0.04359564671
0.04101407084
0.03907086614
0.04840850515
0.05483062331
0.07988467875
0.09045454545
0.1099115044
0.14953125
0.1289667897
0.1209811321
0.1064259928
0.09806878307
0.08959558824
0.08310725552
0.07615299335
0.06955918367
0.0800690184
0.07130668716
0.06890161725
0.06570761015
0.04888327722
0.04463347165
0.04370578085
0.04055483871
0.03959842863
0.03764972777
0.02738557305
0.03997486385
0.05125782228
0.07686383929
0.08445402299
0.134916318
0.1307718121
0.1226363636
0.1163192182
0.1130749354
0.09575812274
0.09483870968
0.08838909542
0.08053470919
0.08380544747
0.06994715984
0.0719724438
0.07168663594
0.07516821346
0.07018296974
0.06248534584
0.05910219675
0.05644903398
0.04958538299
0.0428013834
0.06172
0.0787394958
0.1044761905
0.1373988439
0.173003096
0.1606666667
0.1404477612
0.1454132231
0.1052806653
0.1097101449
0.1192342342
0.1097065217
0.1125
0.08062342039
0.07517569546
0.06433614735
0.06327481431
0.05275716695
0.05875255624
0.06750531538
0.06306477093
0.0542712671
0.04544378698
0.04278439153
0.07548880393
0.1216296296
0.1041474654
0.1168530021
0.1638414634
0.1341694915
0.1196385542
0.105258216
0.1394004283
0.172899729
0.1434142857
0.1131129808
0.1024320828
0.0945905421
0.08768921095
0.07699177438
0.06606415793
0.0686515748
0.06308675185
0.06687162891
0.066568
0.06429718876
0.05459930314
0.04880208333
0.06574152542
0.08313496281
0.09726190476
0.1282936508
0.1424210526
0.1436305732
0.1078737542
0.1284591195
0.1539449541
0.1210119048
0.1222063492
0.119244114
0.1257192575
0.1055274725
0.1079255319
0.1012851406
0.0782247557
0.07944225352
0.06667183863
0.06796847636
0.06283169533
0.05762799741
0.05158572264
0.04593358737
0.0593970894
0.06908473221
0.084513382
0.1289309878
0.1333777778
0.1336666667
0.1102439024
0.1244680851
0.1295874263
0.1167912773
0.1318536585
0.1235479951
0.1062809917
0.08754081633
0.08489590329
0.08502358491
0.08881826321
0.08064461408
0.09168181818
0.09510114336
0.08231306082
0.0839484127
0.07140495868
0.06684538653
0.08983214977
0.08643382353
0.09631917632
0.1339512195
0.1296981132
0.1138823529
0.1032640333
0.1236712329
0.1184033613
0.1208552632
0.1281039326
0.1236148649
0.1039941691
0.09218250235
0.07845390071
0.06916083916
0.08606850335
0.08129373474
0.07665943601
0.06888455538
0.08310173697
0.05622089155
0.05423586881
0.05296317943
0.05736765772
0.08081381011
0.08287713841
0.09848242812
0.133706721
0.125448505
0.1127972028
0.1332608696
0.1142424242
0.1097319588
0.1106271186
0.1323591549
0.1083080041
0.1127669346
0.08670710572
0.06664766249
0.06100632911
0.06335648148
0.05776082977
0.05928262214
0.05860655738
0.06024390244
0.05811152025
0.05362480127
0.07592142857
0.09568138196
0.1456694561
0.07814012739
0.1268556701
0.1358762887
0.123628692
0.1127799228
0.1082653061
0.1010179641
0.1197243108
0.1051977401
0.1040389972
0.08762796504
0.07865261228
0.07854936827
0.07208799403
0.06907207954
0.06464535465
0.05810583283
0.047113127
0.04708636837
0.04411116675
0.03980353635
0.05315529623
0.08313551816
0.08582639715
0.1148601399
0.1409240924
0.1459057971
0.1198046875
0.105261324
0.1149851632
0.1217880795
0.123
0.1015866667
0.1050290698
0.08868126273
0.07638095238
0.07209920283
0.0846785487
0.08636916836
0.08582722086
0.08816608997
0.07255096707
0.05041507024
0.05399560922
0.0498293891
0.06382044561
0.08965882353
0.09833480176
0.1561946903
0.1132830189
0.1214792899
0.1175833333
0.1255754858
0.1258652374
0.1293482309
0.122638191
0.1028140704
0.08875
0.08845647403
0.08613761468
0.07860271903
0.07969653179
0.07319627618
0.06281084656
0.057536
0.05019607843
0.0441025641
0.03955963303
0.06120021529
0.06585012087
0.07047619048
0.09027734977
0.1237267081
0.1256221198
0.1228314607
0.1014195584
0.114628821
0.1254545455
0.1257213115
0.1179191919
0.1087737844
0.09388282026
0.08686486486
0.06192156863
0.0658013245
0.07155772755
0.07106019766
0.06725663717
0.05765465304
0.06477842004
0.042963931
0.03694931774
0.06675476337
0.07811336717
0.05694831014
0.0875994695
0.1282065217
0.1230897704
0.1104722222
0.1186466165
0.1245884774
0.117697479
0.1255959849
0.1124826904
0.08396903015
0.06949215833
0.06202779533
0.06054892601
0.05518672199
0.05059643255
0.05784825133
0.04932024169
0.05173799582
0.04339632024
0.0352476573
0.02925630252
0.05707886141
0.06474586288
0.04985294118
0.07873140172
0.1063754647
0.10786
0.1113753582
0.1082131661
0.1047811448
0.1022424242
0.1369870875
0.1077285714
0.08174983798
0.07399837134
0.07033898305
0.0576832018
0.05487654321
0.05147744175
0.05396984925
0.04972052846
0.04738738739
0.0363285911
0.02983593109
0.02684303351
0.04703317536
0.0762164751
0.06735
0.08177280551
0.1353424658
0.1034710744
0.1045283019
0.1108301887
0.1146666667
0.1154587156
0.1192664093
0.1226470588
0.1067953668
0.0827593361
0.07242661448
0.07132518797
0.06396252927
0.06866501854
0.07544823232
0.07189757058
0.06666920152
0.0498381877
0.04714483523
0.04189334931
0.05060908637
0.06920149719
0.06920149719
0.07247718383
0.1376590909
0.110408805
0.1159935897
0.1053767123
0.1093134328
0.09555785124
0.1157854985
0.1097738693
0.0816580756
0.0825984912
0.09016736402
0.07769230769
0.06746642247
0.06510139417
0.07010683761
0.07807055436
0.0710584752
0.07060993976
0.06006684492
0.04371022727
0.05667024705
0.1078007519
0.07596
0.08592592593
0.1242165899
0.09860759494
0.1139726027
0.1188546256
0.1100998004
0.1148426573
0.1208392603
0.111238806
0.1097525773
0.1043632075
0.09208248817
0.08788656313
0.09198453608
0.09363267377
0.1040901899
0.08730580826
0.07877632899
0.08601203913
0.07470246734
0.07037009623
0.07836587873
0.1104874214
0.08038560411
0.06192307692
0.1198
0.1136013986
0.1244568245
0.1079900744
0.1019948849
0.1042907801
0.1191042345
0.1182112069
0.1182112069
0.1182112069
0.08859491106
0.08013474495
0.08992493745
0.09738964992
0.08056980057
0.07304907482
0.07347538575
0.0722496749
0.07324983943
0.06763261297
0.07242444152
0.08966958212
0.07843636364
0.09621374046
0.156112311
0.1189005236
0.1327428571
0.1149318801
0.1289498807
0.1226628075
0.1178959538
0.1130009872
0.08568852459
0.08416297118
0.07679377014
0.07894430052
0.08453441296
0.09130320316
0.0925146689
0.1011656442
0.08865511551
0.07975724354
0.0728994544
0.07407757805
0.0722648239
0.06838068182
0.09482142857
0.09386340469
0.1302614379
0.111311828
0.09841968912
0.1167092652
0.1135328185
0.1255555556
0.1153865337
0.1102342918
0.09299065421
0.08693953488
0.09074908648
0.08387783116
0.08042857143
0.07886805556
0.08212780899
0.08420505201
0.08060138782
0.06804979253
0.06315297261
0.05514725569
0.06013333333
0.06104779412
0.07091554294
0.08376168224
0.1218166384
0.1180938416
0.09361538462
0.09942028986
0.09640522876
0.1007094595
0.1159310345
0.1057053292
0.1034129693
0.09620588235
0.08690729483
0.08866832093
0.08523659306
0.08305429864
0.08631487889
0.08088888889
0.08446559297
0.07880882353
0.0846559633
0.056882494
0.07273287144
0.08269394714
0.08409038239
0.09081723626
0.135628866
0.1259813084
0.1210215054
0.1270501475
0.105648855
0.1117317487
0.1149839228
0.1125114155
0.09949468085
0.1062446657
0.08548334244
0.08727974277
0.08193121693
0.0881
0.09557533376
0.09879025923
0.08899313501
0.08473206176
0.08794249201
0.06641552511
0.08318091451
0.0926953125
0.0890781797
0.1164471669
0.1505050505
0.1209974425
0.1217164179
0.1302469136
0.1221703297
0.1208450704
0.1376526718
0.1244193548
0.1199784483
0.1020338983
0.09737068966
0.09901927913
0.1040335463
0.1033414833
0.1040431267
0.09236578171
0.09087553648
0.08328046143
0.07181629834
0.06412371134
0.07306959707
0.08776402039
0.07939303483
0.1132403101
0.1352890792
0.1404385965
0.1322912621
0.09861386139
0.1070557029
0.122393321
0.1187339744
0.1312083333
0.1201611374
0.1026374651
0.09273828756
0.1104866412
0.09177865613
0.08968106312
0.08540065862
0.06815459989
0.05551565378
0.05300397
0.04742160279
0.0435638051
0.06285158151
0.09072933549
0.07940464178
0.1243882545
0.1927083333
0.1553108808
0.1159782609
0.1220923077
0.1186666667
0.114611399
0.116949807
0.111554664
0.117184466
0.1077250804
0.09070932922
0.0940831075
0.0903178991
0.09420233463
0.09801285485
0.09611869031
0.08362670713
0.06620493359
0.06276214834
0.06546520719
0.06825565912
0.1087364621
0.09565891473
0.1215946844
0.1699468085
0.1382919255
0.1224381625
0.1249157303
0.1036551724
0.1204347826
0.1276153846
0.1166473988
0.1190074707
0.1232427536
0.103788122
0.1039116719
0.1031834404
0.08139553429
0.09974093264
0.09374768089
0.09443820225
0.08068394528
0.08117598684
0.079875
0.1014636076
0.09461925287
0.1037793852
0.1317708333
0.1642439024
0.1140654206
0.09780269058
0.118575419
0.1445454545
0.1155851064
0.1389798658
0.117599278
0.1279895561
0.1186904762
0.1128571429
0.1042211055
0.1100813008
0.1094897959
0.1324563207
0.1123171988
0.09788627936
0.09397271268
0.09170957775
0.08609375
0.09173913043
0.08468181818
0.09219889503
0.1375471698
0.1947649573
0.137314578
0.1233091787
0.101875
0.1138978102
0.1237375415
0.1254985337
0.12430839
0.1079330144
0.1140690506
0.1142002601
0.1158639212
0.132262017
0.08523214286
0.0854040404
0.09577235772
0.08090214067
0.08136650869
0.06868455497
0.06375
0.07180864198
0.09907801418
0.1018918919
0.1319405941
0.1985340314
0.131197411
0.1359333333
0.1374074074
0.1350810811
0.1274497992
0.1348065476
0.1467362924
0.1406407323
0.1249016393
0.1077549407
0.09730998017
0.1058574453
0.1045132743
0.09983745583
0.08168048229
0.06787610619
0.07527666399
0.06702635914
0.07962492053
0.08881726457
0.08945241199
0.1109499136
0.1841714286
0.1260606061
0.1224290221
0.1136677116
0.1211890244
0.120177305
0.1262992126
0.1602281369
0.1301011804
0.1328571429
0.1060236579
0.1095649021
0.1120482931
0.1090798479
0.1083669355
0.09441267388
0.08683823529
0.08714622642
0.08353241078
0.07977736549
0.08708535739
0.1074309623
0.1034075724
0.1310537634
0.1492628205
0.1491958042
0.1163870968
0.1331092437
0.1134869739
0.1346774194
0.1336515913
0.1628530259
0.1290878378
0.1291510612
0.09592754528
0.1200166528
0.1399630996
0.1335
0.11544
0.0934608209
0.1006486486
0.07513422819
0.07175094817
0.08481981982
0.09859128238
0.111722365
0.1448859316
0.1589513109
0.1686683417
0.1536821705
0.1225628141
0.1514004376
0.1369426752
0.1292864984
0.1165704772
0.1002364865
0.1320178571
0.1214814815
0.1171486268
0.09934291581
0.08670467186
0.101101137
0.09859934853
0.07905245347
0.08909927679
0.08012475378
0.08167351129
0.1084804208
0.1235521236
0.1237808642
0.1546239554
0.2185361217
0.1741481481
0.1395151515
0.1447147147
0.1302777778
0.1643168317
0.1460943644
0.1587549148
0.1370762712
0.1173787234
0.1127787022
0.1400344234
0.1270833333
0.1032826476
0.09502059308
0.1148394912
0.1116204003
0.1152101507
0.08847782925
0.07811881188
0.09261067708
0.1052544529
0.1470140845
0.1849605263
0.2002053388
0.1676870748
0.1432171582
0.1286069652
0.1763414634
0.1906998445
0.2070954907
0.1706423034
0.1660809568
0.1402093398
0.1219642857
0.1210592885
0.1113112583
0.1058534851
0.09390159046
0.0974674221
0.1039746032
0.1001028807
0.0934496124
0.09317257683
0.1010342824
0.1236409884
0.1684444444
0.1916024653
0.1777505568
0.1362059621
0.131743487
0.1367003367
0.1359744991
0.1531618759
0.1767011834
0.1492607393
0.1402227935
0.1233848797
0.1139820566
0.1020608575
0.08992907801
0.1030813618
0.115312
0.09710564399
0.08876190476
0.07675740592
0.06354584092
0.06154526889
0.0844965035
0.1250804163
0.1528235294
0.1608974359
0.2085044643
0.159442623
0.1260833333
0.1472870662
0.1390727532
0.1522775801
0.1759578207
0.1728355958
0.159009901
0.1452238806
0.1493545184
0.1314016933
0.1248542881
0.120876452
0.1128798521
0.09485477178
0.07600505689
0.06017747858
0.07214935065
0.1093370166
0.1273804574
0.1805167959
0.1757534247
0.1447058824
0.1394880546
0.1567173252
0.1569689119
0.1738022814
0.1958333333
0.1599283154
0.1566805556
0.1306037322
0.1206305419
0.1175781948
0.1002288557
0.1108597748
0.100555973
0.09283006093
0.08871693122
0.07517110266
0.0671932299
0.05698764535
0.07396449704
0.09404886562
0.08844202899
0.1199482759
0.1351653944
0.1285604113
0.1200323625
0.116625
0.1150212766
0.1243371522
0.1104009721
0.1482084095
0.1462778905
0.1106329114
0.1298787211
0.1071724891
0.1097391304
0.1025146199
0.09491298527
0.08212286159
0.07391069012
0.07079632466
0.06066115702
0.04424013921
0.06160636758
0.09534262485
0.08024711697
0.1395865633
0.1729194631
0.1450157729
0.1529351536
0.1266538462
0.1346315789
0.139772296
0.1561153846
0.1616104294
0.1423401361
0.124217759
0.1127325024
0.1099074074
0.1030283019
0.1081012658
0.1093401015
0.09281431335
0.0860546875
0.07106214689
0.07324604474
0.05361897475
0.08225080386
0.09479603087
0.09691901408
0.1448306998
0.1741558442
0.1511143695
0.1528063241
0.146851312
0.1621985816
0.18921875
0.1575202429
0.1584725849
0.1357281553
0.1013544201
0.1004338154
0.1138080169
0.1049411765
0.09765778401
0.1012889518
0.08077691454
0.07700803213
0.07247738344
0.06320707071
0.04925772245
0.06944444444
0.1117461832
0.0953485064
0.1388086643
0.1587228916
0.1420333333
0.118189415
0.1234848485
0.1553389831
0.1715881326
0.1546657572
0.144744898
0.1429854097
0.1012981575
0.08988175676
0.08879951981
0.09151839465
0.088203125
0.09403131115
0.09471008029
0.0783
0.08074700493
0.06419134396
0.05388185654
0.07535771065
0.1159632035
0.09398477157
0.1373702422
0.1718991098
0.1340246407
0.1162017804
0.1114814815
0.1218781726
0.1211111111
0.1274110672
0.1295680147
0.113125
0.09184641933
0.08381102362
0.09018927445
0.08486334405
0.08276527331
0.07291822956
0.068718802
0.06529105126
0.05976567448
0.04892297205
0.04771287825
0.06382284382
0.1030517024
0.08956521739
0.1241284404
0.2150174216
0.1541312741
0.1515111111
0.1295692308
0.1372553699
0.1413983051
0.1270363951
0.1447905282
0.1174148802
0.1187561576
0.1190063091
0.1135538592
0.09790178571
0.1084390244
0.09950959488
0.07546698873
0.07015789474
0.06333810888
0.05782272457
0.05406891496
0.08005381166
0.09420724095
0.1108043478
0.1410966057
0.2117316017
0.1810843373
0.1583333333
0.128907563
0.1160294118
0.1208658009
0.1337391304
0.1430194805
0.1249228612
0.1050735294
0.09830811554
0.09316996872
0.09188202247
0.0894471387
0.1020303605
0.09030769231
0.1046875
0.07492542261
0.06491825613
0.05716814159
0.07271657754
0.09259597806
0.1070634921
0.1406418919
0.1971153846
0.1911695906
0.1030254777
0.1342675159
0.13125
0.1194528875
0.1422985782
0.1218954248
0.1283887916
0.1075938804
0.1349929677
0.1375092478
0.1183559951
0.09956826138
0.1007497116
0.08361179361
0.08921452703
0.08101090909
0.07401284109
0.06615023474
0.06589041096
0.06589041096
0.0795053148
0.1009153318
0.1506143345
0.161641791
0.1861702128
0.1208562691
0.1396677741
0.1480981595
0.1507407407
0.1280500894
0.1232356858
0.1136320191
0.1030652174
0.1021372032
0.116292517
0.0962192216
0.09260349586
0.09933842239
0.08542553191
0.07262589928
0.06897214854
0.06596129032
0.05469684031
0.07952777778
0.09234615385
0.1059868421
0.1652230971
0.1755384615
0.1518493151
0.1771382637
0.1213597734
0.1316155419
0.1454362416
0.131875
0.1450885668
0.1385046729
0.1237578815
0.1179878049
0.1102235772
0.1074446086
0.1037820958
0.09565071369
0.1016523605
0.08500606061
0.08554807692
0.07932926829
0.07498412698
0.09566831683
0.09810138249
0.1103806228
0.1350735294
0.1636876356
0.1472751323
0.1187173397
0.154738292
0.1345360825
0.1319275362
0.1267480577
0.1207540057
0.1183958333
0.103737646
0.1003451408
0.09847354727
0.09851179673
0.09541401274
0.08607272727
0.0821031746
0.07276397516
0.06275285171
0.05873814734
0.04793630573
0.06821428571
0.07595425868
0.1063736264
0.09692468619
0.170033389
0.124548105
0.114635514
0.1034482759
0.1162661738
0.1266099071
0.1301830065
0.1201765317
0.1115873016
0.09762408462
0.09483843537
0.0840584166
0.07432941176
0.07123298639
0.06684210526
0.07192131148
0.06003984064
0.05551580699
0.04909165979
0.04236009732
0.06065397351
0.07775665399
0.08738049713
0.1296048632
0.1583450704
0.1381065089
0.1506802721
0.116778043
0.09669509595
0.1239929329
0.11081571
0.1293074324
0.1259407407
0.1021375921
0.09417420814
0.109444995
0.08726814516
0.08900613497
0.08706182282
0.08410546139
0.07611483254
0.06000579374
0.05429595828
0.05195288754
0.09244052187
0.1094050104
0.1229621381
0.1479094077
0.1526992288
0.1541875
0.115840708
0.1102011494
0.1100761421
0.1086732673
0.1066788321
0.1079079498
0.1195096921
0.1015477497
0.11195734
0.1014440079
0.0753491056
0.06538812785
0.08924680565
0.08130579614
0.09386081193
0.07974804518
0.06639344262
0.06461776062
0.08739614995
0.1095904762
0.1260391198
0.1254683544
0.1563030303
0.1474324324
0.133876652
0.129890411
0.1410538117
0.1173360656
0.1373727088
0.113037594
0.110820996
0.0996882793
0.1110579345
0.1459355638
0.1658603491
0.1719368723
0.1837536232
0.1734240363
0.1268945313
0.107446989
0.07186676428
0.06930635838
0.1367611684
0.1614974619
0.1839858907
0.1904615385
0.194280303
0.1705633803
0.1817254902
0.1550877193
0.1272972973
0.1274757282
0.1386728395
0.1245849802
0.1194084507
0.1051452282
0.1046376812
0.1254390661
0.1207483731
0.09945854484
0.10984
0.09949033392
0.1082975113
0.1095469799
0.1295079086
0.1433302668
0.1210936133
0.110544783
0.1016021602
0.07628349179
0.08754857997
0.1274870912
0.1255062413
0.1141497976
0.1487128713
0.1591770574
0.1251732673
0.1254683544
0.1363405088
0.1401408451
0.1351805869
0.1269688889
0.1227219512
0.1120636095
0.1022485207
0.09982347749
0.09810089021
0.09501114827
0.09473782772
0.09395921238
0.08959935897
0.09397493286
0.08698412698
0.07583333333
0.103483977
0.1243401015
0.1235597484
0.1431327801
0.1532929782
0.1449759615
0.1483449883
0.1214049587
0.1251067616
0.1370144462
0.1454975728
0.1292196532
0.1254918919
0.1126012966
0.108785124
0.1042487047
0.09230490018
0.08362081784
0.0923566879
0.07811749842
0.07722621902
0.07482987552
0.06521330441
0.04519137091
0.07911231884
0.117971831
0.1144793388
0.1136951501
0.1755806452
0.1542123288
0.1399607843
0.131630094
0.1240857143
0.1271885522
0.1335034483
0.1216897233
0.1157925926
0.09849683544
0.09504943968
0.09104448743
0.08118936877
0.0825793908
0.07655279503
0.07883879781
0.07396276596
0.06913879004
0.05103190767
0.04681520315
0.09992015968
0.1020188425
0.1062872629
0.1501872659
0.1406842105
0.1540425532
0.1383969466
0.1163787375
0.1111813187
0.1162663755
0.116395112
0.1146299484
0.1119745223
0.09473246136
0.1122442244
0.1022789116
0.09285004965
0.09915827338
0.09769135802
0.08570021112
0.08237892948
0.06595378829
0.04945872801
0.04978908189
0.06545837724
0.08962121212
0.1110736196
0.101031746
0.1516167665
0.1247435897
0.1355882353
0.09466237942
0.09765661253
0.09620098039
0.08538636364
0.1093269231
