9926554
50745578
61519397
55996401
40876988
27578939
21556437
17440444.6
15573374
16861197.6
15478144.6
13678676.6
11499313.8
12124202.8
9052782.8
8203117.2
8309003
7288143.8
8049176.2
7444835.6
6954155.4
7231045
8040165.8
8041010.6
8631127
10871151.8
12124409.6
13318374.8
13666994.4
14298954
12679300
13892004.8
14145179.8
13505345.2
12603028.8
12435453.8
12193640.4
11542288
11432968.6
12384512.2
11534099.6
14190782.8
10355034.8
11658785.8
11139206.8
8083117.8
8599227.6
9273135.2
10097324.2
7103913.6
6885343
9448017.6
9151835.2
7744279.8
8781789.8
8182947.4
8303328.2
7031833.4
8185888.6
8057902
7633338
6917495.8
6870317
7294645.6
5611490.2
6072482.4
5285099.8
6168137.2
5984117.8
5378818.4
4649463.4
4785452.6
3547037.6
4001507.2
3605455.2
3690194
3352156.8
3301986.2
3269069.2
3290852.4
1511772.6
1361081.2
1313713
2147718.8
1998864.2
1534170.4
978077
974482.6
1120244
1041381.4
1315852.8
1663223
881168.6
864271.8
831722.8
1025884.6
1056338.6
1342641.2
901321.4
994254
995340.2
1042389.8
1468524.8
1874774.4
1068452.6
997374.4
1185431.8
1253500.4
1019610
1467012.8
889605
825968.8
944624.6
1014397.6
985993.2
1556147
918924.2
946216
1203311.6
818717.8
1271861.4
1249426
959763.2
894922.6
1035031.6
1291079.8
1066712.6
2790829.8
2466770.6
3168191.8
1362582.2
1203811
892913.2
1422962
1272848
1383750.2
973746.4
1240975.6
1022294.6
1794335
1261058.8
1260534.4
1064257.4
1027933.8
959238.6
955490.2
1219726.6
944099.2
789781
1506217.2
1009633.4
1910032.4
1004299.4
800122.2
1414346.8
1114365.6
1222933
1177306.6
936231
1086114.8
865114.8
1058657.6
1002185.8
1487688.6
1031687.8
821456.4
898685.4
920632.8
1260650.8
1028933.8
792172
936512.8
1188596.2
1166070
924183.8
1702998
2861705.2
1146903.4
1051866.2
1196833.4
1439759.4
1084365.8
1227197.8
951286.8
909773
1673980.6
1239774.4
1623926.4
1899871.8
1061869.4
1169978.4
1309258.8
1400611.4
1478794
1154915.6
1119468.6
1315528.4
1316311.2
1252876.6
1611319.6
1874347.2
7734377.8
21326575.6
34239448.6
39717876
41614284.6
46141497.6
36632762
22884266.2
18195488.2
14726156.8
13021075.2
12199362
10825948.6
9548127.6
8109072.2
8925800.4
7765588
6306836.6
6912175.4
8497172.4
9570483.4
10766459.6
11728221.2
12230082.2
12685043.6
13446408
13995080.6
14218029.8
13467919.2
13460836
13809836
14009019
13084023.6
12709564.2
12814870.4
11877359
11696078.2
11996982.8
11997259.8
11376455
11210009.4
9479133.6
8772188.6
7232056.8
5023842.2
4625737.4
4001864.8
3590778.4
3459420.2
4111032.6
4421097.4
4455026
7491621.6
6655292.6
5443550.2
6155358.2
6492683.4
6950044
6841478
6484278
6224288
6695084.8
6520807
4169085.8
3935875.6
3871600
4002291.2
3947186.2
4353851.6
4353784.6
5099945
5771032.8
6843186
5279036.4
6496034.2
4476881.4
7500000.4
4549360.8
4837703.4
5145406
5235980.4
4608298
4648481
5222922
5018915.4
6171433.4
5202479.8
3324062
5081782.8
4249074.6
4199818.6
5219494.2
4694730.2
6152926.2
5550911.8
4896396
5670213.8
4850725.4
4571890.4
4536476.8
4437847.2
5375253.2
4312917.2
3983407.8
4300847.6
4406236
4374796.8
3936344.4
3846504.4
3692155.2
3217057
3820828.8
4718348.6
3415757.8
4203280.8
3655304
3335873
3137363
3636906.4
3469994.6
3291118.6
3582063
3177593
3183260.8
2701991.8
2756069
3424595
2716830
2595576.6
3246679
2800273.6
2484272
2227412.4
2684762.6
3560943
3986034.8
4382304.2
6511585.2
13757010.4
9203809.4
5384941.6
3715801.6
3076906.8
2981824
2508304.8
2873027
2736929.8
2852624.6
2597563.6
2299805.4
2124006.6
1843232.8
2516452.4
2635773.2
2934168.6
3165361.2
2596034.8
2365396.2
2410592.4
2411177.2
2817637
2420126
2087740.6
1964231
2010772.4
1781298.8
2799522
2338843
1943066.8
2518236.8
3359710.8
2119819.4
2216677.4
1922451
2131340.4
2174178.6
2053342.8
2500698.4
2345290.8
2157204.4
2458691.2
2451451.4
2074059.4
2823709.6
3076168.6
2733595
2627582.6
2571875.4
2763043.4
3373233.6
2596747.2
2573697
2585580.8
2926060.2
2721994.2
2826090.8
3175531
2783067.4
2646577.8
2249622.8
2380653.2
3353167.8
2691037.4
2815953.6
2388228.8
2607510.2
2258206.2
2119898
2234826.6
2029213
2022639.2
2477133
2322718.8
2451926.6
3751994.8
3835848.4
4605135.8
2598200
2721577.4
2402112.2
2573645.6
1869702.6
2195341.8
2179106.2
2224773.8
2051167.2
2076078.6
2338487
2322368.6
2213996.4
1960851.4
2122598.6
2050746.2
1663046.4
1939977
1737724.6
2021960.8
2004803.6
2166114.6
1853609.6
1976750.8
2105559.2
1761453
2153253.4
1780847.8
2041699.2
1819123.4
1892495.8
2131994
2037706
2019189
1799215.4
1805860.4
1768089.2
2498414.8
2238022.2
2159250.6
2639714.6
2171903.2
2519590.8
2841035.4
2955063.4
2999436.2
3614117.4
3138828
2943885.2
3058868.2
3485896.2
3034602.4
3229994.2
3210041
3268730.4
4081030.8
4146895.2
3599528
3779623.6
3734695.8
3843868.2
3627613.4
3246938.2
3139698.4
3022623.2
3175430.4
2937446.6
2705773
2281336.2
2721626.8
2526060.2
1943263
2115264.8
1716114.6
1689399.4
1614255.4
1586300.6
1945050
1419494.6
2052665.4
1503766.4
1425593.8
1564241.2
1445060.2
1402325.6
1630047.2
1315837.2
1399811.8
1653111.4
1317575.4
1333332.8
1646857.6
1436422.6
1447339.2
1613220.4
1662310.2
1545840.2
2411798.8
2392206.4
2101047.4
1488686.2
2004115.6
1691222.6
2059449.4
2161052.6
2587023
3038556.8
3019801.6
3016383.4
3488911
3639406.4
4288769.2
4508238.6
3876246.2
3620962.8
4616707.2
4108598.8
4354785.6
4086370.4
4152349.6
4059468.6
4503811.6
4255971.6
4555081.6
3962572.6
4546405.8
4112242.4
3963009.4
4264964.2
4711787
4008551.6
3886748.4
4360407.8
3777113.6
4448038.4
4350720
4000456.4
3757759
3714593.2
3802077.8
4170299.8
5127343.2
5878506
7135374.6
5958465.2
5198396.6
4433295.4
4855605.8
4924891.2
4788996
4697164.6
4682754
4119163.4
5152299.2
5840876
4851767.2
5146560.4
4523770.8
5435023.6
4971937.8
5635966.8
5122805.8
5066339
5091821
5286978
4617354.2
5074936.2
4946120
6072816
5499821
5616319.6
6105407.6
5154501
4878282.2
5460952.2
5431154.6
6670608
6095858.6
6956541.4
6199730.6
5714497.8
6457977.6
5753349.2
6047827.2
6658760.6
5845224
6342895.4
6092819
6495620.4
6848253.4
7022389.4
6095139.6
5196470
6245523.6
6063450
5752171.4
6961971.2
5756761.6
6439968
6029420.4
5526105.2
5683547.4
5640075.6
5640589.8
5567824
5077413
5764415
6909404.8
7339086.6
10412561.6
7364122
5189782.4
3723893.6
6623585.8
4414673.2
9307313.4
3958717.2
4500197.4
4809785.2
4220875.4
4678269.8
4023287.8
4025726.2
4899668.2
4500448.2
5425124.2
4736342.6
3897116.4
4175719.2
3768877.4
3633691.4
3136307.2
3600642
3480859.4
3182200.6
3398359.6
3428305.6
3942081.2
3610477.8
2606589.8
2532067.6
3795175.8
4031016.2
3087124.6
2645886.2
2921061.8
2868193.8
3678312
3993569.2
3155317.8
2577275.4
2030924.2
2691552.8
2108746.2
2602548.4
2468735.6
2507354.4
2261713.8
2457518.2
2418719.6
3111028
3591372.8
3041616.4
2416064.8
2395888
2708144.6
2907673
2969344.6
2668099.4
3015050
2737246.2
3323086
3542606.4
3537503.4
3174286.2
3053158.4
2712443.2
3243322.6
2970901.6
3602252
3767764.6
3217024.8
3623309.2
3463932.6
3473942.8
4327528.2
4953168
6010022
3792235.2
5067495.2
4178473.4
3722183.4
6000974.2
3656226.2
3946900.8
3872716.2
3954127.4
3870564.8
3812299.2
3793134.4
3610520.8
4167550.6
3844542.6
4094993
4207063.8
4017962.2
4211817.8
4397386.8
3821873.6
3433559.8
3552335
2997523.4
4158629.4
3505453.6
3596603
3458603.8
4103340.4
3722259.6
3310317.8
3180112.2
2763020.2
3481835.8
3115962
3758110.6
3146130.6
3678237.8
3332586.2
3376556.8
2932539.4
3868952
4180022.4
2911885.2
3045753.4
3893686.2
3498895.4
2484609.8
3153370.4
2963782
3208165.8
3842270.6
2712457
2525058.4
2654476.6
2774432.8
3125988.4
2628484.4
2750668.8
2121267.8
2423121
2492465.2
2205542.4
2244046.4
2289428.2
2335671.2
1986150.4
1974910.2
1931628.8
2256923
1563206.2
1680554.4
1435048.2
1445570.2
1230529
1292470.8
1377636.6
1814704.4
1646375.8
1589812
2908752.2
2209294.8
2293599.8
2518515.2
2368925.2
2418048.6
2574732
2560719.6
2998595
2464394.8
2695531.6
2881381.6
2912230.4
3149090.6
3296592
3696286.2
2925279.8
3628548.8
3048131.8
2474744.6
2733783.8
2876619.2
2426435.2
2877881.2
2236777.4
2424895.6
2036357
3273247.8
2225564.4
2773553.4
3272074.8
2563503.8
3315340.6
2490231.6
2685661.4
2783047.8
2494818.8
2915377
2100844.8
2932784.4
3113921.8
2679085.2
2981291.6
3528916.2
3714299.6
2506308.4
2977082.8
2654474
2747757.6
3425450.2
2860588.4
2602600.6
3064562.4
2678636.4
2811047.4
2986170
3030498.2
1992914.2
2307638.6
2916463
3218693.2
4232165.4
4293438.2
5731243
3331719.8
3883587.8
3271342.2
2942843.2
3694746
3642126.4
3734729
3394430.6
3529268.4
3715568.8
3746838.6
4208361.2
4003901.8
3824163.8
3375125.8
3540937
3146923.2
4168467
3349810.2
3187740.8
3217855.6
3205658.2
2214341.8
2062268.8
2550043.2
2092985.2
3150399.8
2122509.2
2788856.2
2321360.2
2890855.4
4035097.6
3497103.6
3170049.2
3004455.6
3466245.8
3331877.8
2944188.8
3491523.4
4161306.2
2824246.4
3238769
3347327.8
3104582.8
3044250.2
3441568
3898819.6
3327445.8
3769617.8
4145610
4461434.6
3386405.4
7170114.6
3835937.6
3849577
4728437
3653101.4
3423475.4
3319426.2
3426644.4
3285794.4
3850047.6
3685854.4
3379478.6
3566683.4
3590507.8
3402758.4
3548430
3619610.4
3748961.4
3559610.4
5178590.8
6822890.4
3652706.2
3923214
3458745.6
4955067.8
4262822.6
3248786.2
2712873.6
4488676.8
3780386.6
3801917.8
3410020.4
4013800.2
3837695
3715738.8
3156862.4
3447375
3909523
4083487.2
3410969.8
3630547.6
3579646
3518559
3615376.2
3579870
3914775.4
3026430
3681278
3655270
3117778.6
3464887.8
3490145.6
3530907.4
3536547.4
3438769.8
2592687.8
1960360.2
2025196.8
1716619.8
1789308
1892481
1726840.4
1878791.8
1792245.2
1458174.2
1740755.8
1807006.8
2307076.8
3108940.6
3450633.2
3664786.4
4118068.8
4053222.6
4201796.4
4304214.2
4524176.6
4352175.4
4193209.2
4482098.2
4644432.8
4435991.6
4417648
4486779.6
4538636
4461462.4
4468985
4612245.8
4484731.4
4642155.2
4893176.2
5549813.8
6179932.6
5105403.4
4451766.6
4481147
4694028.6
4430812.4
4501812.4
4637840.2
4893904.4
4580558
4631284
4510029.8
4531931.8
4951073.2
4744324.6
4864875
4681125.8
4368098.8
4687881.2
5001344
4618461.8
4584497.4
4755072.8
4852368.4
4795987.8
4832927
4690033.4
4729095.2
4726369.6
4429855.8
4617503.6
4952628.8
4256910.4
4674205.4
4440490.8
4634800.4
4207472.8
4063905.4
4231708.6
4443433
4569577.8
4232463.6
4530729.6
5188727.4
3816894.8
4050048.6
4632655
4331165.4
4256816.4
4514565
4231642.8
3996057
3821746.8
3693434.8
4069099.2
4101726.8
4205671.8
3989263.6
3828862
3641686.6
3324261.6
3584599.2
3401789.8
3171775.2
2938971.8
2675676.2
2022947.8
2613405.8
3074915.6
3454406.6
3953057.8
4346876.8
4690494.2
4601621.2
1482509.2
4149789.2
5092226.4
4921400.8
4510003.6
4857760.2
4635341.4
4752849.6
4600516.4
4467507
4600820.2
4466740.6
4816356
4412821.2
4289461.2
4806912.6
4540884.6
3973230.6
4151312
4408599
4412467
4014711.6
4455661.4
4518165.4
5219553.4
4529007.2
5014467.6
5091716.8
4955261
5129745.6
5522536
5466070
5181228.2
4971070
5417314.4
5381120.2
5648711.4
5237271
4567196.6
5010997.6
4802090.8
5512044.2
5365367
5359112.8
5206969
5441836.6
5013968.8
5087288.8
4889297
5113966.2
5380729.2
5135762.4
5726463.8
5152678.4
5179141.4
5313273.6
4990068
5135694
4809917
4837499.4
5081224
4846339.2
4988007
4598591.4
4467228.2
4261252.8
5263430.8
4741242.8
5268673.4
6355621
6548625.4
5110530.8
5345068.8
4738408.8
5107021.4
5235458.4
5233619.6
5029582
4514236.8
4910708.8
4712074.4
5420857.4
5476916.2
5125320
5001679.4
4980771.6
5543129.2
5178798.4
5374906.8
4965761.2
4625607.6
5155595.2
4758968.4
4846633.6
4966854.2
4799362
5217818.2
4846504.6
4857580
5305944.2
5216126.8
5126791.6
4716540.8
5194275.2
4594784.4
5313192.6
5349453.4
5664016
5165652.4
5806009.2
5725820.2
5818352
6039204
6146104.8
6520842
6414160
7121288
7733993.2
7171976
6572442
6669027.2
6541002.6
8036983.2
6780480
7105309.2
6645670.6
7129069.2
6886046.6
7070269.8
7112211.8
6736356.8
6885695.2
6829566.2
6670142.6
6989347.8
7089460.2
7126232.4
7180348.2
7251597.4
7138828
7358757.6
6691074.8
7419464.2
7345692.4
7106381.2
7439340.8
7148265
7079349.4
7313239.2
7370054.2
7146604
7380294.8
7444886.2
6960113
7776972.4
7458856
7193220
7221732.4
7683360
7346899.6
7728333.2
6895594.8
6637198
7011225.4
6560515.6
6638822.6
7921025
8124689.4
7346551.8
8111561.6
7575658.4
7198625.2
7964260.4
7547664
7988676.2
7788122.6
