3.06
6.44
5.17
3.83
4.5
2.94
2.28
1.67
18.83
12
13.11
12.72
1.67
12.78
7.5
1.94
3.72
2.72
3.83
3.83
1.83
2.56
2.28
2.28
7.89
2.28
2.06
1.17
1.17
1.56
3.61
2.72
1.17
3.44
3.5
4.5
1.44
5.44
1.67
5.17
2.06
2.56
2.94
1.44
2.94
1.83
1.94
2.17
1
0.89
1.39
0.28
0.39
1
1
0.5
0.22
5
0.5
0
0.5
0
1.67
2.17
0.5
1.44
1.39
3.5
2.56
2.56
6.06
2.06
4.39
5.44
12.39
5.83
4.5
9.28
5.39
9.17
7.5
10.33
10.44
10.94
8.89
15.61
11.89
17
7.83
11.11
14.33
10.83
8.11
14.83
13.67
16.5
12.28
11.06
7.61
11.44
6.33
13.89
9.44
2.72
6.17
11.83
8.5
6.06
7.5
9.78
11.89
9.28
6.44
4.28
6.83
8
9
1.06
4.11
8.11
5.06
4.61
1
1.39
4.22
3.33
4.67
3.33
2.94
3.83
1.78
3.89
3.5
6.67
2.28
5.39
4.11
2.17
3.33
1.28
2.28
4.28
7.06
4.67
4.5
4.89
7.11
2.33
3.06
1.56
3.33
4.22
7.89
4.28
3.22
5.06
1
4.89
2.17
6.28
1
6.28
6.72
5.94
4.39
5.06
5.83
3.72
3.33
4.67
4.61
4.28
2.44
3.11
3.11
2.83
6.17
5
1.44
2.17
3.44
6.83
7.89
9.39
7.33
5.44
8.5
7.83
4
4.78
2.72
5.39
2.56
3.83
4.67
4.61
0.78
1.56
4
4.11
4.39
2.67
4.67
4.22
4.89
1.17
2.33
4.89
3.89
4.61
3.72
3.5
1.17
2.67
4.67
2.28
1.28
3.44
2.67
2.56
0.78
1.56
2.94
1.83
0
2.33
1.06
0.22
0.28
1
1.28
1.44
0.5
0.61
0.28
1.78
0.28
1.94
1
1.17
1.94
2.44
0.22
1.67
1.83
0.39
1.56
4.78
1.17
10.94
1.56
3.89
5.39
4.11
3.61
2.56
7.44
9.94
4.61
12.28
10.56
21.17
15.33
12.11
11.33
13.94
14.78
11.44
13.89
9.39
12
17.89
11.89
10.17
11.11
21.11
9.28
5.28
10.06
10.72
5.83
6.44
4.11
10.28
10.44
9.28
11.22
7.44
5.06
15.33
8
3.83
14.28
6.83
5.39
8.39
6.72
7.5
7.11
5.78
5.28
6.94
5.06
3.06
2.94
4.5
4.89
3.5
4.61
1.67
5.17
3.72
5.56
6.28
4.61
7.06
3.5
3.83
1.67
3.72
2.83
2.83
3.89
7.33
3.61
2.67
4.11
4.61
0.78
5.44
1
1.78
8.5
5.56
9.83
6.17
2.28
8.28
7.72
4.89
6.94
5.39
8.78
7.5
7.61
6.72
2.17
5.67
7.22
5
5.17
9.94
10.72
7.44
9.83
3.89
4.11
4
7.22
3.44
7.33
9
11.44
10.17
8.67
9.83
4.5
9.83
3.83
7.22
5.78
10.28
3.89
5.28
3.5
7.5
7.72
2.94
3.33
3.61
2.83
7.06
3.06
3.33
6.67
3.5
3.44
1.67
3.11
7.22
3.06
5.56
1.67
4
0.67
4.89
0.39
1.56
2.67
3.22
4.11
3.11
0.89
5.06
2.56
0.22
0.61
1
0.28
1.28
1.78
1.44
1.17
1.44
1.39
2.56
1.78
1.39
4.39
0.67
5.06
3.44
3.61
4.67
3.61
8.78
6.17
2.56
5.67
5
6.56
8.39
6.83
10.67
8.28
9.06
8.78
5.83
14.28
15.56
5.67
4.61
9.06
9.39
12.22
8.5
8.67
6.56
6.17
8.89
7.72
12.11
7.22
9.28
10.94
5.17
6.83
5.78
7.89
2.33
7.06
8
2.94
2.17
6.17
8.22
4
3.89
8.22
4.78
3.83
6.17
4.11
2.83
5.56
3.33
8.61
4.5
5.94
9.39
3.11
6.72
4.61
5.67
4.89
5.78
7.5
3.72
2.33
5.06
6.44
2.44
6.33
9.78
2.17
6.67
6.83
2.06
8.22
7.61
5.56
4.61
3.11
6.44
4.11
11.44
7.22
8.28
3.11
3.22
4.39
8.67
2.33
3.61
3.5
6.17
6.44
3.89
5.83
6.67
6.83
3.61
4.39
3.72
5.28
5.28
4.28
5
7.06
4.61
5.39
14.44
7.61
11.5
6.33
6.44
6.06
6.33
3.61
5
5.56
2.72
6.33
4.22
4.11
4.78
7.5
13.28
7.22
10.06
2.44
3.83
2.33
4.28
2.06
1.39
4.22
2.33
1.56
5.67
4
3.33
4.28
2.17
4.61
3.33
6.28
1.78
3.5
3.22
3.44
5.17
2.72
4.22
2.83
0.89
1.83
3.72
3.61
0.78
3.61
1.44
4.28
6.28
4.61
5.28
2.06
7.5
8.39
0.67
2.94
1.67
5.44
3.72
3.5
3.11
5.78
4.67
9
6.72
1
5.17
8.89
6.06
1.39
2.44
3.44
6.06
1.78
3.89
5
5
10.28
1.17
4.67
5
5.39
1.67
4.39
4.22
4.5
7.89
4.28
5.06
2.72
5.56
6.83
2.83
3.44
2.06
7.06
1.83
7.72
6.94
5.28
3.5
5.83
8.22
6.33
4.11
5
1.78
7.89
4.78
2.72
1
1.17
5.56
1.28
7.44
2.44
2.67
4.39
1.44
1.56
2.72
2.67
1.56
2.94
0.67
1.44
0.89
1.78
1.56
0.89
2.33
0.22
1.39
0.5
1.06
0.67
2.56
1.17
0.28
3.33
2.94
1.67
1.67
0.61
0.78
12.28
8.89
5.06
2.06
6.44
2.44
4.67
4.61
5
9.67
4.67
4.5
3.83
4.67
5.39
2.94
3.06
3.22
2.94
5.56
4.89
6.06
2.56
2.17
3.06
1.06
5.17
6.56
1.44
0.22
1.67
6.28
2.67
4.89
2.06
7.11
2.06
7.83
3.5
4.5
3.06
3.11
11.06
5.78
6.56
2.28
7.22
4.78
5.56
6.44
3.44
1.56
5.39
10.56
8.5
3.5
6.17
3.44
5
7.61
3.83
7.11
5
3.44
7.22
4.5
3.61
1.94
2.56
2.17
3.22
4.39
1.17
4.5
1.56
1.28
2.56
4.89
4
3.22
2.06
0.39
1.67
2.94
4.11
7.22
0.61
2.44
1.44
0.61
1.56
4
1.06
0.78
1.67
7.06
1.94
3.11
2.94
0.78
0.61
1
0.78
3.83
1.28
0.67
1.06
8.28
2.83
0.39
3.61
1.39
0.5
1.67
1.06
0.61
2.17
1.06
2.17
2.72
0.39
0.67
0.89
11.33
6.72
5.67
6.44
8.67
9.06
5.28
12.28
9.06
8.89
3.89
2.94
6.33
6.56
4.78
3.61
7.22
10.72
4.11
6.06
7.5
1.94
3.72
6.06
2.28
1.67
4
10.56
4.78
4.28
1.67
4.39
7.44
1.39
2.33
7.06
4.22
1.56
4
1.44
1.78
6.56
2.28
5.78
1.17
3.22
1.28
2.44
1.94
6.44
3.89
2.06
2.28
6.44
0.61
2.17
4.67
7.61
7.06
1.94
4.39
5.06
4.61
1.78
6.33
4.39
3.72
5.83
4.39
3.5
5.56
2.28
6.17
3.72
1.67
5.06
8.61
8.11
6.17
5.17
5.67
8
4.28
4.5
6.94
5.44
6.33
7.33
4.28
5.83
5.28
9.28
4.39
6.06
9.56
5.67
3.83
2.83
5.44
8.61
1.06
5.28
2.33
2.33
2.17
5.06
0.39
1.83
3.06
5.06
2.56
3.11
1.83
1.83
1.83
3.11
1.78
2.33
1.44
3.44
1.94
0.22
2.06
3.5
0.61
1.44
1.56
0.28
0.78
0.89
4
2.33
2.28
1.44
1.83
1
0.28
0.78
1.06
0.39
1.78
0.67
0.89
1.67
1.17
0.5
1.56
0.78
3.33
0.61
0.22
3.5
0.67
2.72
2.94
3.61
4.11
2.67
4.5
6.44
8.39
7.06
4.5
8.39
6.44
11.5
9.06
5.44
9.94
12.5
14.17
12.11
6.94
14.33
8.11
13
10.94
11.83
6.33
10.44
13.11
12.78
8.39
11.33
9.44
7.44
4.39
9.06
5.56
4.39
6.67
9.56
9.17
5.28
5.28
3.5
4.22
5.17
4.78
5.28
8.22
0.89
5.39
0.28
2.67
2.33
4.28
7.11
3.22
3.72
8
1.39
5.83
3.61
8.5
6.28
5.28
1.67
6.67
2.06
4.39
3.89
3.5
5.28
6.67
3.83
6.33
5
2.67
1.78
5.94
3.89
7.5
1.94
4.39
4.28
8.11
7.44
5.56
3.89
4.89
5.83
9.94
9
4.61
5.78
3.33
2.56
6.06
4.39
5.56
1.94
10.33
4.11
5.56
10.17
10.83
6.72
3.22
10.06
8.28
7.22
6.28
4.61
7.61
3.5
8.89
2.67
1.56
5.94
4.89
7.11
6.33
8.28
9.28
6.83
1.67
4.67
4.78
10.33
4.67
3.72
9.78
7.61
6.56
5.56
4.78
7.11
6.83
3.06
5.44
7.5
5.83
5.06
3.5
6.33
3.44
2.83
4.5
1.78
2.83
3.72
3.44
1.28
1.67
3.22
4.39
1.94
3.11
6.06
8.39
1.39
5.17
2.44
7.83
2.33
1.39
2.28
2.44
1.39
0.78
3.06
0.78
1.39
2.28
5.06
2.72
4.67
2.06
3.06
5.06
0.78
2.28
1
0.78
1.06
0
0.78
3.61
0.67
1.67
0
0
0.89
0.89
0.61
1.67
2.44
3.33
0.5
0
0
0.22
1.67
0.39
1.39
1.39
1.94
4.11
1.56
2.06
3.61
0.28
2.83
3.61
5.06
2.28
3.06
2.44
2.17
1.67
5.44
3.44
2.72
3.11
2.06
2.06
2.17
0.89
8.61
2.44
2.72
7.11
2.72
1.39
2.67
1.28
5.94
1.94
2.33
2.56
3.22
3.89
1.94
5.28
3.83
3.61
8.61
12.5
5.17
3.33
4.78
2.33
5.39
6.72
4.22
3.11
8.89
7.22
8.78
11.89
6.06
5.78
3.83
7.72
4.78
6.17
6.17
11.11
5.78
3.72
4.67
5
2.33
6.28
6.56
8.28
6.83
4.5
5.94
7.22
4
5.67
3.89
5
5.17
4.22
8
7.06
4.67
6.06
7.5
2.17
6.28
0.67
5.39
5.44
4.89
6.83
8.28
1.83
2.33
6.17
2.94
2.72
3.22
4.28
4.22
3.11
2.28
2.06
2.56
2.94
7.89
1.83
2.72
1.78
2.44
3.61
5.67
3.22
1.94
3.72
3.11
2.83
0
3.61
1.39
3.33
2.72
3.83
2.17
1.39
6.94
2.67
1.56
7.22
5.39
5.39
5.44
3.44
3.5
5.83
3.72
0.67
4.89
2.17
1.94
7.22
3.5
2.94
6.17
3.5
0.28
1.39
0.61
4.22
0.61
5.28
2.33
1.94
0.61
2.33
2.72
2.28
3.11
0.89
1.94
0.67
2.44
1.56
0.67
1.06
2.06
1.83
1.17
0.78
1.06
0.89
0.61
0.89
0.39
1.17
1.17
1.28
1.78
0.89
1.83
1.28
4.28
0.39
3.33
0
2.28
0.22
2.33
1.56
3.61
3.22
1.28
2.67
2.94
4.22
4
1.78
0.5
3.5
3.33
8.22
4.39
2.44
4
7.11
5.39
2.06
7.72
1.78
6.94
4.67
6.56
7.89
9.28
5
3.89
1.78
4.67
4.39
6.83
5.94
4.61
8.11
4
10.72
2.44
3.72
8.22
2.67
7.06
13.28
5
8.39
8.89
7.33
12.28
11.33
6.28
6.17
9.06
4.22
6.83
7.72
7.11
3.5
4.28
7.44
5.94
5.17
10.83
2.56
8.11
10.67
6.56
8.22
9.83
5.67
6.83
7.33
7.06
7.11
3.83
5.83
11.06
11.83
6.06
6.56
8.61
8.67
8.78
9.28
9
9.44
5.17
4.28
2.94
10.17
10.67
6.72
10.06
5.28
5.56
5.17
10.67
5.06
3.11
10.72
7.22
5
10.67
1.67
5.56
10.28
11.06
5.44
4.89
10.28
6.67
0.67
5.17
4
2.56
2.67
4.11
4.11
7.61
3.11
9
2.44
2.67
2.94
1.39
2.67
1.17
3.22
1.44
2.06
1.44
3.06
1.44
3.44
1.67
1.44
1.67
0.22
0.28
2.44
0.67
0.78
1
0.39
0.67
0.78
1.06
0.67
2.94
0.78
0.39
2.28
3.5
0.89
0.28
0
0.67
1.28
1.06
0.5
0.78
0.78
0.78
0
1
0
0.61
0.22
0.39
1.06
1.44
0.78
4.5
2.33
1.67
3.33
5.44
2.94
10.33
6.56
5.28
6.17
8.39
3.72
5.83
8.22
9
16.72
10.33
8.5
13.56
18.33
9.83
9.06
17.11
9.83
8
8.78
9.28
4.28
6.44
3.83
7.5
1.06
1.17
6.72
3.33
2.44
5.83
5.28
4.61
3.06
1.17
2.28
4.11
2.72
3.5
2.17
6.83
8.61
1.83
4.5
5.06
4.89
1.78
2.44
2.44
4
4.22
3.33
4.11
5
1.67
1
3.72
4.61
2.06
5.39
5
4.5
2.17
1.06
7.44
1.83
3.72
2.94
3.61
2.17
7.11
3.06
3.22
6.17
4.5
4.28
4.39
7.33
5
2.28
4.22
1.28
6.56
5
5.17
5.06
4.78
1.83
4.39
5.94
6.44
1.28
2.06
1.94
5.56
4.78
3.33
3.22
3.11
3.72
3.11
3.22
3.11
2.17
6.06
1.83
2.72
3.72
2.33
6.72
5.06
4.28
4.11
6.44
5.67
7.5
5.17
3.22
2.94
3.11
4.67
1.56
3.11
1.17
3.83
5.78
3.5
2.06
1.56
2.94
2.94
5.44
3.61
1.78
1.39
2.33
1.83
2.72
0.89
1.39
2.44
1.78
4.67
3.11
1.94
2.44
1.78
1.28
1.39
1.78
1.78
1.56
2.56
2.33
2.33
4.61
0.5
2.17
0.89
1.94
1.17
1.06
1
2.33
0.67
2.06
1.17
0.61
1
0.78
0.67
0.39
0.28
0.89
0.61
0.39
0.39
1.67
1
0
0
1.67
0.5
2.17
0.89
0.61
0
0.39
0.78
1
0.89
0.28
0
0.78
0
1
2.44
0.89
0.67
0.28
0.28
0.61
0.78
1.06
1.17
1.39
1.28
1
1
1.67
2.28
0.78
0.61
2.06
2.28
3.44
3.11
2.67
3.33
3.61
3.72
8.22
8.28
5.06
3.89
2.56
7.33
9.83
8.78
11.72
14.28
9.94
13.94
14.17
11.11
17.94
7.61
6.67
22.28
13.78
14.17
15.94
8.61
17.39
13.39
9.83
12.28
14.44
9.83
10.17
9.56
8.89
8.67
4
8.39
12.78
6.33
3.44
4.5
3.89
5.83
4.78
5.78
5.39
4.11
1.94
5.67
3.72
7.89
5.56
4.22
4.11
13.28
4.61
0.22
7.89
5
0.89
2.17
3.11
2.72
6.44
3.89
5.28
2.17
7.83
4.39
3.72
1.67
4.22
6.28
1.39
3.5
3.89
4.39
1.78
2.83
1.39
2.67
2.44
6.83
4.61
3.72
1.06
3.72
2.28
1.67
2.28
4.67
3.06
2.72
3.72
6.44
1.56
2.28
1.94
0.61
4.61
8.11
2.83
4.89
5.06
4
5.28
5.06
2.67
2.83
4.5
2.33
5.17
5.78
4.39
3.06
4.67
5.39
5.94
1.78
7.11
3.33
5.44
4.5
6.28
5.17
8.78
5.44
6.44
9
4.22
6.06
7.06
4.89
1.39
5.39
1.94
3.83
5
5.78
10.72
10.44
4.28
5.39
3.22
0.61
5.67
5.06
6.28
5.39
2.44
4.67
3.33
2.28
2.06
3.89
1.94
3.33
4.61
5.06
6.94
3.72
1.83
1.67
3.72
3.22
5.83
1.67
2.17
5.28
4.22
1.06
1.17
0.78
1.67
2.28
0.67
4.5
1.28
0.39
0.67
2.33
0.78
2.17
1.94
1.67
1.83
1.67
2.72
0.89
1.56
0.28
0.89
0.67
1.44
0
1.44
0
1
1
2.44
0.61
0.89
1
0.89
1.06
1.83
3.44
0
0
0
1.17
0.28
0.22
0.61
0.78
0
0
0
1.78
1.67
1.67
0.89
0
0.61
1
0.78
1.28
1.17
0.78
0.89
0
1.94
1.17
0.28
1.06
3.44
0.22
1.78
1.94
3.33
0.78
0.67
3.89
6.44
6.33
6.56
13.5
4
5.83
8.78
9.06
8.5
9.17
11.5
10.83
12.22
17.56
13.28
16.11
11.06
14.78
10.44
11.83
14.67
17.17
14.67
10.44
17.56
11.22
10.17
12.22
8
18.67
8.89
10.28
15.83
12.61
5.28
13
8.11
7.72
7.61
5.94
8.11
8.22
4.39
6.72
5.56
6.17
4
6.17
2.72
8.67
3.61
9.28
5.67
3.33
6.44
3.72
1.67
3.33
2.17
6.56
4.39
3.33
2.67
1.67
8.67
3.5
3.61
4.78
2.06
3.5
6.06
3.06
1.44
1.39
2.17
5.39
1.94
2.17
2.17
4.11
4.28
1.67
6.44
3.5
4.67
2.94
2.72
2.17
1.67
4.22
2.33
2.33
1.67
4.89
2.56
4.22
2.56
1.67
6.17
1.83
4.28
3.5
2.94
8
3.44
3.83
6.83
5.94
2.94
1.44
4.5
1.39
4.11
1.17
5.28
4.11
2.83
1.83
4.89
3.61
2.17
5.78
7.5
6.06
1.06
8.67
4.11
4.28
3.06
6.06
5.83
2.44
2.28
4.61
5.56
5.83
3.11
3.89
2.83
3.44
2.44
1.44
5.56
4.78
3.61
1.39
0.67
5.94
3.83
4.61
5.83
4
5.94
1.83
1.94
1.83
2.72
3.11
4.89
0.89
2.33
1.56
2.72
2.83
2.33
2.83
3.06
6.44
1.56
4.39
1.39
4.11
1.44
1.56
4.67
0.67
5.67
2.67
1.28
2.06
2.72
3.89
1.06
2.44
1.44
2.44
4.39
1.56
1.94
3.61
1.28
1.44
0
1.83
0.67
0.39
1.67
1
2.06
0.39
0
0.61
0
0.28
0.5
0
0
0
0.39
1.94
1.56
2.28
0.39
0.39
2.28
1.94
1.06
0
0
1.06
0.67
0
0
1.28
0.67
1
0.67
0.89
0
2.06
0
0.5
0
1.83
2.56
0
0.39
0.89
2.28
0
0.89
0
0.28
0
0
0.28
3.33
0.78
1.39
0.89
5.28
1.83
2.83
2.28
2.28
1.83
3.33
4.67
1.28
3.89
6.56
7.44
7.06
7.61
5.56
7.5
7.72
14.06
11.06
8.61
16.33
13.28
16.61
14.44
16.78
18.17
14.67
16.78
8.89
10.83
8.5
1.28
2.83
16.78
8.11
1.28
5.39
19.17
6.67
8.11
9.39
12.89
8.67
6.94
12.72
8.67
6.06
4
8.78
6.83
5.78
6.06
4.61
3.22
4.22
13.39
6.28
9.56
12.39
2.33
5
6.56
4.67
2.94
6.17
1
7.11
3.61
3.22
7.61
3.06
2.06
5.83
4.22
4.5
4.5
1.44
0.67
5.56
2.56
3.33
3.61
5.78
5.17
6.56
3.72
2.28
5.39
2.06
4.78
5.94
3.83
3.22
6.94
1
1.83
3.5
2.56
3.83
5
3.06
1.28
2.33
2.44
5.06
2.83
4.89
1.56
2.67
2.17
5.67
2.06
3.83
5.94
3.89
5.06
6.94
0
5.39
4.67
5.67
6.06
7.22
2.94
3.06
3.44
3.89
2.56
2.72
6.28
2.83
4.11
5.78
7.89
4.22
2.83
4.5
11.11
9.28
5.06
3.44
8.5
5.56
