6.456
5.816
6.268
5.816
5.862
6.246
6.648
6.448
6.46
5.834
6.232
6.064
6.052
5.834
6.464
5.622
6.238
6.06
6.04
5.838
6.024
5.86
6.432
6.672
6.052
5.63
6.226
6.06
5.85
6.022
6.058
5.622
6.268
6.454
7.066
5.856
6.254
6.024
6.278
5.834
5.844
5.834
6.054
6.226
5.616
5.64
6.03
5.864
7.27
6.018
6.262
5.842
5.85
6.046
6.044
5.828
6.476
6.046
6.04
6.042
7.104
6.246
6.238
5.866
6.044
5.834
6.25
5.834
6.214
5.842
6.474
6.642
6.058
5.814
6.058
5.824
6.04
6.022
5.85
6.036
6.056
5.622
7.266
6.074
6.024
5.862
6.44
6.052
6.246
6.286
6.052
6.014
6.258
5.838
6.238
6.072
6.85
6.476
6.258
6.48
5.398
6.044
6.082
5.834
6.63
6.698
6.004
5.654
6.266
5.62
6.248
5.62
6.028
5.946
6.232
5.81
6.298
7.09
6.666
6.046
6.226
5.862
6.264
5.816
6.062
6.068
6.044
5.828
7.884
6.078
6.252
5.834
5.832
6.03
6.224
5.862
6.232
6.248
6.266
7.334
6.674
6.036
6.238
6.048
6.09
5.816
6.286
5.834
6.04
6.036
6.236
5.834
6.03
5.848
6.038
7.114
6.86
5.842
6.262
6.06
6.236
6.282
6.438
6.04
6.2
6.07
6.044
6.046
6.024
5.862
6.044
6.05
6.044
6.018
5.868
6.04
6.258
5.838
5.828
6.022
6.088
5.834
5.838
6.046
6.668
6.234
5.87
6.028
6.058
6.042
6.26
6.024
6.266
6.224
6.074
6.04
6.252
6.25
6.04
6.04
6.25
6.04
6.258
6.042
6.044
5.816
6.284
5.602
6.266
6.86
5.804
6.436
6.65
5.228
5.846
6.042
6.048
5.63
6.446
5.86
6.252
6.23
6.078
6.252
6.232
6.44
6.058
6.248
6.048
6.046
6.228
6.068
6.058
6.042
6.238
5.648
6.85
5.81
6.058
6.06
6.048
5.828
5.842
6.222
6.054
6.46
6.228
6.046
7.106
6.068
6.644
6.454
6.478
6.25
6.644
6.252
6.482
6.262
6.416
6.064
6.44
6.252
6.444
6.458
7.062
6.224
6.666
6.282
6.416
6.478
6.644
6.25
6.45
6.264
7.27
6.04
6.46
6.454
6.452
6.222
6.26
6.49
6.472
6.462
6.888
6.23
6.912
5.832
6.042
6.432
6.478
6.272
6.232
6.688
6.446
6.468
6.48
6.042
7.056
6.47
6.286
6.034
6.472
6.042
6.248
6.254
6.426
5.834
6.472
5.816
6.27
6.256
6.85
6.282
6.248
6.036
6.016
6.07
6.25
6.042
6.442
6.706
6.01
6.074
6.252
5.834
6.228
5.648
6.252
6.042
7.5
5.822
6.44
6.042
6.218
6.244
6.248
6.042
6.256
6.86
6.422
6.052
6.274
5.83
6.46
6.226
6.926
5.618
6.266
5.81
6.078
5.834
5.814
6.044
5.844
5.832
6.252
7.08
5.832
5.814
5.846
5.834
6.642
5.86
6.03
6.276
6.028
6.046
6.276
6.904
6.648
5.654
6.44
5.866
6.246
5.838
5.998
5.862
6.672
7.63667
6.034
5.648
6.012
5.832
6.024
5.862
6.044
6.042
6.266
6.022
6.086
6.034
6.248
7.502
6.252
6.026
6.07
5.834
6.05
6.042
6.024
5.756
7.43
6.686
6.228
6.28
6.044
6.246
6.248
6.042
6.472
6.04
6.028
6.252
6.224
5.838
6.63
6.042
6.228
6.05
6.506
7.268
6.072
5.834
6.052
6.046
6.028
5.852
6.016
6.874
6.864
6.048
5.838
5.866
6.044
5.624
6.044
6.042
6.252
7.058
6.918
6.032
5.816
6.066
5.844
5.816
6.682
5.19
5.86
6.046
6.052
5.632
6.018
5.63
6.066
6.25
6.024
6.042
6.228
5.658
6.24
5.856
6.228
5.626
6.016
5.834
6.252
5.612
5.878
5.834
6.052
5.83
5.844
6.042
6.044
5.828
6.044
5.626
6.046
5.832
6.04
5.816
6.058
5.834
6.024
6.042
6.256
5.626
6.252
6.232
7.09
5.398
5.864
5.804
6.286
5.834
6.03
7.122
6.436
6.046
6.004
5.838
6.278
5.834
6.876
5.196
6.268
5.81
6.268
6.036
6.286
5.834
6.82
6.052
6.266
6.042
6.248
6.23
6.488
5.608
6.266
6.456
6.05
5.862
6.264
5.816
7.104
5.44
5.808
6.034
6.672
5.822
6.412
6.486
6.436
6.878
6.256
6.438
6.078
6.256
6.662
6.042
6.668
6.23
6.248
6.278
6.446
6.262
6.722
6.858
6.294
6.23
6.274
6.258
6.688
6.258
6.706
6.458
6.464
6.874
6.872
6.042
6.668
6.25
6.252
6.042
6.228
6.064
6.236
6.47
6.436
6.064
6.436
6.072
7.29
6.042
6.672
6.024
6.502
6.46
6.248
6.436
6.498
6.232
7.512
6.262
6.286
6.23
6.266
6.06
6.476
6.25
6.644
6.464
6.706
6.874
6.03
6.234
6.672
7.078
6.468
6.25
6.444
6.25
6.46
6.666
6.212
6.278
6.422
5.862
6.04
6.222
7.134
5.828
6.044
6.022
5.868
6.038
6.252
5.834
7.656
5.228
6.232
6.074
6.436
6.036
6.228
6.068
6.04
6.224
6.254
6.482
5.602
7.114
6.244
6.022
6.086
5.81
6.258
5.834
6.044
6.042
6.048
5.834
6.228
6.86
5.816
6.458
7.126
5.626
6.006
5.862
6.05
5.834
6.056
6.02
6.062
6.064
6.042
6.68
7.08
5.814
6.078
6.006
5.864
5.834
6.458
5.82
6.91
6.44
6.086
6.038
6.054
6.042
6.03
6.064
6.044
6.042
6.252
6.042
6.248
6.024
6.272
7.51
6.278
6.064
6.252
5.816
6.256
6.166
6.354
7.318
6.43
6.042
6.256
6.042
6.252
5.838
6.238
5.862
6.044
6.25
6.048
5.838
6.438
5.832
6.03
6.054
7.528
5.842
6.056
5.842
6.016
5.866
6.052
6.01
6.052
5.63
7.7
6.244
6.246
5.638
6.298
6.032
6.252
6.022
6.482
6.06
6.252
7.078
6.654
6.068
6.044
5.834
6.25
6.452
5.626
6.018
6.082
6.024
6.096
5.838
6.264
5.814
6.086
5.842
6.028
5.816
5.884
6.246
6.204
5.86
6.016
6.028
6.712
5.838
6.478
5.814
6.298
6.042
6.248
6.034
6.228
6.05
6.494
5.816
6.078
6.04
6.228
5.856
6.04
6.034
6.046
5.834
6.248
6.046
6.036
6.05
5.85
6.044
6.016
5.834
6.044
6.04
6.228
7.29
6.412
6.064
6.23
6.234
6.088
6.048
6.228
6.022
6.282
6.228
6.262
6.042
6.022
6.064
6.452
5.814
5.868
6.042
6.012
5.64
6.03
5.852
5.998
6.074
5.824
5.836
6.246
5.832
6.252
6.664
6.04
6.046
6.262
6.042
6.044
6.026
6.26
6.25
6.684
5.842
5.834
6.242
6.024
5.648
6.464
5.816
6.054
5.862
6.05
5.812
6.468
6.262
5.87
5.834
6.044
5.828
6.036
5.856
6.252
6.252
6.43
6.668
6.248
6.042
6.26
6.03
6.028
6.064
6.04
6.042
6.02
6.07
6.044
6.042
6.468
6.46
6.004
6.074
6.03
6.05
6.07
5.822
6.03
6.07
6.446
6.482
6.236
5.834
6.228
6.234
6.258
5.816
6.66
5.856
6.26
6.214
6.082
6.046
6.668
6.448
6.048
5.816
6.086
5.826
6.04
5.83
6.056
6.048
5.846
5.834
6.876
6.442
6.054
5.63
6.252
5.824
6.024
6.022
6.054
6.046
6.412
6.692
6.68
5.828
6.252
5.82
6.278
5.834
6.264
5.836
6.058
5.84
5.992
5.848
7.532
5.828
6.044
5.832
6.044
5.626
6.234
5.862
5.842
5.828
5.842
6.034
5.81
5.838
5.85
6.242
6
6.892
6.446
6.074
5.82
5.838
6.878
6.452
6.024
6.036
6.024
6.286
7.104
6.016
6.078
6.034
6.25
6.042
6.198
6.068
6.056
5.83
6.018
5.862
6.052
5.83
7.084
6.25
6.052
5.834
6.024
5.626
6.22
5.62
6.012
5.838
7.084
6.25
6.256
5.828
6.252
6.176
6.1
6.69
7.06
6.07
6.024
5.844
6.288
5.828
6.062
5.816
6.076
6.04
6.044
6.04
7.88
5.854
6.026
6.486
5.422
6.04
6.03
5.862
5.824
5.834
6.206
5.852
6.252
6.016
7.76
6.44
6.298
5.814
6.278
6.04
6.04
6.028
7.328
6.668
6.052
6.042
6.042
6.044
6.056
5.834
6.048
5.812
6.09
6.026
5.85
6.034
6.024
5.862
6.02
5.862
6.038
5.828
6.044
6.024
6.08
6.022
6.078
5.832
6.436
6.064
6.04
7.052
5.606
6.064
6.236
6.496
5.426
6.438
6.074
6.04
6.218
5.862
6.04
6.218
6.058
5.838
6.082
5.832
6.044
6.254
6.012
5.83
6.464
5.816
6.08
5.828
6.044
5.802
6.446
6.068
6.024
6.908
6.652
6.078
6.252
6.462
6.038
5.828
6.276
5.834
6.008
6.074
6.022
6.07
6.044
5.63
6.252
5.82
6.044
6.46
6.044
5.622
6.056
5.816
6.062
6.046
5.85
6.458
6.668
5.81
6.08
5.834
5.844
5.834
5.834
5.626
6.024
6.032
6.266
5.836
5.836
5.828
6.468
5.62
6.238
6.06
6.232
6.064
6.252
6.25
6.208
5.862
6.682
6.244
6.012
6.25
6.024
5.81
6.298
5.836
5.836
6.246
6.642
6.038
6.266
5.816
6.054
5.824
6.058
5.63
6.02
6.044
6.042
5.834
6.46
6.026
6.432
5.856
6.252
6.042
6.228
6.05
6.298
6.036
6.264
6.458
5.59
5.86
6.228
5.834
6.856
6.064
6.024
5.848
6.038
6.07
5.842
6.042
6.052
5.828
6.044
5.834
6.876
5.62
6.464
6.016
6.302
6.458
5.626
6.036
6.044
6.25
6.042
6.244
6.676
6.046
5.84
6.036
6.46
6.04
6.252
6.222
6.29
6.254
7.084
6.042
6.248
6.038
6.26
6.046
6.228
5.856
6.052
5.834
6.46
6.016
7.54
5.816
6.09
5.834
6
5.838
6.058
5.822
6.022
6.064
6.022
5.856
6.436
5.862
6.052
6.876
6.414
6.07
6.016
5.838
6.07
5.808
6.086
5.816
6.276
6.044
6.054
7.266
6.292
6.03
5.814
5.862
5.828
6.038
6.04
5.834
6.876
6.642
6.054
6.05
6.044
5.834
6.228
5.838
6.01
6.69
6.042
6.878
6.668
5.838
6.22
6.458
6.026
5.866
6.256
5.838
6.052
5.978
6.156
5.834
6.228
7.114
6.644
6.064
6.252
6.042
6.252
6.024
6.29
6.022
6.888
5.232
6.668
5.834
6.68
7.272
6.078
5.816
6.3
5.82
5.872
6.224
6.068
5.862
6.206
6.902
6.646
5.816
6.062
5.838
6.054
5.84
6.056
6.25
6.252
6.042
6.228
6.046
6.02
6.068
6.658
7.296
6.228
5.856
6.252
5.834
6.41
5.848
6.228
5.866
6.044
6.034
6.022
5.862
6.254
5.842
5.816
6.07
6.03
6.48
5.402
5.856
6.044
6.252
6.252
5.83
6.232
6.042
6.024
6.25
6.04
6.25
6.036
6.24
6.668
5.624
6.044
5.836
6.042
5.834
6.042
6.042
6.664
5.838
6.634
5.222
6.05
5.828
6.048
5.83
5.836
6.018
6.078
7.082
7.252
5.42
6.266
5.816
6.258
5.842
6.266
6.038
6.244
5.834
6.044
6.256
6.044
6.458
6.036
6.042
6.25
5.834
6.048
5.62
6.256
5.626
6.236
6.464
5.634
6.49
6.026
5.64
6.078
5.83
6.254
6.032
6.228
6.05
6.038
6.286
6.044
6.25
6.052
5.816
6.058
6.042
7.254
5.834
6.252
6.032
5.834
6.244
6.648
6.07
6.062
5.834
6.252
5.82
6.448
5.44
6.016
5.856
6.024
6.492
5.85
5.834
6.44
5.836
5.876
5.836
6.02
6.49
5.992
6.282
6.228
6.25
6.066
6.022
6.888
5.828
6.26
6.042
6.046
5.828
6.226
5.838
6.066
6.042
6.462
5.626
6.46
6.224
5.446
6.868
6.04
5.842
6.016
5.86
6.02
6.072
6.256
5.82
6.91
5.834
6.256
6.032
6.02
5.866
6.052
5.626
6.232
5.828
5.996
6.074
7.098
5.834
6.248
5.81
5.85
5.836
6.032
5.598
6.474
6.694
5.602
5.862
6.252
6.042
6.884
6.628
5.428
6.046
5.826
6.04
6.456
6.228
6.058
6.042
6.224
6.078
7.272
6.07
6.05
6.042
6.252
5.842
6.018
6.07
6.042
6.452
6.868
5.63
6.474
5.82
6.062
5.844
6.302
5.834
5.844
6.042
6.032
5.816
6.7
6.644
6.238
6.06
6.252
6.034
6.248
6.24
6.228
6.072
6.252
6.042
6.256
5.828
7.502
6.042
5.816
6.24
6.024
6.282
5.848
6.036
6.02
7.086
6.428
5.856
5.836
6.222
6.074
5.834
5.846
6.046
6.032
6.416
6.96
6.628
6.286
6.042
6.048
6.042
6.236
7.302
6.502
5.82
6.058
6.234
6.032
5.832
6.224
7.492
6.46
5.834
6.042
5.604
6.05
5.832
6.056
5.81
6.074
6.25
7.274
6.046
6.04
6.042
6.46
5.828
6.016
6.244
6.03
6.254
6.246
7.328
6.846
5.834
5.832
6.018
6.086
5.828
6.258
5.838
6
6.066
6.248
5.814
6.058
5.834
6.012
5.864
5.844
5.81
5.854
6.042
6.04
6.254
6.042
6.052
6.044
6.042
6.204
5.862
6.044
5.834
6.036
5.626
6.024
6.022
6.08
5.838
6.022
5.856
6.052
5.83
6.04
5.81
6.052
5.862
6.024
6.022
6.064
6.07
6.252
6.016
6.27
6.286
6.016
5.848
6.264
5.832
6.032
7.078
6.248
6.024
6.284
5.83
6.668
6.04
6.044
6.042
6.232
6.042
6.044
6.254
6.224
6.064
6.26
6.018
6.474
6.246
6.024
5.838
6.082
6.016
6.27
6.068
6.642
5.856
6.264
5.814
6.082
5.826
6.232
5.836
6.096
5.814
6.05
6.042
5.992
6.478
6.266
5.834
6.23
6.05
6.29
5.834
6.464
6.02
6.034
6.064
6.248
5.838
6.846
5.856
6.016
6.04
6.046
6.044
6.048
6.042
6.672
6.036
5.634
6.046
6.252
5.834
6.044
5.834
6.852
5.826
6.44
5.636
6.058
6.246
7.27
5.83
6.228
6.036
6.256
6.04
6.452
6.04
6.04
6.04
6.042
6.03
6.248
6.67
6.016
5.862
6.044
5.814
6.082
6.05
6.02
5.848
5.828
6.042
6.86
5.626
6.264
5.608
6.242
6.068
6.25
6.016
6.266
6.02
6.058
6.248
6.044
6.874
6.232
5.828
6.256
6.036
6.226
5.844
6.29
6.03
6.266
6.25
6.228
6.064
6.642
7.118
6.252
6.046
6.232
6.074
6.232
6.078
6.228
6.046
6.614
6.694
6.266
5.838
6.25
5.816
6.304
5.834
6.024
6.06
5.844
5.828
6.436
5.838
6.078
5.834
7.066
5.856
6.228
5.636
6.058
5.834
5.626
6.034
6.02
6.046
7.292
6.24
6.258
6.036
6.02
6.042
6.22
5.844
6.256
6.042
7.084
6.258
6.268
6.026
5.836
6.042
6.024
5.848
6.024
6.042
5.836
6.042
6.236
5.856
7.292
6.046
6.024
5.838
6.034
5.856
6.028
6.042
6.024
6.19
6.152
5.816
6.078
7.076
6.44
5.844
6.064
5.848
6.288
5.626
6.052
5.832
6.874
6.672
6.464
5.834
5.796
6.056
5.85
5.834
7.098
6.86
6.252
5.842
6.024
5.856
6.232
6.038
6.024
6.23
6.29
7.262
6.246
5.862
6.036
6.042
6.05
5.83
7.502
6.024
5.87
5.83
6.042
5.822
5.792
5.658
6.02
5.824
5.82
5.83
6.044
5.608
6.286
5.626
5.816
5.626
6.228
5.86
6
5.862
6.038
5.622
6.042
5.626
5.834
6.046
5.822
5.826
6.012
5.654
6.004
5.862
6.028
5.834
6.252
6.042
6.044
6.038
6.03
5.856
6.028
5.844
6.058
5.834
6.252
6.04
6.044
5.83
6.044
5.834
6.044
5.608
6.078
5.808
5.658
6.874
6.202
5.86
6.042
5.626
5.632
6.46
6.042
6.026
6.2
5.658
5.84
6.044
6.044
5.622
6.46
5.624
6.248
6.042
6.26
6.032
6.04
5.822
6.252
5.828
6.222
5.816
6.494
6.042
6.036
6.038
6
5.87
6.252
5.838
6.044
5.838
6.258
6.446
6.042
5.834
6.044
5.834
6.044
5.822
6.04
5.834
6.05
6.03
6.052
5.828
6.25
5.834
6.238
6.07
6.436
6.286
6.256
6.046
6.24
6.252
6.02
5.866
6.02
6.44
6.078
6.042
6.26
6.46
6.228
5.862
6.016
6.04
6.668
5.21
5.84
6.252
5.836
5.814
5.88
6.666
5.834
5.606
6.244
5.622
6.228
6.46
6.442
5.626
6.048
6.042
6.042
5.822
6.252
6.042
6.024
6.04
6.052
6.042
6.668
5.834
5.846
5.838
6.044
5.832
6.044
5.608
6.062
5.862
5.834
5.834
6
5.652
6.852
6.05
5.87
5.814
5.87
5.804
6.074
5.842
6.05
5.822
6.02
5.652
6.032
5.86
7.088
5.626
6.044
5.834
6.228
5.834
6.042
6.45
6.876
6.042
6.46
5.606
6.074
6.042
6.232
6.028
6.078
6.038
7.268
5.866
6.252
5.834
6.04
6.042
7.088
5.834
6.044
5.626
6.044
6.04
5.836
5.626
6.858
6.25
5.836
6.048
5.6
5.834
5.836
5.822
5.806
6.022
5.874
6.466
6.854
5.834
6.228
6.07
6.044
5.822
6.226
5.862
6.004
6.282
5.822
5.844
6.288
6.876
6.25
5.816
5.864
5.624
6.044
5.616
6.05
5.77
6.356
6.876
6.048
5.816
5.878
5.622
6.02
5.626
6.044
5.808
6.078
6.026
6.882
6.668
6.21
6.476
5.87
6.02
6.29
5.624
6.224
5.834
6.044
5.838
6.232
5.604
6.068
6.278
6.876
5.842
5.816
5.654
6.052
5.82
5.868
6.042
6.682
6.658
6.02
5.86
6.04
6.036
6.256
5.834
6.256
5.838
6.248
6.04
6.426
5.828
6.258
6.018
6.086
6.04
6.252
5.834
6.048
6.036
6.048
6.042
5.84
5.616
6.44
5.862
6.044
5.814
6.078
5.614
6.024
6.07
5.82
5.866
5.836
6.026
6.078
5.834
6.044
6.036
6.884
6.042
6.434
6.074
6.252
6.02
6.29
6.038
6.228
5.834
6.248
6.232
6.058
5.862
6.04
5.828
6.044
6.854
6.288
6.032
5.604
6.042
5.83
5.814
6.08
5.626
6.042
5.624
6.05
5.838
6.252
6.038
6.46
5.832
6.252
6.042
6.238
5.862
6.048
6.042
6.044
5.83
6.232
5.862
6.652
5.626
6.05
5.834
6.02
5.626
6.09
5.614
6.044
6.042
5.836
6.428
6.078
5.834
5.836
6.022
6.29
5.834
6.464
5.838
6.042
6.042
6.044
6.226
6.474
5.83
6.022
5.816
6.082
5.816
6.286
5.828
5.824
5.862
6.044
6.254
6.204
5.654
5.84
6.018
6.29
5.834
6.46
5.834
6.878
6.038
5.824
5.83
6.052
5.832
6.884
5.834
6.044
5.6
6.284
5.83
5.836
6.042
5.834
5.822
6.024
6.694
6.044
5.828
6.024
5.418
6.252
6.03
5.834
5.834
6.044
6.034
6.864
6.042
6.044
5.824
5.834
5.834
6.436
5.834
6.016
6.042
6.248
5.832
6.228
5.834
6.648
6.02
6.062
5.842
6.082
6.026
5.87
6.25
6.028
5.626
6.25
5.83
5.796
6.494
6.44
5.654
6.044
5.834
5.822
5.862
6.85
6.024
6.282
6.042
6.222
6.042
6.044
6.042
6.044
6.028
6.036
6.038
6.024
5.862
6.044
5.834
6.022
5.806
6.062
6.036
6.894
6.042
6.028
5.842
6.088
6.876
6.654
5.652
5.834
5.822
5.816
6.024
6.296
6.028
6.074
6.036
6.256
5.828
6.648
6.696
6.232
5.834
6.024
5.828
6.25
5.626
6.03
6.064
5.816
5.872
6.016
5.834
6.47
6.668
5.836
5.834
5.804
5.844
6.078
5.774
6.162
5.83
6.256
6.036
6.644
6.904
6.018
5.822
7.916
5.83
6.044
5.834
5.836
5.834
6.46
5.612
5.88
6.036
6.252
6.642
7.102
5.862
6.004
6.05
6.262
5.828
6.264
7.082
6.25
5.834
6.042
5.822
6.024
5.626
6.002
5.862
5.62
5.632
7.088
6.442
5.87
5.828
5.836
5.626
6.252
5.626
5.836
5.822
6.64
5.606
6.294
6.036
6.228
6.042
6.252
5.834
6.252
5.82
6.058
6.066
6.232
5.862
6.028
5.862
6.024
5.658
6.232
5.204
6.458
5.834
5.836
6.042
6.024
5.862
6.042
5.626
5.794
5.866
6.252
6.026
6.286
5.834
6.044
6.05
6.204
5.848
5.868
6.036
6.046
5.808
6.046
5.65
6.25
6.016
6.078
7.074
6.252
5.614
6.44
5.862
6.044
6.024
6.058
5.834
6.052
5.834
6.03
6.042
6.252
5.828
6.044
5.61
6.02
5.614
5.836
5.828
6.044
5.414
6.25
6.042
6.044
5.626
6.256
6.034
6.044
6.44
6.062
6.074
6.062
5.62
6.044
6.032
5.834
6.042
6.668
5.83
5.846
6.022
5.868
5.82
5.868
5.826
6.044
5.834
6.044
5.834
6.026
6.25
5.844
5.82
6.052
5.632
6.076
5.83
6.05
6.042
5.816
6.038
6.87
5.212
6.05
5.83
6.036
5.834
6.25
5.838
6.252
6.016
6.082
5.834
6.044
6.252
6.052
6.662
6.248
6.036
6.658
5.228
5.796
6.05
6.266
6.274
6.256
5.816
6.058
5.654
6.226
5.624
6.022
5.866
5.814
5.62
6.248
5.816
6.302
5.834
6.042
6.664
6.056
5.626
5.824
6.024
6.062
6.07
6.252
6.44
5.616
6.054
7.102
6.046
6.044
5.834
6.23
5.828
6.252
6.042
6.236
6.912
6.46
5.834
6.23
6.042
6.042
5.826
6.644
5.862
6.842
5.834
6.46
5.826
6.23
6.05
7.342
5.626
6.024
5.822
6.03
5.83
6.242
6.064
6.054
5.834
6.232
5.616
5.836
7.088
5.836
5.804
6.078
5.606
6.074
5.624
6.25
5.816
5.864
5.82
5.656
5.828
6.002
6.282
7.07
6.074
6.024
6.07
6.252
6.454
5.626
5.834
6.676
6.46
6.044
5.834
6.258
5.834
5.836
6.012
6.468
6.902
6.042
5.822
5.824
5.866
6.024
6.25
5.618
5.626
6.256
5.774
6.156
6.038
6.048
5.834
6.886
6.65
6.252
5.804
6.264
5.828
6.252
6.25
6.02
5.828
6.668
5.834
6.252
6.87
6.464
5.622
6.252
5.818
6.058
6.042
6.044
5.828
6.02
6.466
6.706
6.042
5.836
5.814
5.87
5.828
5.836
5.838
6.89
6.878
6.25
6.042
5.836
5.828
5.836
5.834
5.788
5.654
6.01
5.862
5.834
5.806
5.87
5.614
6.044
5.626
5.84
5.838
6.044
5.596
5.868
6.042
5.808
5.618
5.844
5.606
6.694
5.844
6.082
5.834
6.03
5.834
5.832
5.816
5.862
5.834
6.048
5.816
5.87
5.834
6.052
5.622
6.256
5.626
6.252
6.034
6.024
5.862
6.458
5.828
6.042
5.834
6.438
6.042
6.048
6.034
6.252
7.29
6.226
5.862
6.448
6.074
6.028
6.01
5.864
5.838
6.048
5.816
5.874
6.042
6.02
5.816
6.078
6.042
6.028
5.626
6.244
5.62
6.044
5.834
5.808
6.07
5.836
5.834
6.024
6.226
5.85
5.844
6.288
5.838
6.056
5.624
6.024
5.86
6.044
5.624
6.02
6.056
6.286
6.042
6.634
6.074
6.024
5.65
6.226
6.042
6.042
6.874
5.602
5.862
6.044
5.83
6.036
5.834
6.226
6.474
6.018
5.862
6.04
6.454
5.394
5.862
5.836
6.668
6.042
5.622
6.252
5.614
6.212
6.06
6.252
5.816
6.702
6.47
5.838
6.042
6.23
5.83
6.252
5.834
6.224
5.816
6.238
5.648
6.234
5.856
5.836
5.61
6.232
5.848
6.92
5.6
5.87
5.626
6.044
5.834
6.88
5.81
5.872
5.838
6.016
5.814
6.074
5.414
6.232
6.074
6.042
6.876
6.436
5.804
6.038
5.658
6.252
5.418
6.248
5.834
6.026
6.042
6.044
6.032
7.044
5.866
6.864
5.218
5.796
5.844
6.29
5.834
5.842
6.042
5.836
5.816
6.07
5.626
6.054
5.808
6.91
6.042
6.048
5.822
5.816
5.418
6.666
6.872
6.048
5.818
6.286
6.022
6.08
5.816
6.294
5.822
6.05
6.036
6.46
6.454
6.038
5.816
6.09
6.042
5.812
6.044
6.248
6.016
6.258
6.068
5.836
7.3
6.228
5.836
6.024
5.866
6.228
5.66
5.996
5.862
6.024
5.848
6.292
6.88
6.046
5.626
5.842
6.036
5.836
5.614
6.876
6.46
5.836
5.756
6.192
6.042
7.474
5.834
6.006
6.052
6.078
5.834
5.818
6.022
6.054
5.444
6.252
5.604
6.914
6.868
5.812
5.824
6.224
5.83
6.252
6.022
6.078
5.838
6.226
5.832
6.612
7.108
6.018
6.036
6.024
5.608
6.062
5.834
5.832
6.036
6.028
5.842
7.286
5.834
6.016
5.418
6.256
5.828
5.834
5.828
5.822
6.034
6.26
5.834
6.044
6.036
6.022
6.078
5.836
6.042
6.024
5.816
6.088
5.63
6.018
5.826
5.814
6.238
5.628
6.026
6.044
5.626
6.046
5.828
5.816
6.07
5.836
5.834
6.042
5.626
6.044
6.042
6.044
5.626
6.016
5.626
5.87
6.042
6.464
6.036
25.1033
17.186
14.452
13.968
13.352
15.6433
14.4533
15.42
18.3333
16.19
15
15.07
15
15.0867
13.9333
15.0033
14.4533
15
13.9067
15.1433
14.4433
15.5567
14.4433
15.55
14.4733
14.8833
13.9333
16.1133
13.8867
15
13.27
15.5567
14.4433
15
13.8867
15
14.4733
15.5567
14.4433
15
14.3567
15.5567
14.4433
15.5567
14.5
15
14.4733
16.11
14.4833
12.925
13.9267
15.5567
14.4433
15.0867
13.8867
14.4433
14.3333
15
14.4567
15.5567
13.9533
15
13.8867
15
13.89
14.8733
14.4433
15.6433
13.97
15.0567
13.8867
15
13.9333
15.5567
13.9333
15
13.9333
15.6133
11.6467
15.0867
13.8867
15
14.4433
15
13.8867
14.9933
13.8867
15.5567
14.4433
15
13.8867
15.0567
13.8267
15.1267
13.9067
14.8733
12.22
13.2333
14.4733
15
13.9333
14.4433
14.3733
15
14.4433
15.0033
13.8267
13.3367
13.9267
15.6333
14.4833
14.93
14.4833
15
13.9067
15.5567
14.4433
15.0567
14.4433
15.5567
12.22
15.1433
14.5133
15.5567
14.4
15
14.5
15
14.4433
15.5567
14.4433
13.89
13.8867
15.1967
13.8867
15
14.4433
15.0567
14.3967
15.5567
14.4433
15
13.9067
15.5567
13.7767
15.07
14.3333
14.4433
13.8867
13.3333
14.4433
15.42
13.9067
15.55
14.4433
16.1067
14.4433
13.75
14.4433
15
14.4433
15.6433
13.8867
14.9367
13.8867
15.0567
13.9333
15.55
13.8867
15.1433
14.4433
15.42
15
14.4433
13.9267
15.0867
14.4433
15.5567
15
15
13.9333
15
14.3433
15
13.8867
15.08
14.4733
13.94
13.8867
14.9467
13.92
15
14.4433
15.5567
13.9167
14.3267
13.8867
15.0867
13.8867
15
13.39
15.15
14.4433
15.5567
14.4433
14.9933
13.9333
14.4433
13.9067
15.0633
14.3333
15
13.8867
15.5567
12.2233
15
16.15
15
13.9333
15.0567
13.9067
15.08
13.9067
14.8633
14.4433
12.105
13.8867
15.1433
14.4433
15.9767
14.4433
14.9367
14.5267
15.07
13.9067
15
13.94
15
13.3333
15
11.7067
15
14.3433
15.42
13.8867
14.5
14.4433
15
13.8867
15
13.8867
15.01
14.4433
16.1133
14.4433
15.0867
14.49
15
14.4433
15
13.33
15
14.3433
15
14.4533
15.0033
14.4433
15
13.89
14.39
13.3333
15.42
14.4933
15.08
14.3433
14.9467
13.9567
14.8667
15
14.4433
13.8867
15
13.3333
15
14.4433
15
13.36
13.3675
13.85
15
15
15.62
14.49
15
13.8867
15
16.6667
14.9467
13.8867
14.4433
14.4433
15.5567
14.5
15.5567
13.8333
13.3425
13.8867
14.8633
13.9633
14.4433
13.7867
15
13.9367
15.01
14.37
15.07
14.49
15
13.8033
13.2925
13.8267
15
12.9025
15
14.5267
14.5
13.8867
13.4275
14.36
15
12.9525
14.8733
13.3633
14.3167
13.8867
15.0033
12.915
15.62
13.8867
17.22
13.8867
15.4833
13.9333
14.9467
13.8867
15
14.4433
15.5567
14.4433
15.6433
13.9267
12.9175
14.4433
14.4433
13.4167
14.49
13.8867
15
14.4433
15
13.8867
12.975
13.9267
15
13.9333
15.42
12.22
15.5567
15
16.19
14.4733
15.5567
13.8867
15.6333
14.3333
15.08
13.9267
14.4433
13.7767
15.0567
13.9067
15
11.6667
15.08
14.4433
15.42
15
15.5567
12.7767
15.5567
14.4433
15.5567
13.8867
15
13.9267
15
13.8867
15.0633
15
15.0567
14.4433
15.5567
14.4433
14.4433
13.8867
14.5233
14.3333
15.5567
14.4433
15.5667
14.4433
15
14.3333
15.43
13.4367
14.8733
13.25
15.5667
13.9333
15.5567
13.8867
15
15
16.11
13.8867
14.4433
13.3333
15.0033
13.8867
15.08
13.8867
14.8733
12.7033
16.1133
12.22
15.5567
14.4433
15.42
12.915
15
13.9267
15
12.22
15.5567
13.8867
15.06
14.4433
16.1133
14.4633
15.5567
14.4433
15
14.4433
14.88
13.8867
15.5567
14.5
16.1767
14.89
16.1133
14.4433
15.6133
13.89
15
14.4833
15.08
13.8867
15.55
15.0767
16.1133
14.4433
15.01
14.4833
15.6533
14.4433
15.6433
13.9467
15
13.9267
15.43
14.4433
15.5567
14.49
15.6333
13.75
14.1675
13.9267
15
14.4433
16.1533
15
15.5567
14.4433
14.9933
14.4433
15.5567
14.3433
14.3733
16.695
19.165
12.1367
14.8733
14.4433
14.9367
14.4433
16.1067
15.0567
15.5567
14.4467
15.5567
15
15.0033
13.8867
15.01
14.3433
15.01
14.4833
15.5567
15
15.5567
14.4433
15
14.4433
13.76
14.3433
15.55
14.4833
15.62
14.4433
14.8733
13.91
13.75
14.4433
15.62
15
15.6333
13.7867
15.0567
13.9267
15.07
14.49
16.1133
14.4433
14.9467
13.8867
15.5567
14.39
15
14.89
15.01
13.9333
15
14.49
15
13.24
15
14.3333
14.9467
13.9267
15.0567
13.8867
15.0633
14.49
15.5667
13.8867
13.75
13.37
15
13.8867
15.0867
13.2633
14.4433
13.4167
15.0033
13.8867
15.55
13.8867
15
13.9067
15.0867
13.9067
14.8667
12.9125
14.9367
16.64
15.5533
15.02
15.0567
11.1233
14.5
13.78
14.4433
11.6467
12.78
13.9
14.9933
14.4833
14.88
13.8867
14.8633
13.27
12.2233
13.89
15.5567
13.7867
14.5
12.22
15
14.4433
15.0567
13.8867
14.9933
13.3333
15.0567
14.4433
15.0967
14.5
15
13.8867
14.8633
14.4733
14.4433
13.8867
15
13.7867
12.81
14.4433
15.0567
13.38
12.8333
12.2967
15.6267
13.38
15.07
13.9467
14.8733
13.27
14.4433
14.3333
12.28
13.9267
14.4433
13.9333
15.01
13.9333
14.3167
13.9267
15
14.4433
15.5567
13.3333
14.8633
13.8867
12.8267
13.8267
14.4467
13.8867
14.4433
13.9533
15.0567
13.8867
15.5567
14.49
13.385
14.3733
15.08
14.3733
15
14.3733
15.0567
14.4733
15
13.8867
14.4433
13.9067
15.42
13.7967
15.5567
14.3333
15.5567
14.4433
15.4133
14.35
12.78
13.9333
15
14.4433
15.5567
15.03
15.4133
14.4533
15.5567
15
14.88
14.4433
16.1233
14.4433
16.05
16.1133
16.6633
14.4633
15
14.4433
15.5567
15
16.1133
14.49
14.5767
14.4833
14.8733
13.7867
15
13.8867
14.92
13.8333
15.08
13.97
15
13.8867
16.1133
14.3433
15.6133
14.4733
15
13.9333
14.93
14.4433
15.6967
13.85
15.5567
14.4433
15.5567
14.5
15.42
13.8333
15.5567
14.49
15.5567
15
15
13.9267
15.5567
14.4633
15
13.7867
15
15.5567
16.1133
14.4433
15.1433
13.9067
15.56
13.8867
15
13.9333
15.5567
14.89
15.6333
14.5267
14.4433
13.8867
15
13.9267
12.9575
13.8033
15
13.9333
15
14.4433
16.11
15.02
15.5567
14.4733
15.6133
14.49
13.6475
14.38
16.1467
14.4433
16.1133
14.94
15.6433
15.0667
15.55
14.4433
15
14.4433
15.5567
15
15
15
15.5567
15
15.5567
13.8867
15.5667
13.9333
15.55
13.8867
15
13.8867
15.0633
13.8333
15.42
14.4733
15.5567
13.9467
14.8733
12.1933
14.3733
13.8867
15
13.87
12.7767
13.9333
15
14.52
14.4467
14.4433
15.5567
12.26
15.1333
15
15.5567
13.36
14.4433
13.9333
15
13.4125
14.8733
13.3333
14.32
14.4733
15.4133
13.9067
15.55
13.9267
15
13.9267
15
13.3333
15.0033
13.8867
15
13.3333
14.8733
14.4433
15.0567
13.8867
15.0467
13.9067
15.0567
14.4433
15
13.9533
13.785
14.49
15.4833
12.1467
15.1333
14.4433
15.5567
14.3433
15.5567
13.9067
15.0033
13.9733
14.8667
13.8867
15.07
13.3333
15.5567
17.2667
15.5567
13.9267
15.5567
13.9333
15.4833
14.4433
15.6433
13.7867
15.6967
14.3933
15.08
13.8867
15.62
15
15.5567
15
15
14.3333
12.78
13.8867
15.0567
14.3433
15
14.4433
15.42
13.8867
15.5567
15.0467
15.42
13.9333
14.5
14.3333
16.1133
14.4633
14.92
13.97
15.5567
15
14.9933
14.3333
12.78
13.9333
15.6433
14.4433
14.8733
13.8867
15.4667
13.8867
15.5567
13.9333
15.1033
14.4433
16.11
14.3333
15.0567
13.8867
15.6533
14.9667
15.5567
13.9733
15.07
15.02
16.17
14.5267
15.0867
14.4433
15.4133
14.4433
15.5667
12.2133
12.0825
14.3333
15
14.4633
15.5567
14.4833
15.4767
13.9433
15.5567
