248
178
155
121
103
96
170
168
177
211
258
191
4416
200
210
197
238
264
263
237
218
218
286
287
312
296
213
189
174
210
229
226
348
58
118
121
530
185
189
221
392
418
603
705
798
729
863
916
652
881
383
393
29
69
99
73
106
159
110
96
611
1144
1321
1510
1623
1932
2051
1978
2942
3036
3182
2869
3058
4290
3922
4295
4757
5161
5241
5578
277
217
226
308
349
230
224
261
182
162
162
192
190
201
301
114
122
111
157
92
147
154
144
214
147
189
186
141
186
228
268
285
320
436
353
431
188
203
202
240
293
324
386
414
374
317
291
316
317
237
216
166
168
142
72
390
315
334
210
148
915
922
912
980
190
208
188
212
297
322
359
360
307
204
258
239
219
788
1147
1328
330
249
521
549
631
141
146
153
171
363
147
191
188
195
178
352
146
456
146
267
145
139
144
183
162
168
864
799
821
730
606
1012
760
987
719
2155
515
518
789
989
1072
1011
1070
2432
1587
1402
1208
1425
1288
1081
383
1022
2439
1908
749
183
155
161
171
203
291
381
410
273
266
207
301
405
154
164
139
153
154
164
152
181
149
138
135
150
107
117
111
104
146
130
134
136
201
246
240
301
356
308
347
488
466
378
323
218
205
208
277
318
207
99
100
110
120
125
139
180
163
167
199
193
181
180
179
175
156
123
50
126
142
247
200
5461
168
194
190
291
211
197
255
281
270
500
595
736
344
440
550
444
335
364
390
395
305
359
294
273
236
279
312
219
168
136
154
168
178
181
312
332
368
302
309
306
436
651
684
822
901
643
339
372
310
259
239
200
159
146
138
89
125
59
61
675
699
552
1170
1687
171
296
304
340
370
417
425
424
342
291
387
334
296
276
263
248
302
235
253
264
133
108
114
116
100
102
94
92
84
124
122
124
144
127
143
108
131
133
153
111
114
172
143
105
110
113
130
129
115
715
1351
1518
1606
1614
208
235
209
217
176
150
178
183
279
304
275
167
166
151
145
135
144
127
135
110
116
140
170
144
128
132
114
123
122
111
111
115
103
111
110
118
128
129
179
166
131
133
136
133
135
128
124
146
125
120
117
125
131
137
125
90
91
88
101
102
107
84
80
84
91
106
98
108
182
250
249
206
192
278
366
336
211
151
149
165
176
203
224
207
243
254
229
282
360
368
324
318
333
395
428
362
394
334
345
391
419
567
684
470
359
87
79
184
200
165
137
138
136
126
144
113
120
150
148
174
192
222
241
265
283
342
485
472
545
555
421
308
144
153
159
140
135
123
136
136
3106
280
186
176
281
282
508
1789
1217
121
123
125
128
113
120
374
141
644
703
153
156
491
147
474
824
1346
758
270
1277
1057
649
730
1179
1127
1052
1563
1334
1561
1795
2192
1139
711
739
834
817
801
355
392
161
2875
2988
2818
1415
2331
909
1218
862
132
187
211
383
154
176
119
126
143
167
150
145
193
282
226
204
174
195
253
328
268
270
358
388
360
413
407
400
328
343
354
360
337
344
274
289
204
222
202
162
130
152
157
175
178
166
161
157
130
128
1092
1556
1423
911
681
839
1117
430
683
574
580
499
646
589
663
517
1087
1123
763
732
860
1420
1492
102
101
112
1772
251
106
103
115
222
216
243
290
325
301
298
236
272
263
201
196
209
242
289
241
246
114
109
73
75
92
150
171
195
269
442
463
405
402
370
350
346
347
235
205
228
76
79
196
302
201
183
151
170
259
331
360
264
275
322
297
319
409
404
402
355
570
572
483
350
314
393
346
361
403
424
487
470
414
180
167
188
176
194
209
223
276
327
291
282
305
275
139
171
180
214
209
45
49
52
962
1178
111
138
197
193
152
215
265
312
117
161
116
145
280
370
352
300
221
198
262
298
384
369
336
561
366
436
472
341
220
256
225
168
172
248
185
194
130
120
196
187
177
197
252
311
332
293
254
274
379
410
331
351
325
270
313
2409
287
284
208
74
73
154
140
197
266
287
327
250
177
172
183
219
192
190
142
137
92
94
123
140
204
212
253
281
256
363
267
369
358
362
292
317
373
341
310
298
285
525
731
688
168
164
101
114
104
112
117
260
309
202
295
395
322
292
290
273
304
258
266
332
322
205
184
150
180
172
254
187
203
169
179
159
40
39
105
144
234
184
195
213
301
314
412
390
463
448
530
432
372
336
311
318
358
132
248
279
251
311
343
377
386
343
354
355
337
276
209
203
184
151
498
1000
1364
1635
57
58
155
119
110
183
364
278
221
328
146
136
121
132
180
253
229
263
307
312
313
373
184
123
129
133
194
192
178
205
250
283
296
256
218
197
226
257
211
225
262
280
483
628
1047
1111
764
504
729
627
288
318
167
156
161
169
181
190
154
170
77
175
190
187
141
157
173
177
140
140
141
146
155
142
155
211
232
285
324
314
236
170
161
180
222
228
240
219
226
221
204
233
263
129
114
94
109
157
171
304
379
502
608
607
695
437
260
115
108
113
111
142
207
230
305
361
205
288
351
387
293
326
405
579
486
547
710
604
480
620
494
570
420
333
272
167
124
102
114
665
1777
1774
122
124
171
174
207
238
265
322
270
213
205
173
195
221
272
336
394
472
519
565
523
636
345
326
281
199
238
383
413
389
364
394
376
368
193
187
177
134
110
114
90
99
187
131
117
400
114
152
160
574
218
250
280
257
246
225
167
195
247
279
334
368
334
359
500
587
612
536
728
844
566
675
616
781
702
476
297
258
223
197
234
248
260
231
215
206
177
276
277
183
299
328
157
182
167
212
172
157
133
189
185
182
172
364
378
468
761
556
606
545
286
243
109
121
166
167
136
112
119
148
182
112
331
358
377
261
319
349
322
252
215
255
284
331
569
511
431
536
520
744
485
402
351
290
237
199
211
185
150
162
163
167
171
119
114
118
176
172
168
228
280
253
189
195
278
329
292
309
299
268
263
259
171
165
127
153
178
128
177
308
686
748
164
154
165
225
243
257
194
158
124
134
118
465
114
174
141
114
91
116
140
126
147
132
176
318
460
170
170
210
175
217
156
142
66
47
151
171
174
186
605
770
991
1190
1150
1033
771
723
768
639
683
682
940
908
835
653
674
954
1028
411
204
105
116
111
110
111
110
126
118
121
127
153
176
228
296
429
404
358
351
274
247
249
298
314
352
321
211
194
158
190
251
197
149
161
108
147
182
162
215
218
168
185
126
42
41
110
152
164
141
162
153
306
512
464
665
203
2222
151
151
162
190
201
236
243
218
162
173
206
224
223
230
269
255
292
245
212
252
296
165
335
495
626
828
627
374
298
208
200
265
276
308
255
284
289
308
347
346
360
350
255
187
166
155
163
195
517
628
391
175
172
151
198
155
145
161
189
182
120
107
1572
1472
1900
118
116
115
116
160
115
112
131
137
193
135
142
167
143
149
86
339
415
1634
1067
521
612
101
95
433
749
1248
1330
116
113
118
137
131
154
165
173
147
149
113
151
151
143
164
160
71
159
136
150
141
162
158
157
156
152
120
115
1102
1238
1496
172
196
293
344
344
304
254
180
120
163
224
233
256
195
178
153
169
164
125
87
126
118
126
119
173
72
819
872
42
22
164
147
165
152
153
532
123
174
202
325
386
362
312
215
166
149
196
275
272
303
185
128
148
150
183
213
189
185
164
214
215
193
225
285
289
300
366
398
428
458
467
535
506
531
497
533
448
375
329
140
133
158
143
138
134
130
125
121
135
117
132
128
115
134
127
136
137
135
146
142
227
242
287
326
328
354
431
409
555
451
502
325
348
204
214
170
177
171
177
101
90
93
72
86
89
144
180
153
159
149
156
183
192
222
226
232
210
216
207
284
205
210
178
199
244
234
219
169
68
73
185
307
342
391
338
230
179
154
166
161
371
153
162
204
342
333
351
389
422
382
426
339
326
191
168
169
181
234
248
280
270
238
199
155
217
241
348
399
290
306
258
251
291
342
244
131
147
187
210
305
319
362
384
423
439
442
449
450
403
425
417
393
378
316
283
273
265
283
305
295
250
233
232
200
189
163
169
180
170
86
119
49
118
467
1960
123
143
171
196
229
253
269
233
281
268
234
199
166
188
206
223
267
252
254
165
137
138
138
135
231
264
280
338
303
212
174
182
154
167
161
193
181
158
211
230
178
158
152
143
115
141
157
118
119
112
116
115
116
125
118
119
120
132
128
131
132
110
139
131
130
133
136
141
135
132
119
135
139
148
139
134
152
151
175
164
183
173
192
212
178
146
142
149
146
154
145
160
157
173
127
66
69
41
42
41
38
38
74
62
60
62
129
124
121
134
126
125
119
124
126
122
122
128
123
117
114
118
162
161
139
152
156
166
229
227
274
216
161
139
136
144
160
262
347
364
384
578
626
385
289
297
337
365
326
345
271
293
300
277
159
157
174
172
175
155
175
145
67
166
150
150
144
146
186
146
144
143
145
158
160
153
136
144
134
131
127
130
121
122
114
112
116
120
129
130
179
172
152
158
169
199
101
196
124
151
192
160
146
149
261
286
257
254
182
159
163
141
129
122
94
93
117
122
119
123
157
159
138
179
149
131
148
137
145
142
148
146
151
137
124
123
120
127
137
127
121
125
125
124
128
123
126
127
125
126
422
113
117
121
122
116
123
139
140
129
152
151
157
173
180
207
294
309
344
294
302
242
175
143
140
155
202
217
186
260
394
324
168
128
138
133
132
148
139
133
142
155
128
168
156
157
146
169
147
145
161
150
156
136
170
160
159
135
160
142
144
131
138
139
154
145
135
141
153
129
133
136
129
137
140
134
144
167
315
435
809
939
779
635
581
1107
865
650
419
291
139
122
130
122
127
123
137
126
130
117
119
132
114
133
124
134
147
148
159
156
167
186
220
251
287
304
294
244
210
195
226
196
263
342
372
432
427
429
461
349
256
201
113
102
88
70
84
154
155
149
163
158
156
140
177
160
150
153
143
151
150
149
200
218
213
211
229
235
255
189
193
216
209
