564
730
770
910
1035
1065
953
1005
996
901
939
988
1020
876
870
809
884
926
829
712
624
632
596
510
526
99
85
85
87
93
57
101
177
221
332
338
263
304
358
385
397
426
461
418
448
432
416
425
439
423
370
404
387
185
184
104
108
121
120
127
52
93
151
161
160
177
193
119
143
151
138
143
146
173
226
206
243
238
294
226
209
222
136
129
133
182
253
218
216
203
143
103
162
180
223
282
262
289
260
271
248
234
309
319
266
207
198
223
250
193
144
121
104
161
178
161
204
195
189
214
204
220
219
154
118
124
174
232
316
340
398
401
392
349
388
345
363
516
460
411
413
331
367
330
288
293
225
226
200
203
197
1185
1081
1174
1336
1174
839
657
507
274
241
187
165
86
93
57
93
131
123
109
118
128
246
231
309
217
87
85
79
73
92
97
96
172
179
178
183
150
174
166
161
151
169
94
99
134
152
153
132
134
141
23
21
95
90
89
90
103
67
24
53
197
202
120
139
215
196
229
173
178
198
192
316
263
250
237
302
292
318
294
245
246
252
211
218
150
87
96
56
116
95
87
86
32
28
29
12
12
12
147
140
161
183
224
325
288
263
320
365
331
316
369
303
267
232
241
237
196
137
2858
2781
2891
123
236
314
256
267
275
370
362
340
320
221
265
248
316
342
321
319
335
317
328
306
305
269
273
261
238
208
105
141
144
170
167
179
178
177
203
236
258
251
265
319
287
293
211
142
176
184
201
193
157
75
116
127
98
106
126
63
91
115
112
670
2941
2848
2924
213
241
260
242
250
316
325
275
283
301
373
428
407
414
438
526
478
384
374
462
398
366
311
227
148
137
144
149
126
78
95
55
57
69
88
105
107
228
249
222
133
131
126
146
117
182
146
161
193
217
187
153
161
155
213
142
196
189
187
190
184
224
322
296
274
278
172
202
214
182
179
102
95
141
136
175
187
175
211
239
251
245
241
209
223
290
272
268
228
211
157
290
2003
188
700
556
931
117
450
221
195
243
233
274
410
414
417
820
1010
903
965
837
897
207
199
241
292
484
91
88
91
402
534
561
584
642
593
592
625
719
810
790
789
863
722
714
860
949
1099
718
574
570
282
288
234
149
134
87
110
108
146
174
180
182
90
89
61
49
59
68
70
94
116
171
169
99
143
149
152
165
165
160
157
183
191
179
185
248
188
215
207
284
355
337
234
169
210
260
237
193
162
132
111
159
119
215
148
185
236
267
266
354
355
374
402
460
493
548
535
681
760
763
741
776
824
919
882
809
801
662
536
366
230
157
124
151
160
139
239
152
188
297
295
319
423
364
343
344
374
308
347
282
239
264
255
240
279
288
361
258
201
198
165
145
125
200
214
297
332
379
391
277
256
318
326
342
272
173
141
153
172
171
81
99
150
173
217
330
369
521
712
648
623
615
631
612
706
685
546
628
635
736
725
773
587
701
819
832
911
943
948
796
709
613
683
689
800
826
617
636
707
762
615
540
601
742
611
577
571
342
295
269
200
101
189
137
118
138
145
120
130
109
110
85
62
175
201
185
231
255
267
280
279
345
240
241
247
279
251
275
296
355
289
278
167
122
152
86
81
88
102
93
65
58
54
60
56
95
92
113
156
159
149
195
182
211
162
134
98
130
158
173
161
219
164
160
135
129
174
191
280
228
411
439
430
321
204
168
168
235
229
353
383
418
382
291
284
289
252
188
183
184
233
227
205
156
141
159
132
158
104
124
97
160
186
193
277
263
196
193
282
254
243
282
250
280
240
191
166
157
159
152
134
150
160
218
293
336
315
332
353
306
405
392
413
448
399
404
430
370
253
225
172
149
123
164
126
146
146
175
153
180
225
270
390
415
426
392
491
525
596
466
505
531
492
513
399
369
339
319
290
324
324
323
77
79
151
134
147
147
144
171
163
166
169
172
191
180
221
177
207
211
284
223
208
245
217
270
254
303
315
337
377
392
449
429
533
521
699
499
692
575
489
606
620
610
575
505
491
440
331
335
388
296
234
191
179
129
115
89
88
94
61
93
113
104
84
96
60
126
139
117
155
173
200
205
222
270
255
251
257
224
225
195
165
189
167
111
114
86
104
117
61
52
58
67
72
106
103
165
154
170
132
152
179
207
201
109
136
120
139
231
300
402
462
501
494
619
688
796
979
908
989
1022
1035
843
943
1061
1056
1009
904
1098
440
397
358
317
247
219
220
209
185
181
210
129
204
208
215
208
275
250
264
241
262
140
263
240
271
444
273
231
157
149
141
5059
162
229
203
221
222
273
330
406
366
397
338
315
300
194
137
258
118
107
195
182
168
219
319
272
301
412
409
466
395
308
281
210
176
202
141
238
260
268
255
211
121
144
210
418
123
142
145
202
151
148
172
242
236
306
359
422
645
853
767
958
973
1108
1034
1149
1261
1143
1108
917
555
366
502
350
397
280
255
102
93
86
127
137
133
154
158
200
188
183
291
283
302
257
292
289
250
264
241
247
234
283
306
360
386
480
519
447
555
632
645
676
651
723
583
572
610
666
587
581
444
539
673
774
757
747
640
709
591
536
340
199
139
96
60
92
88
103
147
202
492
563
565
560
217
211
181
143
131
64
63
108
190
315
379
442
617
267
240
246
305
382
404
364
365
376
340
282
301
463
350
289
318
274
233
130
132
88
94
104
94
110
113
167
176
192
174
171
177
198
173
142
145
141
181
175
179
161
160
164
217
271
300
278
304
313
257
271
326
349
349
367
487
644
948
1000
955
925
1091
1140
766
403
225
148
98
92
130
105
114
138
125
93
138
202
156
218
233
178
195
223
275
341
379
266
321
320
290
277
166
186
241
245
275
258
290
119
265
432
409
431
438
446
397
389
390
344
359
326
269
296
284
281
357
400
437
363
340
357
352
249
219
235
209
233
249
258
330
350
404
391
372
386
432
344
336
286
301
273
255
208
266
180
126
140
160
208
252
376
425
502
554
647
613
736
775
734
626
623
668
697
635
667
629
516
506
461
428
371
408
410
370
394
307
257
176
101
96
83
256
401
139
202
148
167
160
168
170
153
196
230
256
282
427
458
347
342
287
259
278
286
224
286
378
336
356
327
282
365
458
522
476
544
520
547
515
605
544
469
551
543
618
612
514
601
690
666
648
523
447
418
357
339
268
196
175
117
120
101
94
92
91
60
90
95
105
82
83
151
118
156
190
291
292
313
291
250
256
239
230
220
214
188
185
121
138
135
105
153
194
209
223
142
114
81
82
82
98
59
53
59
62
71
100
99
96
94
154
162
112
149
124
122
128
102
106
117
119
128
97
104
121
142
163
148
227
267
329
337
442
442
408
394
452
410
402
379
438
420
371
497
482
510
503
461
330
407
438
481
444
418
513
522
524
787
674
912
954
884
1017
1046
671
594
548
461
452
423
279
378
366
311
274
252
308
276
259
163
183
189
215
547
879
798
697
411
371
702
807
871
537
430
427
373
328
322
301
281
262
252
242
206
168
213
661
525
603
602
614
838
990
1047
1051
1373
1259
1621
1680
1551
1787
2325
2014
1853
1920
1993
1841
1861
1901
1863
2134
1974
1868
1775
727
941
1038
799
672
679
592
358
249
237
203
223
217
209
206
157
244
283
380
458
500
628
724
739
931
905
891
1002
970
912
999
963
972
760
648
569
586
527
465
507
420
403
330
278
191
173
220
2268
2190
108
122
245
300
176
172
233
272
299
307
283
317
239
234
240
201
162
179
276
279
346
399
488
645
618
556
538
1031
880
1286
1060
1202
1220
1379
1283
1167
1064
825
742
702
705
586
674
517
424
333
262
193
223
173
170
192
187
254
321
351
487
708
634
630
454
340
181
140
186
348
413
416
494
548
726
779
907
1031
1221
1154
1356
1602
1637
1672
1442
1030
1135
1069
821
658
633
430
307
415
493
465
542
455
408
445
463
434
419
405
410
417
403
433
413
408
533
640
573
600
876
1003
1080
1133
1302
1330
1374
829
992
1307
1822
1761
1720
1893
1449
1319
1197
482
638
553
528
307
232
290
294
187
186
163
148
150
174
205
214
172
94
66
79
88
107
103
121
100
122
114
131
140
138
147
150
168
155
153
151
147
158
162
143
166
149
158
144
122
124
145
123
122
231
115
242
138
113
135
137
107
126
75
70
88
84
81
84
77
82
71
67
75
59
51
53
63
133
115
102
92
88
118
109
109
101
93
94
94
14
93
86
52
34
32
33
60
95
97
93
73
95
92
100
96
72
119
134
132
132
137
140
136
139
138
138
144
145
129
143
134
124
138
137
147
142
142
148
139
143
145
148
125
128
123
133
139
125
125
139
136
131
137
126
113
131
136
138
143
154
158
140
130
124
11
67
70
97
78
44
12
34
31
82
63
66
114
131
136
138
147
137
162
167
145
157
212
230
259
199
170
216
191
149
165
195
176
182
154
163
225
234
180
178
146
109
116
103
144
180
159
178
148
113
103
57
58
120
121
96
101
99
94
92
35
31
13
13
12
103
109
96
94
139
101
139
160
199
220
358
359
459
443
477
314
384
428
338
145
175
175
171
182
162
144
176
207
169
146
125
99
97
97
83
87
90
90
50
93
91
19
19
91
55
50
49
53
52
54
53
85
51
53
18
56
54
10
9
113
116
100
118
117
129
159
169
213
373
405
387
450
434
293
244
238
219
190
202
209
222
185
168
133
141
157
181
627
142
137
150
731
4630
4562
4891
4813
104
105
107
111
98
119
118
133
148
162
371
148
146
158
175
223
171
162
159
207
156
165
163
195
156
195
154
149
153
128
118
133
168
152
150
146
164
156
158
184
249
232
235
235
253
287
310
327
351
333
329
308
284
284
229
145
196
166
199
197
131
134
134
79
77
95
87
103
90
85
94
115
70
73
163
215
298
302
246
188
124
155
154
156
116
2769
2697
2833
2730
3799
3853
61
102
106
135
110
112
108
118
115
106
132
128
119
132
112
136
134
111
108
95
89
119
116
114
113
78
79
106
104
108
95
101
98
92
15
98
96
100
83
84
87
55
38
37
35
34
34
61
57
96
97
95
99
98
110
104
102
105
119
124
177
113
100
130
115
100
127
136
111
129
127
107
106
106
104
122
99
97
123
114
116
107
103
101
99
100
109
102
109
110
98
97
100
102
106
152
155
164
171
173
201
163
168
159
155
158
167
151
170
161
186
172
194
341
166
173
187
166
178
158
174
136
140
155
190
184
174
150
140
197
193
174
179
161
153
256
285
217
146
142
161
157
164
131
151
178
169
150
124
120
112
91
123
126
160
198
130
138
143
147
136
140
127
131
147
130
125
140
145
135
1612
1738
70
109
133
141
134
145
131
137
141
195
163
131
135
148
146
154
147
147
197
211
202
169
143
135
127
128
170
166
160
144
157
156
149
153
163
140
120
115
121
113
116
101
102
103
108
112
107
106
112
125
103
105
129
111
141
116
114
167
139
128
117
126
138
132
103
113
122
127
158
116
125
120
172
170
200
216
183
177
185
224
289
297
258
246
244
214
233
181
194
181
189
197
208
181
166
166
193
172
147
159
179
165
167
191
140
175
143
184
169
126
125
123
129
121
122
117
107
108
97
106
99
114
120
468
474
219
226
420
521
527
609
227
273
303
153
105
113
115
111
109
118
110
107
105
102
108
116
112
114
110
104
111
101
105
104
107
115
110
116
124
120
117
111
136
127
121
131
129
119
134
137
118
114
123
124
132
184
201
209
251
245
215
252
304
239
189
194
245
396
385
285
271
308
305
