104
100
99
154
120
90
92
71
339
178
144
143
179
245
166
139
112
95
70
74
88
75
77
110
83
66
59
64
72
71
53
61
73
71
66
42
59
39
49
51
44
45
36
36
34
45
45
42
61
50
43
46
41
61
171
95
60
65
55
58
51
48
42
35
37
35
33
44
93
107
67
77
42
41
41
61
44
27
37
36
49
36
41
32
50
43
50
47
50
45
56
40
32
57
73
49
59
140
56
44
38
37
28
30
32
38
47
31
30
26
20
36
28
23
15
25
20
19
19
18
21
17
11
32
13
13
31
23
19
22
18
23
42
14
14
23
15
15
11
18
11
20
26
14
17
17
18
20
22
19
31
16
17
17
27
32
27
30
21
24
29
30
14
30
10
41
18
25
44
36
16
39
19
34
42
30
24
35
34
23
50
39
32
42
38
34
42
44
53
37
29
28
41
34
37
222
46
32
37
110
65
42
54
66
46
42
38
102
92
62
62
56
86
67
62
56
61
58
52
50
51
47
41
52
37
68
68
109
80
108
65
172
172
271
456
440
477
426
284
159
112
118
70
59
51
63
45
108
68
105
52
95
111
116
155
141
115
137
112
113
136
119
97
102
101
96
87
93
103
96
99
110
90
154
131
130
100
93
95
109
92
111
99
122
89
108
106
118
110
138
111
123
120
89
88
147
129
141
129
81
90
90
96
95
85
96
114
60
73
88
106
103
115
90
93
96
106
91
78
86
90
96
74
96
114
99
77
83
80
85
81
89
80
79
76
97
86
96
79
89
86
78
87
87
111
112
101
111
98
76
73
97
114
104
117
105
100
112
131
107
81
100
76
87
96
87
87
73
204
229
79
70
63
62
66
66
58
63
36
24
19
19
24
19
27
15
23
25
28
20
14
17
57
43
27
30
26
26
17
82
27
22
42
19
15
19
17
21
21
24
15
16
20
27
20
20
7
10
17
17
9
18
12
16
18
10
10
8
11
14
13
18
21
13
13
26
26
19
12
24
14
10
28
9
12
15
12
28
23
7
14
13
15
11
15
11
14
13
13
21
22
29
10
18
15
9
16
20
17
26
17
26
24
18
13
19
21
20
22
18
19
23
13
18
17
35
20
23
29
40
24
32
26
23
27
36
26
42
28
32
25
21
41
15
55
36
27
37
29
33
44
35
30
37
26
26
48
40
44
42
37
44
53
37
67
33
33
43
44
34
20
37
52
37
33
36
37
29
33
37
32
39
42
52
84
30
25
21
22
32
46
24
19
25
24
42
60
63
35
35
26
22
52
38
37
26
28
51
41
28
55
29
28
20
31
32
40
20
32
33
33
40
20
35
40
20
32
29
29
28
30
39
24
22
32
26
31
40
37
36
24
14
26
37
24
26
24
38
18
35
20
34
16
26
18
33
38
36
25
28
21
13
30
25
30
21
19
38
40
33
22
13
16
47
32
35
20
30
17
24
17
16
30
16
9
32
33
35
22
20
14
22
29
17
26
24
31
19
20
27
16
26
51
32
40
34
22
45
23
38
24
19
14
24
22
17
21
23
27
19
19
21
28
14
11
9
20
16
13
11
12
12
31
20
22
12
15
6
14
11
14
71
9
4
15
19
15
15
17
6
18
19
23
20
11
14
8
12
13
17
10
11
11
19
13
8
16
14
7
12
22
10
11
24
14
18
18
7
9
8
12
14
20
27
10
13
10
17
30
16
11
13
19
12
12
19
20
24
22
26
19
16
43
21
18
22
25
24
25
36
16
23
35
26
79
22
16
29
16
24
27
12
14
19
21
20
21
22
21
23
21
19
51
134
58
43
34
29
52
36
43
31
27
33
24
28
22
39
34
35
30
33
27
17
24
31
53
59
29
82
26
31
22
34
27
33
30
37
31
47
40
34
42
44
34
62
26
29
37
37
26
32
32
36
23
25
21
30
34
20
15
25
44
41
36
45
33
42
44
58
26
39
70
29
21
30
90
108
101
68
36
34
51
37
42
38
42
42
29
43
47
35
37
25
27
33
26
25
50
34
32
38
47
38
33
41
26
31
23
24
31
31
36
32
36
37
30
20
38
29
26
36
31
41
29
31
34
28
36
27
18
48
21
20
20
28
30
33
30
21
30
17
23
57
58
36
50
32
22
33
24
22
33
36
36
25
48
42
23
33
36
40
35
39
41
34
26
26
32
31
26
32
34
17
17
25
25
29
25
19
21
21
20
18
18
39
17
21
15
25
18
22
25
14
27
12
18
15
22
48
34
10
9
18
12
23
40
23
21
19
31
16
11
17
15
23
12
17
15
36
16
21
30
11
20
12
14
38
24
19
30
21
21
27
52
25
33
21
29
29
18
21
43
30
25
31
29
23
32
21
31
35
30
33
26
40
42
33
29
31
45
41
35
34
52
40
46
37
36
59
44
48
72
60
32
37
61
35
37
52
59
56
49
40
22
104
110
96
346
195
149
116
127
105
82
72
83
101
76
72
57
51
77
56
68
83
60
91
66
70
70
58
54
65
48
48
37
60
54
60
46
59
66
63
78
61
42
67
63
60
58
47
55
41
51
59
54
41
52
44
93
64
74
37
79
76
58
61
44
52
78
67
55
72
65
52
48
59
59
99
56
48
39
32
36
48
63
79
69
55
42
33
29
34
39
46
40
44
26
37
23
39
34
57
29
129
74
58
59
60
37
68
54
45
35
35
49
31
33
43
38
69
59
42
84
63
62
96
76
64
59
52
43
75
47
74
60
53
42
48
33
46
35
51
43
68
35
39
36
39
28
27
21
43
46
30
33
73
235
113
107
81
60
63
44
53
41
57
66
77
446
226
112
87
86
97
57
56
44
30
31
33
35
75
47
240
92
52
45
34
26
38
13
30
25
26
63
28
32
50
29
18
23
23
46
37
18
46
32
28
30
28
24
11
13
19
23
24
26
17
15
18
23
21
15
11
27
18
20
31
82
13
26
22
13
39
22
23
10
20
25
24
29
20
22
25
33
35
24
21
29
30
28
32
36
40
41
37
26
46
43
57
33
40
28
120
106
76
93
49
40
57
49
62
264
169
97
79
104
69
56
95
68
94
72
91
95
72
81
68
77
80
71
79
68
72
65
79
89
80
75
194
193
162
141
133
107
114
98
108
78
85
72
79
90
67
78
85
68
95
96
107
67
67
70
84
91
66
93
112
101
68
132
99
92
106
111
86
112
87
79
102
89
60
94
120
103
94
69
85
82
82
61
90
77
91
134
76
83
165
105
379
1698
3228
2234
1452
865
1088
1585
1132
643
536
369
294
272
169
151
143
170
147
694
396
203
191
165
120
122
99
109
146
248
394
416
342
219
293
316
505
292
233
381
343
501
379
312
325
257
233
188
153
198
195
294
343
172
174
103
107
69
66
102
68
74
50
52
51
85
116
60
48
49
54
47
50
47
47
51
60
201
173
453
342
186
130
120
129
181
137
115
73
71
83
47
44
47
33
45
54
44
33
52
58
48
39
34
35
33
31
48
41
17
24
32
29
23
26
33
23
21
15
15
44
24
19
37
26
17
24
19
21
28
23
14
20
22
91
147
94
48
56
35
22
9
17
17
15
24
15
20
11
12
12
20
14
27
21
34
36
32
19
19
25
18
16
20
30
19
16
25
21
37
33
26
39
29
43
66
15
16
31
32
26
79
33
36
33
29
37
45
34
21
18
34
39
77
48
35
33
19
42
37
45
45
48
48
39
56
60
77
42
46
47
52
44
43
54
36
119
130
149
86
79
70
67
77
57
56
74
67
59
54
57
61
71
40
72
38
62
51
50
65
64
59
62
58
56
57
58
53
101
61
50
42
66
62
80
71
67
81
70
66
75
68
47
49
54
1458
46
72
69
47
59
68
139
93
83
49
132
183
2300
118
94
78
73
44
56
74
65
93
89
85
125
98
112
110
67
103
93
113
81
97
167
243
215
87
93
156
147
101
64
58
59
76
68
60
65
76
93
45
46
48
48
59
57
196
158
105
108
78
68
52
74
108
87
65
78
72
193
65
42
63
88
65
96
72
67
50
71
59
60
49
63
53
64
43
67
27
47
53
42
31
50
46
36
45
32
34
51
29
36
28
29
23
39
19
27
26
26
50
52
36
25
26
29
41
26
32
39
72
34
26
28
25
26
25
38
24
16
12
11
21
18
13
39
19
31
14
13
15
19
16
9
19
19
16
25
15
12
9
6
10
16
12
29
18
14
8
13
12
11
8
7
7
14
14
13
10
12
12
19
18
18
10
16
11
17
12
15
13
15
12
23
16
8
13
10
18
22
37
19
19
11
11
26
24
19
42
25
29
37
33
24
19
24
23
52
21
23
20
35
68
108
105
138
113
98
93
95
44
20
30
22
24
39
135
43
49
38
27
58
46
31
36
29
49
51
57
26
47
48
50
57
52
50
98
99
54
84
71
134
84
84
55
85
55
53
60
64
52
67
47
42
54
67
53
73
56
60
51
62
69
82
50
55
51
49
47
82
47
42
50
73
84
71
94
55
56
63
76
65
34
43
41
43
47
58
50
40
40
47
54
48
77
56
53
63
97
75
58
66
49
52
44
99
50
150
70
72
67
55
34
45
44
33
27
37
39
53
41
38
36
65
71
51
54
33
52
63
37
27
60
60
66
118
232
308
388
368
253
225
135
153
192
143
110
106
91
76
94
73
67
52
62
56
51
53
77
50
38
47
55
69
56
65
25
28
34
40
38
38
53
91
42
38
40
40
33
45
30
27
13
61
23
27
34
37
24
29
23
15
17
21
25
47
30
23
30
23
36
22
25
24
26
33
19
24
19
28
24
14
17
21
19
11
23
17
23
46
14
10
24
18
9
32
14
9
8
18
8
25
28
53
58
29
22
20
19
15
17
16
9
18
25
23
10
11
4
18
11
16
7
9
24
25
15
18
18
15
16
16
9
18
23
10
20
30
23
16
21
19
9
39
16
18
26
25
29
39
15
24
39
24
74
28
25
35
26
29
31
27
42
39
29
24
22
45
40
59
53
59
33
146
488
284
232
240
231
254
162
162
140
108
117
148
131
122
93
106
106
109
65
81
76
63
66
69
71
58
64
77
86
101
63
65
72
65
77
75
68
51
42
82
92
68
85
64
48
74
46
59
43
37
132
114
69
105
87
68
89
90
71
59
72
73
74
69
37
66
68
52
1549
571
345
308
205
190
171
132
134
132
147
140
120
129
135
117
91
118
89
95
93
87
111
88
97
86
86
79
63
76
77
64
56
60
57
75
72
118
88
100
67
60
71
68
64
69
49
56
66
49
67
68
38
54
44
40
49
58
69
84
101
61
37
57
43
40
37
52
34
37
31
26
42
39
35
34
33
33
43
41
28
49
32
24
28
27
29
74
30
28
34
25
17
37
38
35
20
39
36
46
41
19
34
38
35
51
32
28
33
21
27
48
42
34
36
40
24
38
47
24
22
22
37
30
20
29
28
23
30
26
49
31
18
19
18
28
14
14
24
15
22
16
17
29
23
19
24
22
13
38
52
34
17
22
16
26
17
21
34
26
24
17
23
16
18
26
18
24
25
19
25
27
85
32
29
23
21
17
18
13
11
18
31
30
53
19
14
27
16
25
32
21
19
21
13
20
16
16
12
13
24
33
32
25
30
22
19
27
25
19
30
29
26
26
31
37
22
33
21
32
27
29
29
31
22
47
37
44
1064
31
30
48
38
36
28
37
35
32
36
34
30
44
30
58
34
31
19
26
34
46
37
28
43
37
32
46
37
22
31
42
28
40
123
49
41
54
52
60
49
33
63
50
44
122
59
51
57
50
75
107
65
58
60
60
65
53
69
49
61
55
86
104
80
67
51
62
44
31
34
35
35
29
28
46
36
48
75
31
29
33
73
43
27
37
26
57
30
25
29
35
39
36
38
211
73
68
58
58
59
53
32
37
31
40
34
27
27
42
19
39
40
31
49
34
34
33
39
37
40
31
27
45
34
40
20
28
29
43
30
21
41
30
41
32
25
21
29
23
35
33
22
31
26
120
56
42
49
36
33
38
31
34
32
47
32
23
24
28
34
32
28
22
28
47
22
15
21
26
14
32
22
28
18
41
27
32
20
18
18
19
21
22
40
47
60
29
25
22
22
35
13
21
21
24
22
14
17
14
14
16
16
14
19
17
15
17
13
43
40
17
21
13
12
12
12
15
13
20
14
12
11
17
13
11
12
10
11
18
19
13
32
28
15
17
15
20
15
13
19
8
10
29
44
23
20
11
14
17
15
22
8
17
17
17
17
16
18
23
15
14
14
11
8
16
27
39
41
23
33
17
13
29
15
25
23
25
22
30
15
29
39
24
31
25
23
24
34
21
29
43
51
38
34
40
29
37
34
23
26
33
36
42
22
30
32
28
23
176
56
34
42
30
45
40
40
53
32
38
30
52
33
29
25
30
31
46
30
32
39
131
72
58
55
55
44
37
130
88
53
36
37
27
54
44
35
32
21
45
48
41
36
32
29
28
43
39
33
36
31
30
27
46
36
42
46
52
51
66
30
28
17
22
17
48
27
33
23
28
21
24
15
27
21
24
16
44
32
26
19
50
23
22
41
29
29
21
51
40
114
73
46
45
36
68
45
46
35
48
38
35
21
30
36
31
34
64
53
39
110
96
66
55
42
46
41
26
41
25
38
39
32
28
29
38
39
23
44
34
20
31
55
57
45
28
37
38
37
24
35
44
41
26
25
22
21
26
31
46
34
35
28
23
31
34
275
138
43
52
44
28
26
28
25
27
19
49
40
49
33
21
36
63
86
91
79
66
55
42
45
47
42
47
43
61
64
64
64
52
57
36
42
62
35
63
44
41
29
36
25
32
36
36
24
33
20
43
24
42
86
32
35
26
46
42
34
38
41
40
42
59
57
50
64
52
42
37
52
55
102
117
113
111
149
103
99
97
108
106
78
118
117
93
70
91
72
66
69
71
62
74
86
85
93
109
113
96
84
62
114
79
98
92
69
93
93
82
84
109
137
180
197
124
141
123
112
248
169
147
154
1592
1464
1422
797
567
443
399
479
529
425
424
600
458
343
551
979
1148
1100
981
1087
822
649
561
780
591
466
523
654
846
754
613
996
1018
1088
856
685
516
430
542
496
537
575
603
417
344
397
374
341
323
418
533
461
506
473
499
418
423
449
380
433
418
362
374
396
340
354
616
265
245
388
314
341
349
334
307
362
294
342
309
258
287
294
373
317
300
316
346
352
297
296
286
263
283
293
354
281
290
223
231
271
316
302
375
273
269
247
278
296
269
249
290
260
278
309
246
252
242
204
240
318
500
426
369
409
370
292
333
299
318
315
296
271
288
274
269
259
278
273
319
295
271
188
181
175
171
157
146
173
165
307
380
315
342
296
267
298
294
255
241
213
242
203
214
180
142
187
204
199
224
189
174
179
175
141
180
157
145
140
148
157
138
102
139
134
130
85
85
68
96
72
71
86
92
70
71
50
66
75
49
56
49
58
58
123
79
94
58
57
38
54
61
41
51
67
67
51
89
71
63
65
63
53
57
73
67
80
65
64
82
72
73
59
81
65
80
81
68
69
113
99
82
90
96
88
106
95
74
80
87
69
81
101
98
120
90
118
81
104
96
97
114
101
97
89
118
115
102
114
142
110
121
115
140
303
99
131
147
213
152
285
1835
254
197
226
177
181
188
168
168
132
157
157
140
146
158
129
173
133
171
213
188
139
146
151
220
174
126
175
122
147
190
172
207
194
147
121
117
125
175
179
189
146
112
115
99
100
110
114
97
88
102
122
106
101
75
87
96
123
111
114
108
90
88
95
81
72
108
99
107
158
557
248
196
134
122
122
99
92
87
90
94
88
95
101
95
93
80
70
65
100
86
74
77
90
69
78
81
89
70
46
70
55
50
61
112
78
78
93
74
46
68
57
74
50
88
96
62
65
74
82
71
67
102
97
102
69
49
64
119
99
85
72
76
54
94
90
81
55
56
44
55
68
49
106
58
60
97
51
51
48
52
39
50
60
49
44
47
38
36
46
28
46
47
31
42
34
33
27
22
34
39
33
30
21
21
27
32
38
33
26
25
32
26
19
20
22
18
16
13
0
0
0
0
0
0
0
0
0
0
0
0
0
0
0
0
0
0
0
0
0
0
0
0
0
0
12
21
35
24
23
27
30
31
49
56
48
88
74
50
50
58
60
56
63
40
46
61
47
47
53
51
80
69
129
134
268
108
74
90
84
113
65
52
54
73
71
76
74
69
52
95
75
71
78
98
90
77
88
120
99
109
104
132
96
137
129
113
116
105
103
115
110
117
108
95
88
120
118
120
87
105
105
122
139
98
130
111
97
95
94
109
79
100
84
93
112
100
123
172
186
139
135
145
119
150
113
95
113
114
108
100
106
120
185
256
210
108
112
123
121
134
90
106
105
109
112
98
122
88
97
131
99
125
97
142
92
91
78
91
68
81
88
74
61
69
57
63
63
84
56
66
66
63
74
79
49
57
33
61
39
35
35
53
54
54
47
54
69
61
59
58
53
50
41
44
37
48
36
41
48
55
31
48
61
66
40
54
70
72
34
54
37
29
77
84
56
57
61
53
52
51
81
59
44
45
43
50
41
51
43
52
42
46
34
45
45
36
26
47
42
45
40
34
43
29
37
37
35
40
34
41
25
28
28
30
24
29
13
22
23
22
25
21
18
36
30
22
16
0
0
1
13
25
29
16
25
12
17
20
20
23
25
21
17
17
22
28
20
23
19
19
15
11
26
20
15
5
20
19
21
14
23
10
17
10
16
17
20
13
7
21
11
23
10
19
0
2
16
17
23
26
18
37
28
23
20
11
11
21
18
25
22
67
21
15
57
29
17
16
13
16
20
21
22
29
35
33
29
28
30
30
49
27
16
29
26
40
33
56
58
42
42
36
56
46
49
43
52
51
28
73
59
36
49
100
105
68
55
46
48
52
56
38
46
50
38
55
34
44
45
49
33
57
56
57
29
34
32
35
47
30
40
26
38
50
47
54
55
41
38
36
44
51
31
37
33
468
188
115
82
91
81
153
91
89
88
75
97
69
88
90
52
49
70
66
80
73
73
116
93
63
49
70
59
56
47
50
53
50
72
96
76
55
43
66
40
62
61
97
104
91
116
83
55
71
57
64
45
53
65
54
53
44
75
191
66
75
87
54
91
64
64
43
56
45
66
46
32
53
52
39
42
48
71
54
55
37
46
33
39
59
49
60
52
33
37
50
54
42
50
127
89
82
45
73
49
46
41
56
69
46
39
37
42
41
22
34
23
25
24
79
43
46
46
27
34
23
19
35
46
30
28
68
26
18
44
69
48
33
67
41
34
35
49
38
40
33
29
32
26
31
70
28
29
23
28
27
28
26
24
19
22
17
34
27
23
27
10
18
20
57
29
16
19
21
24
13
25
21
19
18
16
25
21
19
9
17
19
16
14
13
15
13
27
27
24
20
20
23
19
20
39
25
54
27
25
20
30
33
36
32
24
34
26
26
32
29
63
34
32
48
35
31
45
44
48
30
53
28
36
55
41
36
27
27
40
42
37
36
37
35
33
37
41
56
85
62
46
62
39
52
47
32
39
54
45
61
66
59
41
76
48
58
26
33
38
37
57
40
40
49
77
84
52
63
48
44
57
66
39
51
42
63
49
68
45
48
57
46
55
57
39
55
51
57
64
93
82
64
62
47
43
52
42
56
26
24
35
50
37
52
39
58
47
47
48
52
52
58
81
90
39
39
35
30
43
49
25
24
28
34
91
86
100
63
30
31
43
40
34
51
33
21
67
133
76
99
76
43
43
60
43
47
45
48
44
51
49
39
34
23
35
39
37
47
56
58
86
66
41
77
51
41
46
54
53
34
53
72
55
39
36
38
51
31
15
45
42
2365
1088
710
451
369
232
189
149
126
106
88
489
357
61
70
62
55
37
61
60
39
21
39
50
29
34
42
26
45
30
35
35
22
28
21
18
25
39
22
27
43
36
28
23
14
24
24
29
20
15
24
22
29
26
58
50
52
78
66
22
15
21
20
24
21
17
31
33
36
18
28
40
30
19
34
50
39
36
26
40
39
22
26
31
30
29
1241
1843
458
2361
482
29
24
28
25
28
41
43
38
52
49
46
47
71
23
27
32
21
30
21
24
31
40
26
15
23
20
35
37
47
53
57
53
22
30
25
34
28
25
26
32
39
26
35
36
25
31
44
72
43
40
24
31
35
23
20
38
43
39
42
48
41
57
34
55
48
51
50
35
35
56
22
42
30
58
36
38
29
28
34
62
56
59
48
39
35
50
40
62
41
40
34
49
31
42
43
35
29
26
22
41
36
39
51
54
37
30
87
87
72
47
94
104
45
62
73
72
43
60
23
50
29
29
23
43
78
161
123
164
159
135
75
41
39
62
40
35
74
111
99
53
35
46
29
21
36
32
30
49
75
27
27
41
37
44
28
28
30
26
85
54
51
62
114
85
49
94
75
59
60
59
29
41
49
57
52
33
25
40
34
38
26
25
15
42
48
28
29
22
39
51
39
28
54
33
29
20
35
25
31
27
36
19
29
31
31
16
25
63
48
27
21
35
13
43
24
23
28
18
24
21
22
23
23
11
16
8
11
14
23
11
16
14
13
16
14
21
26
38
30
29
19
26
18
28
11
10
13
7
20
41
12
13
24
9
7
20
46
48
44
53
45
23
7
7
10
15
12
8
19
22
43
56
31
25
9
13
11
19
9
18
7
19
12
5
7
24
19
9
12
10
18
16
5
18
21
11
20
31
12
18
11
12
11
17
11
10
19
18
9
32
18
20
17
49
14
17
19
23
20
48
29
28
30
26
46
43
73
45
75
139
64
58
45
35
38
25
42
36
27
31
45
43
48
47
27
61
67
52
40
85
58
45
68
96
21
25
28
51
40
36
41
44
49
46
74
69
88
48
88
51
44
31
2887
674
520
380
268
275
245
307
261
302
290
186
135
136
132
179
153
216
123
104
68
86
96
84
72
115
124
126
115
77
102
86
104
76
59
58
42
65
55
51
48
86
44
34
43
70
42
66
108
37
37
44
66
41
40
42
46
65
47
38
43
58
74
39
68
143
85
95
74
136
80
93
53
119
71
59
77
56
86
86
84
49
41
38
44
49
53
49
40
26
62
69
59
49
71
54
51
63
34
43
52
70
36
54
81
79
416
652
957
884
913
892
694
384
394
521
476
494
465
434
548
1219
1438
2019
1921
1672
1443
2481
6393
8107
5249
1596
551
283
196
197
111
151
120
101
153
136
137
109
70
97
75
181
147
142
135
126
143
109
103
124
92
98
132
113
92
74
68
96
93
125
92
75
74
54
94
51
52
38
82
62
41
40
62
37
31
46
36
33
48
10
17
36
29
28
29
23
27
16
18
16
34
37
52
33
33
43
26
41
23
29
24
50
34
43
52
65
12
54
59
43
52
37
36
25
25
56
43
48
53
35
43
48
26
57
29
41
45
50
40
54
36
49
44
56
42
40
60
38
37
29
46
42
34
77
42
68
59
37
70
42
33
51
62
41
42
69
74
45
53
67
56
38
45
59
41
43
65
74
70
55
57
46
44
55
56
44
41
65
60
311
243
89
53
69
53
66
60
46
36
36
58
83
69
61
73
72
73
76
49
105
28
78
66
68
88
161
80
45
193
245
69
54
55
81
71
69
101
52
77
67
63
104
116
42
36
63
84
92
86
103
53
39
56
65
47
64
27
107
111
322
58
46
54
41
44
51
50
38
51
71
65
109
46
61
70
74
69
96
43
44
55
44
39
64
54
28
36
29
54
46
34
32
74
45
31
66
46
45
49
61
55
39
54
194
200
39
41
32
44
29
83
30
43
51
57
136
109
80
80
62
76
68
64
76
49
78
41
49
64
41
44
38
39
51
35
44
246
690
203
154
123
108
97
205
184
112
76
72
57
58
48
54
41
51
77
55
72
67
39
49
37
40
50
34
32
21
29
47
47
44
30
28
29
40
26
26
20
26
20
21
20
20
21
22
37
26
21
15
28
34
20
117
70
42
43
31
39
47
38
29
22
17
29
31
36
40
40
48
36
33
51
36
29
40
57
63
51
59
51
67
56
31
39
46
58
43
41
41
68
65
36
41
37
77
37
69
45
45
52
64
38
43
47
105
54
54
51
86
84
53
47
64
68
61
107
102
84
92
82
104
80
87
101
91
72
89
88
88
59
102
120
88
80
77
139
166
79
72
79
110
116
135
115
82
114
111
83
86
81
74
81
84
169
95
71
58
86
93
99
76
92
66
90
97
91
164
375
137
121
125
113
113
91
168
134
79
95
100
97
86
110
87
70
1665
186
135
101
69
91
87
79
63
181
267
160
174
115
136
125
121
702
315
191
196
174
174
178
235
130
137
142
127
120
121
95
96
93
102
80
101
74
95
86
76
55
112
103
99
102
87
84
93
90
104
62
64
80
79
53
84
73
57
64
87
52
59
52
42
45
58
87
58
55
73
48
97
61
43
58
44
53
60
64
50
51
31
38
61
57
89
61
53
43
45
75
148
66
52
33
65
51
62
63
43
57
52
67
50
39
50
25
30
33
32
29
31
32
27
38
35
32
26
29
41
22
41
28
21
25
22
20
19
15
21
14
15
11
22
19
17
18
8
58
24
16
16
16
16
22
18
23
24
22
18
14
20
17
31
19
19
16
19
17
16
9
20
13
16
20
8
14
21
13
8
15
9
13
13
13
4
13
9
25
19
28
18
11
24
23
20
27
22
43
20
23
48
25
24
16
16
12
37
40
21
45
33
29
49
44
47
34
35
40
58
44
55
49
54
54
48
55
46
44
48
39
35
41
55
43
54
44
56
59
61
45
48
56
39
70
63
70
39
45
57
65
61
70
42
46
55
65
69
62
67
59
73
107
55
69
65
61
66
47
82
72
62
102
109
89
46
61
60
56
42
49
66
51
50
49
64
66
64
54
56
38
56
59
68
58
68
57
66
62
68
67
199
131
88
72
72
82
59
76
67
68
72
84
79
96
60
55
76
93
67
57
65
65
49
70
63
48
46
45
27
83
76
78
84
70
79
72
53
50
43
42
64
67
67
55
82
42
54
39
55
50
19
46
48
31
32
48
79
51
62
58
39
42
47
27
39
49
38
129
45
66
73
50
25
39
37
44
34
38
27
30
42
78
57
49
35
37
36
22
35
42
34
28
35
51
60
40
36
30
31
35
40
31
32
56
41
36
42
31
26
20
25
17
26
21
20
18
24
17
20
23
27
257
76
39
44
22
10
21
25
25
23
19
15
7
21
16
36
24
10
18
12
16
12
32
16
10
15
11
8
21
26
13
20
12
24
18
10
12
10
7
7
25
14
21
29
23
14
11
25
15
11
12
14
17
18
21
32
7
11
17
25
22
23
12
23
21
22
22
23
28
19
17
18
11
40
19
29
45
25
27
49
32
53
27
33
30
44
28
47
36
28
31
37
37
41
68
43
46
46
56
59
80
46
51
60
33
52
31
89
42
47
42
33
47
48
25
191
180
81
64
65
58
39
50
63
42
92
118
106
73
45
77
51
47
67
44
55
42
39
56
56
74
65
50
35
85
76
61
51
66
48
113
58
56
48
61
39
57
90
69
72
55
54
48
67
55
49
54
50
46
72
87
52
48
33
41
55
48
77
81
87
58
75
60
66
93
57
54
53
50
69
37
36
41
46
34
55
39
61
47
43
32
41
48
41
20
38
39
36
43
77
38
49
28
36
40
47
30
33
36
32
24
19
26
30
35
36
39
24
34
48
37
28
35
33
72
121
61
39
36
40
26
44
52
50
32
34
16
28
32
29
46
27
21
38
23
38
46
20
27
41
40
46
40
37
44
65
21
27
35
30
19
30
23
23
61
146
77
44
40
27
26
26
30
29
23
22
33
30
23
24
26
30
28
23
31
39
12
23
20
23
14
26
16
23
16
11
22
13
14
12
10
15
21
11
17
10
15
9
19
16
12
8
27
10
10
13
26
8
12
11
11
33
38
12
17
11
16
12
28
17
8
11
13
52
10
23
17
13
14
12
23
20
29
14
20
29
31
51
50
41
49
56
19
24
20
25
22
32
24
59
59
33
36
49
28
23
28
35
31
44
24
55
43
37
56
65
48
40
41
44
30
47
67
50
38
33
37
41
43
33
23
39
36
42
51
52
51
55
53
31
41
69
75
49
80
64
43
52
43
34
31
42
58
47
58
55
53
51
83
76
57
40
54
41
45
56
90
60
41
52
51
37
54
59
46
54
42
83
71
44
43
59
56
53
41
157
106
88
62
53
54
186
166
160
119
78
65
111
62
78
77
59
47
44
74
69
59
44
56
62
40
43
74
123
66
67
39
64
42
51
81
48
50
52
58
35
31
25
54
62
42
46
38
38
30
36
28
56
42
39
29
31
45
54
31
33
34
45
49
35
32
43
37
53
27
26
41
35
27
27
27
30
38
28
32
57
40
48
25
18
40
28
74
18
33
25
36
41
28
17
38
19
31
51
30
28
19
28
18
30
21
21
19
22
20
22
29
24
14
19
23
51
30
24
15
20
21
19
16
3
12
14
11
26
26
21
27
9
20
10
17
16
12
13
14
17
7
15
17
32
31
11
15
12
10
22
21
13
16
20
14
8
13
17
6
8
9
10
12
14
8
5
15
12
20
6
13
9
5
3
11
16
7
23
33
18
36
24
19
13
16
20
10
26
23
16
12
11
15
9
19
7
8
15
14
15
16
11
16
15
32
34
52
41
14
15
24
25
37
26
25
23
22
29
22
17
53
19
19
45
50
41
49
20
30
24
25
41
30
53
23
46
65
70
43
47
36
31
46
51
47
58
57
82
52
38
35
52
21
31
39
31
37
80
22
78
60
45
59
44
45
24
31
41
25
41
25
64
54
53
36
33
41
59
21
48
34
32
27
31
37
29
30
24
28
32
29
59
20
26
38
51
26
139
129
78
227
32
73
60
27
36
20
26
26
40
55
27
29
32
36
37
50
43
33
39
16
29
27
35
49
56
100
51
48
54
21
29
29
24
409
129
51
39
46
33
31
27
20
26
38
44
32
40
26
33
27
37
31
46
37
33
48
30
38
15
20
18
15
31
22
22
34
22
11
14
39
22
26
31
23
18
51
38
35
30
32
32
23
36
57
37
44
39
50
36
23
30
21
39
36
13
16
22
17
19
15
16
14
17
14
19
19
19
9
12
13
12
24
16
14
12
10
11
15
11
13
13
13
13
10
17
11
21
7
10
12
9
10
7
3
12
11
9
18
11
17
18
9
12
10
9
10
6
4
14
15
20
11
16
9
6
6
8
8
12
13
18
6
26
17
9
13
7
11
20
12
10
11
9
21
37
15
12
20
15
17
11
12
14
19
12
15
43
16
22
17
19
16
18
13
14
26
16
14
28
26
18
24
21
17
17
30
28
30
24
20
28
32
41
34
21
13
38
12
32
44
31
17
26
41
26
33
21
34
37
28
18
20
37
25
60
47
35
39
34
31
46
29
31
38
40
15
40
46
30
30
40
27
36
24
25
21
24
44
39
32
29
40
49
62
53
41
35
30
38
42
39
44
31
32
42
59
64
32
55
55
41
19
49
28
28
39
35
30
27
30
35
33
26
29
34
324
35
21
18
15
18
21
39
12
14
43
29
16
21
22
22
25
26
22
7
55
24
27
40
31
46
54
48
31
22
29
15
22
30
55
47
46
27
32
29
30
28
23
33
40
38
38
48
36
19
34
28
26
23
21
30
21
22
29
64
28
25
22
30
19
24
27
47
25
43
32
32
34
44
15
28
17
42
21
21
22
21
12
34
23
79
34
20
21
31
18
66
15
24
17
47
25
19
24
23
5
10
8
10
11
220
213
32
17
25
14
26
454
217
126
118
85
70
61
55
56
46
51
59
37
45
41
34
29
38
29
36
27
30
21
28
27
37
47
27
34
23
33
46
28
29
31
41
40
28
48
31
39
26
22
40
30
64
69
30
62
55
24
31
36
33
40
29
28
39
36
33
35
34
42
36
37
29
40
62
33
50
52
33
40
32
35
40
45
49
39
45
65
46
49
57
54
82
66
67
69
86
57
87
87
88
47
85
67
88
63
103
79
113
123
109
71
77
75
100
66
106
71
57
56
66
57
84
53
49
46
46
61
41
29
49
50
91
49
59
137
141
99
88
91
68
44
72
76
175
133
122
92
127
98
100
78
63
56
45
91
53
44
71
63
66
53
61
96
82
58
47
102
61
95
92
67
45
47
53
74
56
47
52
47
136
98
98
75
110
153
88
65
64
49
41
50
40
42
60
67
46
50
61
77
53
50
54
78
72
36
53
48
26
38
31
39
34
33
23
36
33
26
52
42
29
42
27
37
46
28
45
29
42
46
48
33
35
41
43
42
41
44
72
29
49
46
45
27
27
40
31
43
43
32
27
38
34
21
31
43
46
62
39
48
38
654
153
161
90
53
72
72
85
76
52
47
71
50
33
39
43
41
45
39
24
21
67
86
99
94
36
34
46
31
33
30
23
30
17
17
42
37
30
30
28
24
30
28
41
33
32
20
37
21
24
15
14
24
20
28
14
12
20
24
16
22
84
26
30
19
27
12
20
15
21
34
25
28
19
18
26
27
46
36
25
38
30
28
24
29
30
24
30
30
49
58
23
20
36
23
41
46
38
50
27
35
41
40
33
22
32
26
38
39
25
37
45
78
92
112
80
42
41
27
28
37
39
52
49
105
60
45
43
44
90
74
73
58
69
45
44
467
252
129
83
118
78
69
67
79
217
123
96
86
126
101
154
171
104
88
155
137
93
76
95
157
212
126
110
124
116
135
104
81
72
84
117
268
188
163
136
200
270
173
121
84
93
79
72
123
89
83
69
71
70
58
66
70
59
89
76
76
51
49
95
143
72
81
64
64
122
93
77
57
83
71
63
131
37
67
45
77
55
59
62
77
64
48
61
46
64
57
60
40
95
58
58
73
48
44
103
63
52
39
57
49
38
32
43
30
71
35
37
42
40
61
54
35
54
41
58
72
74
74
71
58
52
80
82
69
67
69
62
58
56
37
54
33
39
28
62
62
70
45
72
42
43
25
41
29
38
24
24
22
38
23
30
23
36
49
45
31
45
42
44
12
33
22
29
20
53
19
16
24
21
25
9
10
19
26
15
11
18
31
13
19
18
13
26
12
27
17
30
15
24
12
20
14
15
26
18
5
9
14
18
13
12
17
10
15
11
9
9
10
13
14
13
13
24
14
16
16
16
16
38
11
21
12
15
28
37
11
17
19
25
28
24
30
22
17
32
24
20
38
36
31
20
19
23
25
23
21
25
20
35
46
39
33
44
31
23
29
41
29
25
32
33
34
34
30
27
57
61
52
42
53
48
78
59
45
39
42
37
38
52
40
38
34
43
55
84
82
74
60
99
71
56
47
52
48
48
54
78
37
49
48
45
50
45
46
58
46
47
65
82
53
56
58
57
47
51
36
52
39
52
37
51
37
30
52
41
54
40
63
53
53
76
61
61
66
94
58
70
59
61
88
70
67
49
65
75
69
63
49
61
56
66
43
48
55
50
76
69
71
53
61
70
55
58
53
51
42
45
46
81
40
31
46
36
75
40
71
102
58
56
47
77
55
56
41
37
29
32
35
28
55
39
30
52
41
44
30
25
48
43
29
30
21
29
71
46
30
36
29
21
26
39
10
32
15
35
42
42
35
20
26
23
33
40
77
36
33
33
39
56
32
42
43
33
28
26
23
35
32
30
721
113
85
55
38
48
33
38
62
38
42
24
34
44
53
27
21
27
20
51
28
22
24
26
26
39
35
42
35
34
22
31
16
24
21
15
29
31
21
19
24
17
11
26
22
19
18
17
13
25
16
20
23
12
21
19
31
12
11
21
13
26
16
13
14
25
16
11
32
16
20
20
30
23
42
18
28
15
33
21
18
27
20
35
18
36
29
30
37
34
24
37
24
21
13
24
22
34
18
32
42
31
24
30
26
23
30
33
17
46
44
31
34
25
30
48
35
52
42
55
46
51
32
32
25
29
31
39
57
38
38
49
25
68
38
40
48
24
31
44
36
34
48
31
75
54
43
56
36
42
31
81
61
78
69
58
61
73
33
77
55
58
53
33
38
32
46
27
30
125
858
415
218
135
97
112
86
76
79
104
133
144
106
100
99
94
96
95
92
73
79
84
55
76
56
64
58
68
46
50
50
59
66
73
83
69
82
61
61
84
49
50
46
159
84
65
39
49
100
69
50
41
73
56
60
59
31
41
48
48
47
78
33
36
39
105
91
75
57
47
25
46
43
47
42
49
41
41
43
29
53
48
32
41
32
37
52
56
47
63
48
38
30
25
41
51
47
30
42
45
33
78
55
47
54
44
33
36
42
28
25
26
35
21
16
27
315
114
123
75
46
33
42
32
25
38
26
26
52
40
22
42
40
22
32
17
18
39
29
49
32
26
21
27
30
29
43
25
32
37
19
25
26
31
28
43
21
33
31
24
20
15
18
20
27
22
18
20
15
15
20
191
462
212
127
100
105
75
103
104
63
83
62
74
75
62
57
70
47
48
60
52
55
59
58
64
51
51
60
67
63
70
53
69
65
42
58
46
58
58
53
53
62
59
48
80
57
67
45
57
48
60
57
61
49
54
59
73
70
63
90
75
58
60
57
65
71
68
57
104
75
78
403
320
186
137
103
638
1147
780
252
211
161
127
150
186
181
186
130
157
116
103
94
97
97
93
220
179
113
104
106
179
101
106
112
110
122
131
104
74
509
236
156
155
114
100
115
106
93
125
108
91
76
75
89
74
86
72
78
74
121
91
81
57
85
64
66
69
61
75
71
90
59
43
45
65
56
73
49
47
62
85
79
70
73
51
39
295
422
432
423
399
48
36
45
78
51
43
48
36
51
36
53
53
43
41
41
63
44
69
49
32
49
50
56
64
68
38
53
52
50
62
56
61
53
48
48
46
44
113
73
135
36
48
37
38
37
30
39
35
36
27
55
53
112
38
37
57
48
43
52
34
45
45
28
42
28
29
43
36
42
32
45
46
52
28
29
38
25
28
25
20
26
32
26
13
14
17
27
23
29
30
30
39
21
17
18
21
10
12
9
28
21
12
39
25
5
24
15
21
40
24
23
28
30
17
36
16
21
21
27
11
21
18
8
19
13
20
11
16
20
19
26
16
9
26
17
22
11
30
16
18
26
10
15
21
37
33
16
15
21
33
29
18
22
18
21
23
14
15
12
26
15
13
29
21
19
28
28
10
27
16
17
34
50
21
42
34
24
29
34
29
28
43
23
50
61
23
30
59
14
43
40
34
21
25
21
32
49
27
24
34
40
36
24
35
40
31
31
64
31
53
33
20
27
62
34
25
48
41
30
92
43
31
42
30
48
64
81
52
80
57
59
159
363
110
86
69
81
83
43
61
65
49
76
46
63
38
67
50
66
30
46
44
57
41
72
46
57
63
60
41
42
43
66
70
48
36
34
47
48
46
29
39
33
26
32
13
38
31
22
29
24
23
54
29
19
40
24
44
47
50
35
20
37
28
22
32
26
46
60
73
355
149
89
75
57
66
60
65
47
36
47
31
38
43
63
43
31
35
78
42
39
44
50
56
35
42
49
56
41
39
42
25
32
37
38
17
28
35
26
46
45
35
17
21
20
25
40
36
24
28
22
26
28
25
22
45
35
42
25
46
27
17
27
18
44
50
34
28
24
26
29
30
23
19
27
30
26
37
19
22
18
27
17
18
31
27
16
30
19
14
18
27
27
12
12
14
6
13
15
22
32
20
17
25
19
11
20
13
22
21
8
19
13
17
17
22
40
25
19
28
25
12
30
21
19
17
26
27
24
15
18
10
10
26
18
19
15
11
19
10
18
13
12
9
28
14
19
31
11
18
11
16
14
17
24
22
15
20
18
30
19
38
14
32
15
15
13
23
17
19
24
57
64
69
62
37
41
36
29
28
21
28
38
27
38
32
31
20
36
32
20
44
31
29
21
39
42
44
32
33
33
34
31
29
33
26
24
32
68
58
46
57
34
33
41
31
57
52
23
43
74
33
51
47
37
28
36
41
40
20
51
39
40
52
32
40
48
37
43
40
40
22
33
28
24
29
28
22
30
21
21
47
55
53
86
101
56
51
59
34
40
43
52
45
70
29
23
29
41
66
17
43
34
37
29
37
37
26
26
24
37
23
35
26
30
33
31
30
41
27
39
16
33
34
16
23
23
35
18
28
21
32
40
21
49
21
40
32
21
59
35
26
38
36
30
28
26
32
37
26
23
31
33
29
21
41
27
37
35
29
29
39
30
24
28
20
20
28
19
23
33
29
29
103
60
44
41
26
30
25
21
36
27
26
23
24
25
31
35
26
27
17
12
29
42
13
11
28
16
32
27
32
24
40
14
20
21
41
31
15
34
18
21
45
16
6
13
14
9
9
13
9
10
16
13
7
16
20
10
18
28
24
19
33
9
15
15
36
28
11
37
34
13
22
41
9
15
41
12
20
15
94
28
23
19
32
21
32
18
26
20
17
17
52
37
44
22
32
21
34
49
45
19
23
36
38
28
37
89
21
21
30
25
40
44
36
34
25
25
58
86
33
57
28
34
39
39
64
35
91
55
86
73
56
78
41
39
46
68
44
27
75
28
76
42
42
75
57
30
62
40
42
36
35
33
50
49
72
68
52
48
43
22
35
44
38
91
58
39
38
62
26
83
51
49
58
63
44
30
4791
2334
1182
844
648
573
488
412
405
387
320
328
310
342
366
292
299
265
301
238
246
272
258
216
259
212
229
203
193
197
245
182
190
216
204
333
1525
1091
450
333
278
201
190
182
154
239
202
185
236
1206
149
149
146
175
150
137
142
174
147
129
136
138
133
131
108
109
139
124
105
117
108
123
132
122
141
149
124
119
140
121
107
187
143
150
134
107
83
94
135
209
161
152
170
130
96
105
129
134
149
111
109
114
98
77
76
83
74
69
104
3024
2471
6418
7479
10372
13479
8025
5157
3689
2164
2069
2226
2378
1316
679
513
314
244
169
204
139
121
152
157
115
99
81
75
76
66
56
61
71
77
35
68
67
46
32
361
214
147
118
74
50
112
88
59
54
53
45
52
55
32
35
44
37
39
19
55
37
29
45
40
28
35
50
33
31
31
36
47
45
41
35
31
34
40
37
41
46
45
26
66
38
45
62
44
50
61
56
42
38
33
37
63
127
74
71
61
57
61
45
46
51
41
53
75
135
118
90
152
70
71
61
101
72
74
108
84
107
135
217
120
120
101
113
113
88
100
82
194
431
238
180
143
131
128
111
129
74
113
98
105
92
97
123
564
218
186
139
151
112
206
161
110
178
132
117
139
109
100
122
118
83
147
133
159
827
278
229
225
182
753
464
286
243
173
192
178
150
136
129
155
169
273
222
208
252
187
195
199
154
206
179
165
483
269
184
200
355
286
1959
1811
828
514
391
342
3738
1401
554
606
338
350
315
279
214
218
186
182
647
1238
503
313
447
389
354
323
326
289
231
210
202
193
213
186
193
136
168
188
177
238
138
156
136
139
141
179
218
126
128
192
113
101
87
109
98
188
193
121
119
124
96
89
108
121
102
109
91
69
97
70
70
115
87
131
123
74
69
82
88
101
119
78
72
55
68
128
73
61
79
61
69
64
32
49
154
78
68
65
46
78
56
52
967
236
113
72
86
78
61
77
77
60
83
53
57
74
57
60
40
45
74
47
41
66
43
50
58
37
33
41
25
33
41
43
27
33
42
29
46
41
37
52
42
36
46
36
52
53
39
32
39
38
41
36
29
46
41
44
55
36
32
31
31
31
33
50
27
35
58
41
49
55
58
53
51
41
62
53
53
50
53
43
52
66
34
63
57
52
67
52
55
56
46
77
59
73
69
69
43
103
60
55
64
55
51
60
60
56
49
61
41
50
59
74
55
75
59
92
94
64
82
76
76
100
77
99
105
68
111
146
104
465
362
211
144
143
93
97
101
95
83
97
87
80
74
66
71
85
54
64
101
86
102
87
132
152
130
86
129
124
90
118
148
128
137
129
133
114
71
126
88
123
120
98
146
134
80
599
269
160
126
114
147
115
127
116
125
103
92
81
130
110
93
110
96
66
87
78
3355
662
621
399
324
277
195
196
145
178
127
124
132
127
103
222
157
93
110
124
131
119
113
72
85
66
51
81
77
63
117
80
100
105
89
72
100
85
96
147
127
131
134
152
181
115
116
114
98
87
118
96
106
84
322
169
115
114
155
212
108
93
80
161
120
95
97
84
79
91
84
67
101
76
90
51
72
61
92
56
81
93
57
81
82
56
66
59
89
89
68
83
108
58
35
112
56
75
97
39
56
60
44
46
44
68
83
47
49
48
57
57
45
41
79
70
55
61
32
44
55
44
54
39
41
45
34
42
36
29
44
23
25
94
106
64
83
44
14
35
35
30
25
42
45
33
43
45
44
52
28
52
63
20
42
61
31
48
49
33
25
54
47
16
41
56
23
50
38
41
47
58
49
37
50
60
31
67
50
35
55
76
68
62
67
73
29
74
64
32
60
44
79
55
59
96
107
59
51
49
72
113
118
100
67
104
87
86
107
126
109
80
78
76
83
75
116
99
81
127
124
115
92
101
86
124
517
231
176
96
120
114
125
111
110
75
89
107
90
131
75
99
85
129
118
80
92
103
85
76
87
79
99
55
98
66
699
1408
438
296
239
193
194
152
120
194
632
284
205
149
157
171
146
173
176
159
141
109
88
120
102
110
109
86
105
92
83
75
93
89
84
96
85
61
81
56
85
73
92
53
81
136
85
115
97
89
85
71
113
86
88
96
87
76
73
61
92
85
54
54
72
90
58
72
89
95
110
78
63
66
107
120
102
137
94
99
135
95
85
112
71
74
77
68
69
81
117
87
66
90
81
85
138
54
52
87
91
104
118
104
66
78
91
67
62
76
54
69
69
46
50
73
45
56
82
69
86
77
45
63
80
59
60
51
59
43
60
65
52
45
58
29
34
65
55
19
58
43
27
44
57
24
47
59
19
54
67
22
27
69
19
46
52
54
44
66
46
48
26
67
20
72
49
25
57
45
46
24
75
17
14
50
34
16
62
53
18
35
65
64
41
60
30
39
54
23
43
45
31
54
51
49
37
53
31
84
62
65
50
54
60
63
37
70
48
33
85
31
29
57
46
31
64
54
20
44
66
24
65
84
46
60
66
37
31
112
33
68
87
53
55
74
53
58
62
81
95
76
66
71
76
48
65
42
62
41
41
69
701
271
152
132
107
101
120
82
88
109
74
85
116
68
47
85
56
93
168
79
78
108
91
85
83
119
77
95
106
81
79
102
63
68
83
122
120
105
115
57
90
108
50
73
100
55
131
187
158
167
159
139
106
97
154
145
112
156
125
94
122
76
79
107
87
61
69
57
50
64
61
49
79
46
46
63
48
56
48
70
52
82
74
49
76
77
52
70
79
56
70
83
247
74
80
59
73
77
87
67
46
69
56
54
64
41
48
98
29
63
87
51
26
69
75
44
63
73
41
65
67
52
65
89
40
42
70
24
37
75
74
43
81
40
58
85
67
72
58
60
47
42
53
49
38
84
23
57
64
40
28
71
48
25
46
71
28
54
64
28
27
55
40
39
41
25
23
54
27
41
52
34
41
36
50
51
31
54
38
38
48
35
20
76
20
13
45
35
25
51
38
29
26
59
18
37
54
13
35
62
19
20
78
21
20
55
30
32
46
29
30
31
58
58
43
63
47
30
56
27
28
41
30
41
27
38
15
51
32
13
47
26
21
26
49
12
35
46
20
17
32
58
27
47
24
36
43
25
36
36
43
64
50
84
48
39
73
52
60
82
31
57
78
58
70
64
50
219
35
75
27
47
80
38
52
44
66
40
75
68
41
76
40
44
47
64
48
54
49
79
68
70
41
48
100
59
39
90
111
62
791
278
137
131
330
200
101
93
187
750
234
149
109
109
107
80
95
86
85
102
80
94
82
82
70
58
86
62
71
162
56
56
53
64
81
71
70
60
75
49
73
68
77
39
53
70
20
52
63
29
26
100
34
42
73
49
35
77
243
252
59
80
60
63
77
43
182
220
141
65
117
69
90
65
45
48
59
56
46
67
64
53
51
65
66
53
68
40
26
62
44
35
69
43
46
94
76
34
33
84
55
65
82
74
53
76
77
37
101
17
57
56
48
58
62
73
58
57
74
33
57
45
23
33
54
40
46
52
25
39
57
45
36
48
72
59
52
64
30
43
61
35
40
56
62
36
56
43
48
61
36
32
37
52
38
43
68
29
39
58
21
30
59
28
29
55
55
44
80
50
23
34
53
38
38
65
36
25
46
37
44
60
12
43
63
20
42
44
65
38
45
33
33
29
45
12
21
49
20
25
47
13
16
46
26
22
41
34
30
43
39
30
34
47
31
33
51
50
26
88
39
17
43
28
31
39
33
47
38
48
43
33
52
37
25
83
22
35
38
34
11
64
28
27
49
61
11
36
37
36
35
59
62
28
57
24
69
57
36
58
55
36
58
54
85
32
56
52
24
36
60
29
51
83
31
34
105
47
45
57
45
27
55
56
27
52
62
60
53
124
71
62
71
67
31
84
79
78
99
87
74
85
76
98
77
84
42
51
79
31
16
314
170
113
91
68
72
117
79
60
93
63
54
72
75
69
828
309
169
117
134
100
64
99
59
84
83
56
69
65
49
65
52
74
65
129
74
84
77
90
40
31
85
30
35
69
46
30
82
68
34
60
78
69
75
95
79
50
85
23
26
64
60
40
43
39
33
44
29
32
35
45
30
36
33
25
49
29
32
31
32
42
30
24
81
33
37
42
19
34
41
36
32
35
47
25
35
742
480
889
466
233
199
230
152
126
119
101
81
84
68
129
79
76
79
65
79
60
110
138
57
56
83
59
56
37
61
43
32
32
37
31
28
43
35
35
27
22
25
19
29
30
19
23
23
37
34
22
37
19
20
21
22
13
10
21
8
14
15
24
24
15
16
20
13
20
22
24
20
27
15
23
36
16
17
40
15
20
14
13
19
32
19
8
13
11
25
33
14
11
20
17
24
38
28
20
15
19
25
38
18
23
28
13
12
25
23
32
25
32
36
40
29
30
19
18
19
31
32
30
26
25
37
49
24
34
38
14
31
27
49
25
85
71
85
43
46
48
64
76
61
92
109
292
150
769
282
224
145
132
174
246
162
137
156
187
122
112
106
85
79
90
97
84
81
75
92
103
91
122
107
96
73
83
108
104
102
68
70
71
88
80
85
101
73
68
86
64
70
85
80
100
124
88
97
120
176
122
100
586
196
155
124
100
137
136
109
93
209
119
107
79
93
86
83
72
84
81
227
79
110
60
71
66
62
63
67
54
82
68
69
77
89
67
75
58
80
84
63
63
56
60
33
201
205
110
102
81
66
86
66
63
59
44
65
49
69
66
30
60
41
102
156
177
51
61
63
65
44
47
66
53
47
66
54
53
66
63
57
67
48
53
45
88
45
58
99
107
168
72
63
60
46
53
76
72
96
71
77
75
2505
1877
751
699
1525
937
670
479
863
452
542
393
314
263
225
214
326
226
194
188
192
170
139
113
112
115
121
87
93
106
80
417
186
119
164
137
84
67
89
68
56
79
64
55
59
71
47
48
42
55
76
50
53
45
43
44
40
46
49
56
66
47
36
38
50
63
46
49
37
63
80
54
63
53
66
75
59
43
61
76
42
59
61
60
70
51
48
68
82
66
53
72
49
64
68
72
58
65
70
76
71
83
86
70
61
73
68
58
101
63
83
60
56
60
60
74
60
78
72
82
71
87
70
104
83
78
86
97
117
137
145
122
120
90
127
112
100
101
143
124
237
173
145
139
115
102
101
164
119
134
150
169
112
150
127
126
176
141
140
124
134
146
178
228
174
187
153
145
130
151
144
117
102
108
107
111
95
125
185
205
149
137
125
104
99
135
114
91
88
106
173
145
489
1280
440
343
252
233
275
259
638
303
215
190
185
221
211
182
143
168
171
130
295
234
149
181
139
130
125
118
151
128
84
158
134
144
147
116
118
92
161
186
155
124
127
105
91
103
120
74
116
93
91
97
102
69
85
98
66
91
150
107
100
135
150
149
103
109
110
72
73
167
96
71
106
107
67
129
83
91
101
82
81
77
120
83
93
62
113
83
75
64
267
96
114
97
76
108
82
77
52
66
66
59
70
48
59
89
64
47
59
53
58
63
50
54
36
82
57
70
49
73
81
58
41
49
52
48
38
27
37
41
37
50
38
72
36
42
24
30
22
32
28
26
25
32
41
50
24
32
39
29
36
27
26
21
21
20
17
19
14
13
30
30
21
27
53
33
39
28
43
42
50
46
38
29
67
51
49
52
35
58
49
40
26
34
61
38
39
30
46
42
39
36
36
44
50
28
47
53
48
46
42
78
80
77
87
59
58
101
49
51
57
53
31
75
67
76
76
65
83
77
78
84
82
79
77
64
71
86
79
67
81
84
94
110
102
90
69
88
89
78
84
70
103
79
77
95
87
55
53
60
43
80
66
70
71
128
210
121
114
88
66
89
118
89
89
75
82
73
62
78
78
94
94
114
88
100
74
78
80
68
49
43
61
82
90
69
49
78
91
58
69
68
89
52
67
70
62
66
59
64
78
90
110
72
212
106
202
506
170
156
109
99
84
97
87
71
85
82
77
55
61
94
92
76
60
67
55
83
80
62
74
65
73
88
67
53
48
57
61
59
55
84
61
82
48
85
61
57
116
120
74
79
128
84
84
86
40
90
106
82
110
99
86
59
110
62
47
48
377
144
113
65
90
101
59
52
68
52
66
58
66
62
42
56
49
54
66
69
33
40
25
50
68
34
41
68
54
45
46
37
35
54
45
52
30
45
22
21
33
54
31
38
35
37
44
30
33
32
31
33
44
30
21
31
20
14
22
43
33
48
22
20
19
17
16
22
21
17
15
23
18
35
20
15
11
10
9
21
24
19
16
18
20
105
48
17
15
19
27
7
9
25
19
12
21
32
12
22
21
25
12
21
26
33
18
18
27
27
19
34
29
27
39
34
39
29
40
24
29
34
62
38
39
33
28
42
22
64
59
40
44
49
51
41
50
57
42
61
43
62
61
65
68
140
128
87
83
76
67
77
56
62
76
88
66
58
57
66
52
51
53
69
59
57
45
63
43
55
43
39
47
51
92
95
62
77
74
263
110
91
83
95
191
102
84
100
96
84
62
55
61
86
77
59
94
58
63
81
45
57
69
72
57
90
135
65
79
84
63
128
88
70
74
46
46
65
60
49
61
61
55
88
73
54
48
45
54
64
41
44
41
45
48
52
47
44
56
38
41
63
43
50
44
49
50
50
73
80
62
53
44
64
42
48
48
40
51
43
96
63
64
52
60
54
109
71
56
54
36
56
40
121
60
52
59
41
40
41
53
35
45
42
26
50
40
52
59
47
28
32
32
37
138
35
45
77
104
33
63
44
49
44
18
40
26
31
34
37
32
23
41
23
21
37
74
38
48
36
28
22
29
16
30
34
65
55
38
42
35
46
35
19
33
18
25
18
25
48
21
16
13
25
25
12
21
14
13
13
25
33
36
37
37
32
16
25
23
14
17
18
17
42
107
95
34
15
25
9
14
19
18
19
26
17
31
17
29
29
20
15
15
13
14
57
23
24
44
12
21
20
22
29
32
21
12
27
21
24
29
24
24
37
20
27
21
54
28
214
52
36
29
50
61
34
44
63
40
36
55
82
84
56
45
55
61
68
82
76
72
54
59
126
94
59
69
52
52
49
57
56
55
60
97
93
109
73
60
49
46
49
45
62
73
63
74
193
76
66
104
72
76
72
44
75
43
81
76
60
72
69
54
42
352
71
391
93
116
64
104
63
61
61
61
101
79
84
61
78
72
81
80
69
70
86
70
68
55
61
47
53
38
46
64
72
89
72
58
48
34
51
43
43
66
45
34
56
51
48
41
42
42
59
42
47
41
48
30
36
47
64
43
28
43
46
54
31
34
26
39
38
45
42
46
50
47
40
46
46
54
31
38
53
41
33
58
46
32
33
59
37
42
67
38
41
35
39
59
28
36
44
35
27
36
38
46
40
42
34
34
37
36
40
38
29
31
20
49
41
33
14
45
47
32
36
33
31
20
42
24
35
35
39
30
22
15
20
35
26
47
56
55
64
64
69
53
66
99
336
317
351
303
326
282
285
132
33
25
14
11
10
18
17
24
19
9
18
8
18
16
16
15
10
11
10
11
5
7
14
12
15
25
24
31
18
18
29
21
22
19
19
12
15
15
12
12
11
15
12
10
33
14
21
8
17
14
9
5
13
14
12
7
14
21
19
10
17
10
13
12
19
10
10
18
9
10
21
37
12
38
19
25
24
41
26
19
18
18
31
33
29
26
25
20
23
32
18
41
16
25
70
76
74
57
44
51
64
414
168
181
128
88
81
103
80
73
73
57
53
47
47
46
64
76
55
41
47
58
65
54
44
66
41
45
46
35
36
30
30
34
32
35
26
38
34
31
39
34
38
34
44
62
46
35
47
46
27
45
43
41
52
56
29
29
31
27
40
46
68
40
39
51
63
52
39
53
37
41
38
28
26
26
33
30
37
25
44
38
32
30
42
34
32
46
43
34
38
255
59
65
46
36
44
32
39
33
25
32
33
41
78
42
39
30
36
42
54
47
28
28
25
31
46
35
26
30
40
29
28
47
46
84
40
41
34
50
55
56
58
39
65
45
53
60
50
44
47
46
62
54
41
21
16
24
20
15
20
20
19
19
33
28
14
41
55
62
46
42
41
24
16
19
16
14
23
13
25
24
17
35
22
8
19
21
20
18
32
13
22
24
23
14
39
21
12
17
26
13
29
21
12
12
6
13
21
24
11
9
15
19
18
9
12
24
37
43
44
27
19
27
28
33
37
21
27
10
14
22
8
10
6
10
13
9
11
6
8
11
10
7
39
11
18
15
8
10
33
9
5
9
15
10
17
10
20
21
28
18
22
15
31
22
20
18
22
15
23
20
17
17
26
12
16
21
13
44
23
25
34
33
25
24
24
21
29
16
21
16
31
23
30
21
35
21
37
16
23
33
26
30
30
33
33
40
21
30
33
41
25
44
41
24
43
50
36
38
26
25
52
86
35
24
27
36
55
45
29
48
42
34
43
33
29
31
48
40
53
44
53
57
69
64
78
58
65
77
75
55
64
63
31
46
103
77
37
52
50
44
52
29
38
39
48
25
21
45
39
20
28
30
27
27
39
41
37
31
44
33
42
29
29
23
18
24
22
41
30
34
31
22
24
36
33
26
27
33
24
38
264
266
116
92
98
68
90
71
57
77
67
64
65
82
59
47
87
44
44
53
64
83
105
77
48
45
39
42
44
59
58
35
41
47
42
42
28
49
39
39
40
45
29
32
29
38
41
39
33
25
33
38
43
30
37
41
92
47
53
54
72
63
57
50
63
45
64
40
31
56
40
29
29
23
30
34
45
21
19
24
24
32
35
33
35
36
46
25
13
23
23
10
16
14
18
19
13
10
16
32
14
8
15
13
14
9
20
13
9
8
15
9
12
15
13
14
18
12
35
27
15
16
1068
226
165
127
115
114
99
85
145
105
86
114
94
81
105
68
79
100
63
67
103
91
70
132
84
67
105
88
81
74
76
62
85
66
100
86
75
58
51
75
61
62
61
62
691
201
132
53
53
81
59
69
70
57
62
73
95
65
70
51
72
73
57
75
50
66
57
48
73
90
75
155
109
83
84
70
59
76
85
87
99
75
101
122
95
83
85
71
87
139
73
96
66
62
78
94
63
77
75
68
74
77
74
51
62
66
75
88
72
51
76
85
73
69
53
69
79
54
74
67
66
56
58
56
68
57
60
23
110
54
65
63
68
62
65
57
67
78
70
125
87
108
76
68
72
66
114
87
81
64
79
49
66
60
70
48
66
57
60
65
76
48
61
69
70
40
53
42
47
56
65
69
55
62
72
57
110
96
55
34
42
50
47
62
40
37
39
51
123
67
104
76
44
36
49
26
57
46
42
45
42
39
71
187
151
125
156
131
99
119
122
138
71
79
63
93
74
71
79
45
51
64
54
65
263
152
88
100
138
134
84
75
69
50
79
84
63
50
41
40
28
50
48
47
35
48
37
49
66
46
61
57
30
64
50
55
35
31
24
69
26
39
42
41
50
27
28
43
19
22
36
26
18
30
11
13
23
14
19
27
33
39
24
20
21
19
21
14
34
30
21
19
15
22
17
17
33
31
32
25
29
23
21
31
32
61
23
35
37
29
24
19
22
35
26
31
54
61
38
42
50
68
53
30
50
41
35
40
41
50
47
33
58
78
52
49
52
38
39
42
48
89
61
59
83
95
109
3995
1294
726
592
448
615
384
350
290
266
263
217
191
167
164
150
157
122
136
186
214
236
157
168
196
195
139
206
194
169
201
193
146
216
187
124
122
133
110
185
152
174
110
118
196
120
117
98
97
80
73
101
84
89
93
180
189
158
191
94
88
83
100
86
78
106
108
100
111
166
131
98
71
82
92
76
91
140
184
148
140
162
710
425
230
299
216
187
114
112
107
110
112
342
569
623
1871
733
624
529
568
505
493
2137
4138
3838
8795
9476
8301
11694
11899
9310
2393
1353
2437
1561
873
653
455
497
419
312
374
286
254
368
238
248
189
217
194
134
210
169
160
169
215
140
112
140
127
109
137
144
167
146
175
140
310
137
169
177
167
139
139
106
85
97
111
86
110
130
104
104
107
115
70
98
81
85
84
78
101
102
122
142
124
140
115
124
91
161
125
128
197
149
103
110
109
110
76
66
126
119
160
142
125
113
86
101
94
74
89
54
59
37
38
34
24
28
39
28
50
41
33
74
16
48
31
57
40
56
30
43
18
42
26
37
44
35
59
59
29
29
26
25
27
32
71
42
30
39
46
35
24
46
38
43
41
37
52
59
41
47
38
55
61
48
51
54
43
70
78
62
44
45
69
57
60
85
44
42
57
65
72
59
68
56
61
59
63
77
59
45
51
63
59
65
73
84
120
91
88
74
81
84
63
104
86
91
83
81
119
115
108
88
79
93
100
111
106
98
62
134
83
115
149
109
131
109
88
82
69
67
59
78
56
65
47
58
85
42
50
79
56
80
90
73
81
98
61
52
98
103
92
68
69
84
109
98
64
93
105
77
85
73
74
101
95
48
51
87
98
115
99
76
113
89
72
129
99
119
90
62
47
76
76
75
78
75
84
86
197
153
141
130
71
87
58
61
91
67
55
47
60
48
52
47
35
36
49
54
54
70
33
67
52
72
156
113
88
106
82
73
49
66
282
204
118
132
84
154
82
148
105
110
65
182
82
69
66
45
55
56
46
64
51
59
60
76
86
54
81
56
32
45
40
49
94
68
425
216
156
106
104
77
81
91
97
76
56
97
106
100
75
87
99
161
180
119
78
89
78
104
84
91
109
47
52
58
87
77
49
41
53
63
64
82
68
94
66
73
33
68
66
55
50
40
23
46
62
71
71
52
54
46
72
73
41
58
43
37
36
47
61
44
49
39
43
26
29
26
38
20
31
44
36
25
23
30
28
38
34
20
34
22
29
24
25
34
42
45
43
34
44
53
43
33
43
46
48
49
70
55
40
58
46
61
48
43
38
40
26
41
60
27
35
44
38
52
73
38
32
57
39
40
25
57
80
60
45
73
76
54
47
64
72
81
50
37
46
66
71
51
49
60
66
111
73
50
63
51
39
79
76
71
79
55
53
61
54
62
41
60
37
79
37
48
91
65
72
63
66
68
68
77
68
56
93
68
70
58
43
46
79
44
52
46
72
55
47
47
63
312
496
226
129
108
105
92
94
88
92
77
86
71
83
95
403
410
283
162
154
158
157
166
102
117
96
93
106
68
55
75
78
55
61
50
85
108
89
112
58
63
70
82
63
61
82
129
84
61
86
66
94
69
80
90
58
57
65
60
72
60
71
89
65
74
80
49
48
84
52
47
39
54
51
58
89
70
83
56
85
59
63
80
59
61
54
81
96
78
82
73
77
66
55
51
34
46
52
34
56
49
41
35
46
48
25
29
46
29
32
39
26
33
32
35
34
55
51
34
37
54
42
48
47
38
33
36
36
36
35
42
32
27
34
20
31
30
37
44
34
39
24
32
28
40
19
20
30
24
42
32
34
42
28
36
25
54
23
40
33
40
28
36
22
27
30
31
22
36
27
28
34
42
37
44
43
40
32
35
32
24
36
28
40
46
52
52
42
70
43
32
43
41
339
974
257
314
457
555
725
155
161
184
181
157
204
190
54
56
48
57
62
48
58
62
50
60
63
60
53
59
60
62
90
210
113
86
101
101
72
91
61
64
71
58
53
134
100
68
67
67
80
65
80
37
56
40
36
68
38
51
31
43
44
51
214
54
49
63
62
52
39
52
50
59
79
53
37
43
60
45
37
45
45
36
45
45
34
53
42
51
57
70
49
48
62
49
47
44
62
80
66
61
53
118
113
65
62
48
49
49
41
52
91
55
51
44
44
59
43
46
45
40
43
34
41
36
81
77
61
51
96
52
54
64
59
58
107
111
54
42
58
43
33
44
27
30
37
47
32
32
30
40
42
55
39
52
58
51
43
53
30
20
15
49
35
37
44
20
24
23
27
50
34
30
32
21
37
29
21
29
22
27
22
35
51
50
43
32
25
27
32
24
38
39
28
41
43
25
25
35
39
37
34
28
18
16
17
33
12
33
11
18
16
30
28
12
11
18
12
25
13
19
34
13
14
14
9
12
13
8
15
13
19
8
19
17
15
13
17
16
14
14
11
9
16
10
14
7
17
8
14
29
13
16
12
17
11
13
25
12
16
13
11
13
111
15
13
20
12
12
23
15
25
15
17
24
19
17
19
18
12
20
19
20
19
13
21
20
14
27
15
36
47
23
15
17
14
27
16
14
19
22
24
33
26
23
30
15
19
31
22
26
20
32
30
27
21
24
28
25
17
35
25
26
39
36
42
42
47
36
34
32
27
30
37
39
36
33
66
47
61
31
29
33
27
25
46
22
28
30
15
41
47
45
34
32
49
87
164
59
49
49
42
28
21
41
48
23
32
39
48
42
21
47
62
42
57
36
36
20
23
28
33
29
41
33
18
21
24
26
37
30
16
24
23
15
64
35
34
28
17
39
29
61
40
24
30
27
41
20
25
28
27
21
18
23
25
32
39
24
36
29
26
61
36
30
50
49
24
31
24
22
24
21
29
39
23
19
21
35
20
29
38
21
27
22
29
35
25
26
26
24
21
33
21
19
39
22
13
31
31
24
19
14
21
28
26
24
10
12
16
42
28
29
23
27
33
27
19
24
27
11
11
22
12
10
32
20
21
19
16
14
16
11
14
15
17
13
23
18
14
14
22
15
16
14
9
17
12
11
8
23
12
12
8
17
19
12
10
19
9
11
11
11
10
21
15
11
22
9
9
15
4
14
14
5
15
12
6
10
17
12
15
14
17
16
14
4
16
12
10
19
15
14
19
10
10
13
15
10
11
15
8
22
13
15
14
6
10
9
18
9
14
15
18
16
15
14
19
42
21
18
15
13
34
13
16
18
20
28
28
14
22
17
14
41
29
38
28
49
34
41
59
52
43
66
50
51
65
49
34
31
33
43
75
35
32
44
29
30
44
39
46
30
57
43
37
34
26
44
30
54
46
38
27
48
42
38
41
54
52
41
34
66
38
42
31
44
41
48
58
70
47
51
65
43
38
32
26
34
56
47
32
46
43
43
36
37
35
32
45
34
45
38
67
55
36
42
33
38
19
33
24
27
27
25
32
30
16
26
25
55
30
53
33
34
37
51
26
34
37
36
34
31
31
35
30
32
25
44
42
37
31
34
42
33
23
36
17
25
15
14
24
33
41
31
51
28
24
19
24
67
38
43
38
34
28
93
37
22
37
28
24
17
17
43
35
26
12
25
34
29
25
30
21
40
25
18
20
27
25
194
1092
548
443
303
214
202
196
124
115
139
138
133
112
57
51
43
98
31
42
46
44
42
30
14
47
28
1605
361
171
112
92
91
82
102
88
41
72
57
41
40
43
49
42
40
37
43
30
33
22
15
27
35
35
39
27
26
22
34
23
29
17
25
17
22
24
28
32
12
693
197
132
118
90
85
178
206
183
61
101
138
153
148
134
134
159
189
116
154
126
140
131
127
147
179
189
123
177
248
76
96
79
83
64
66
73
90
73
104
95
105
78
67
63
50
62
62
50
63
70
66
48
70
83
60
56
71
61
89
74
65
442
198
165
153
142
139
118
95
96
99
99
140
128
97
127
102
80
93
112
81
74
72
60
73
73
91
83
90
91
100
111
75
68
58
265
165
110
92
88
98
121
115
100
139
812
292
189
152
163
379
462
256
210
176
138
156
122
105
72
117
115
80
93
96
114
109
85
66
73
78
418
272
138
117
106
95
97
99
84
72
75
85
81
92
66
83
1403
844
692
384
460
1441
449
339
223
187
138
153
120
148
107
118
94
75
110
159
179
204
362
470
262
188
161
114
105
116
96
224
1678
679
368
221
136
196
197
165
210
171
161
292
384
307
177
111
120
89
96
82
63
91
98
78
153
174
142
119
81
95
151
93
66
82
82
92
62
70
75
52
138
106
56
73
45
87
91
200
190
221
124
109
96
90
71
53
48
60
56
49
48
43
91
91
47
79
85
43
39
35
47
33
34
51
42
39
42
49
53
34
43
47
43
42
34
34
39
25
33
25
21
29
28
27
23
32
31
76
28
37
32
31
27
23
20
22
45
35
40
41
29
22
29
29
25
32
37
23
37
25
31
48
38
23
32
29
27
30
16
23
27
36
34
35
31
44
38
35
39
40
39
44
34
35
29
51
54
50
40
37
48
40
50
58
45
63
42
53
73
57
74
57
38
62
45
39
57
89
65
175
108
127
108
148
213
136
208
231
159
162
239
171
208
301
203
197
161
136
285
256
193
154
146
161
175
153
1050
1059
543
396
291
213
402
186
161
146
162
99
131
221
152
223
136
115
128
104
268
315
217
292
152
117
90
121
146
391
298
190
136
141
175
146
122
156
180
276
242
182
171
244
368
330
1360
2526
3414
2826
2510
1299
714
576
490
350
249
220
166
165
183
127
120
107
127
154
297
202
159
110
105
105
90
79
79
99
95
116
96
96
83
117
142
95
73
89
59
76
83
85
63
55
93
59
72
52
69
59
55
61
75
55
51
57
53
54
44
36
44
64
46
80
96
49
80
117
67
132
72
49
47
42
47
50
52
47
42
64
49
36
43
77
39
41
42
42
47
28
25
37
37
48
40
30
38
36
31
50
38
33
41
36
37
35
32
29
40
27
24
36
23
25
16
22
47
52
47
42
52
31
56
64
42
25
42
61
65
57
41
34
29
22
19
28
18
20
14
15
16
16
15
32
17
17
14
15
19
8
13
25
12
18
8
14
8
9
11
32
26
31
34
31
30
33
33
44
32
26
37
30
24
27
28
38
32
42
29
22
33
27
43
46
50
77
73
39
50
65
50
44
47
41
61
40
45
36
40
38
33
62
59
34
45
35
33
44
45
48
34
27
60
65
36
43
63
42
40
66
32
47
103
60
54
71
59
81
77
89
60
78
60
82
51
57
54
54
76
68
67
67
56
80
93
86
65
62
76
191
117
81
102
85
71
103
68
73
50
56
53
61
105
93
81
96
68
55
64
59
71
45
59
158
81
93
67
74
67
55
83
67
72
72
44
94
257
838
177
38
317
116
67
77
57
116
121
120
109
44
74
60
83
64
45
70
106
66
50
76
65
71
81
58
47
75
91
53
123
72
58
49
60
52
38
53
42
32
31
44
39
44
187
48
41
52
83
56
42
85
38
41
63
65
83
69
60
93
48
42
77
71
56
61
42
46
48
73
78
48
28
42
48
44
45
48
26
38
