49.7657
42.0179
31.9868
30.388
32.441
34.1464
33.3745
31.9447
32.7511
34.7482
34.319
34.1569
31.2556
31.699
30.7977
29.3074
29.785
29.5303
32.0915
35.5668
34.7239
36.4478
36.576
33.633
31.4263
30.3077
30.6833
32.3042
34.3427
33.2184
33.702
32.2737
31.2625
32.7737
26.6944
27.9766
34.0818
36.2604
39.8138
42.4949
47.9461
55.1249
58.7954
63.3101
69.0819
80.5623
88.982
87.7272
88.651
94.1781
98.2192
101.665
105.445
101.434
104.732
109.911
107.167
105.727
105.165
106.078
105.64
103.406
100.421
100.598
103.155
101.211
103.767
104.687
106.082
106.97
105.76
107.299
106.158
107.454
109.133
108.527
104.98
105.803
104.392
104.373
106.093
100.819
101.126
101.214
102.066
102.7
100.532
102.059
103.394
103.14
101.42
103.545
102.244
100.284
99.0191
94.1293
92.668
89.2869
84.8633
82.8283
83.7667
82.0492
80.2392
78.2192
77.9374
81.3427
82.1884
82.5946
77.9973
77.3927
74.5849
70.5482
69.2476
69.8696
69.0557
68.4567
68.6817
67.8701
68.2232
71.2601
71.2624
69.971
68.9479
66.3459
65.513
65.7605
62.4353
59.5845
58.8305
57.239
56.0905
52.2511
49.8271
49.35
50.246
47.2299
43.5748
42.5953
42.9117
43.5081
42.6688
39.9907
40.1394
39.8807
38.9901
39.7786
36.8898
40.2054
38.4873
35.657
32.7732
31.747
33.978
32.9295
36.1845
38.1053
41.4541
44.3711
46.021
46.5845
45.5997
47.4978
48.5608
49.9234
55.9089
60.3364
65.862
70.8839
71.7935
75.3288
77.0805
79.0859
83.1928
84.8273
87.6967
92.0391
91.248
94.0492
98.2874
103.21
103.952
103.49
103.778
102.59
106.417
111.307
111.486
113.46
115.239
117.09
115.287
114.928
115.001
112.474
111.351
109.184
107.405
104.499
103.498
104.158
103.167
103.067
99.8142
96.5315
94.84
93.8758
92.7434
91.2638
91.8752
92.5942
90.2609
86.1623
81.5284
80.8666
87.261
90.5043
89.4241
86.0707
83.2639
79.6913
78.3568
74.689
70.5768
69.5267
71.9833
72.466
69.0322
67.6432
66.3952
68.08
65.4352
58.1366
51.8502
49.9113
50.4219
47.4416
45.4598
43.4929
45.8797
51.0493
51.0204
48.4676
47.0783
49.1284
48.0568
43.9845
39.1013
38.5087
44.2359
44.9469
43.8276
39.0801
35.9251
38.3176
35.4341
27.7739
27.5146
27.9371
29.9915
31.2554
25.751
23.1197
25.8217
26.617
26.1871
26.8773
25.2033
29.9107
28.8031
24.7481
28.6179
27.4677
30.981
35.0104
35.1595
42.3062
47.9821
52.7784
60.3722
66.3581
73.3339
83.2627
89.7582
92.6544
95.5129
100.044
104.976
110.172
111.486
112.84
113.914
117.59
119.002
117.521
117.524
117.094
114.703
110.457
109.39
108.594
111.143
108.177
105.887
106.074
106.405
105.527
101.42
100.421
100.579
100.889
99.7699
95.0631
94.1286
94.1431
93.6174
91.9288
90.4178
88.765
87.8274
89.9021
86.6827
84.1772
81.8177
81.7661
81.3935
78.4756
74.3227
73.4808
73.9231
73.5134
70.5986
66.2781
65.4779
64.2347
60.0754
55.7874
52.311
53.9838
51.4146
45.1857
42.9272
42.8731
45.4486
45.0438
41.5713
38.7909
39.8738
39.9086
36.7129
35.5203
33.6512
36.0855
37.0411
34.1626
33.9731
36.3084
37.7616
35.9687
32.1364
30.8922
31.087
31.5974
29.0097
25.7205
26.8105
29.6197
28.8358
27.7526
26.5223
28.0436
29.9034
27.9996
22.7135
20.8638
23.4707
26.6385
27.6648
30.3371
32.2337
38.2014
42.7494
42.0316
43.8087
45.4921
48.6593
53.5881
59.5103
68.3477
75.1791
83.9841
90.5576
95.3386
97.722
103.932
109.426
111.235
111.408
109.933
110.349
112.722
112.828
112.356
114.149
115.195
116.323
116.698
115.908
115.436
116.332
115.822
112.459
110.721
111.312
111.035
109.577
109.682
109.27
106.207
104.968
104.191
103.149
103.295
102.725
101.73
99.3136
97.8669
95.8689
95.6827
94.6468
93.3995
92.9347
92.8696
92.4555
91.2582
87.7858
84.3112
84.0867
81.2449
79.2082
77.0208
74.4333
74.4373
72.4541
70.4387
68.4663
67.1724
65.3985
64.1531
62.4857
60.0216
59.7355
56.8753
55.5311
56.0383
55.9035
56.2336
55.2956
54.2102
54.4744
53.7623
52.4312
51.9564
52.2136
51.2469
52.3501
52.5821
51.8315
52.9905
51.9356
50.3374
51.4779
51.6669
51.4961
51.5979
50.1537
48.4156
49.0094
46.5926
46.0324
46.9567
47.3258
49.8489
48.389
48.2817
48.7174
49.5922
50.965
50.1105
47.8079
48.5904
51.8288
51.4664
54.1796
53.116
51.0767
51.1733
50.2473
49.6807
50.2111
49.5678
47.1137
45.4825
44.2268
43.772
43.5814
45.4202
46.5331
45.9822
46.4415
45.1236
42.9331
42.9175
40.2729
39.6008
38.3123
36.5475
34.767
35.0705
37.123
35.2017
34.7555
33.1183
33.8898
32.5058
31.6362
29.0127
27.007
30.0171
27.426
26.966
29.7115
28.6177
28.928
24.9864
19.1651
20.5986
24.231
20.742
22.6806
22.7426
23.6645
36.1429
33.7695
32.0969
36.4862
33.5263
31.3371
33.6438
29.2414
26.8446
32.4407
30.2691
33.1057
38.1678
33.4583
35.4997
39.7564
48.6944
59.6523
58.706
59.2639
62.0859
67.7407
74.7233
81.1529
90.6117
101.655
103.769
99.1707
108.365
113.949
117.714
116.578
114.887
114.883
119.23
120.336
115.784
118.113
118.902
118.651
117.928
115.31
115.801
115.311
112.658
108.704
107.463
107.56
106.808
106.785
104.574
102.762
101.437
101.759
101.713
100.998
101.02
99.9149
101.236
102.888
100.122
101.034
100.756
101.031
98.33
93.5491
91.5609
94.1324
97.0031
96.2992
95.9684
93.0428
92.5952
92.4223
91.2396
89.908
86.4301
84.6964
81.9087
80.6318
77.7746
74.5216
74.3717
74.2406
75.3772
72.6715
69.2619
67.9914
67.8806
66.3134
62.3481
61.1914
60.5882
62.0552
60.9323
57.83
56.807
57.8143
57.0966
54.4256
50.0845
48.6492
48.4414
45.4768
43.9096
41.1875
41.0373
41.7612
39.2677
38.0313
38.6438
36.4532
34.6921
32.7888
30.957
29.0856
30.2827
31.1673
33.6407
35.3105
33.1701
30.7372
27.0329
25.0822
23.8889
21.8066
20.7937
20.2681
18.9658
19.506
18.5453
16.58
16.6431
15.0421
13.5777
12.5461
10.0649
9.68706
11.1802
14.1043
12.6492
12.6891
11.5314
12.759
14.4966
10.8877
10.7625
11.0753
16.5068
20.8445
20.8544
29.9115
31.8358
31.4693
30.4199
33.6753
31.9045
31.3792
29.6593
24.0952
28.7465
42.3206
41.8661
46.3781
47.7056
52.3643
46.7439
47.7983
54.5953
61.1069
69.8624
73.8453
80.0159
83.0693
91.5021
99.8787
105.499
108.221
118.092
118.858
111.655
113.184
111.876
112.415
110.473
106.073
102.181
97.1001
101.338
102.405
104.987
111.291
112.515
113.754
112.043
113.222
113.838
119.529
118.693
119.022
120.178
118.991
119.527
120.496
125.311
125.258
122.543
118.795
115.832
110.351
110.523
110.328
108.565
110.179
105.708
100.937
102.599
102.302
100.61
99.059
95.912
94.2125
92.9242
93.6984
92.0987
91.0019
83.3147
81.3598
81.6344
84.6734
85.4027
80.832
82.9327
90.1401
83.8682
79.4365
74.8011
75.0142
79.0253
77.7369
68.5575
65.0404
66.0921
67.4346
68.8299
65.117
61.1627
62.309
63.2785
57.6366
53.9135
54.9181
55.7729
56.0259
53.6034
49.3804
50.0485
54.9758
52.8527
45.0259
40.8823
38.3927
44.8563
45.3207
37.5441
36.7173
38.4963
42.7866
38.123
28.2019
29.5158
37.4289
39.7865
35.2634
27.6464
27.6044
32.9108
32.3582
31.3881
33.6369
34.2593
36.8781
33.5119
29.9433
31.7192
33.7182
31.0337
24.5653
20.3992
24.9708
25.1937
20.0346
15.5253
15.9354
21.6889
21.5432
15.591
19.0197
26.2463
32.9775
35.3899
32.8975
27.5696
33.4204
32.7613
34.3792
39.9448
40.9599
51.304
50.2304
42.3099
45.4796
49.2755
57.7169
71.1986
73.1496
74.2344
81.4394
86.8832
89.4485
90.7722
86.8882
85.9531
95.7988
99.2113
102.606
105.162
105.061
112.258
116.369
114.083
115.249
112.548
117.944
120.544
123.327
121.567
116.955
119.041
122.015
121.883
117.722
115.626
113.506
115.752
114.602
110.151
109.247
111.3
114.608
114.975
112.907
111.896
114.715
112.502
107.842
106.681
105.627
106.034
102.143
101.084
101.311
99.9015
102.799
103.217
103.966
102.46
101.503
102.2
99.7977
98.1594
95.6564
93.176
95.3391
96.0215
95.4151
91.0825
89.1935
89.5006
90.382
91.7358
89.3779
88.5199
85.8959
82.7922
82.1671
78.9211
77.9618
79.2009
77.8891
75.3181
73.9342
71.7339
70.9124
66.8359
63.1963
62.3043
64.4976
65.0679
62.0891
60.2287
59.3096
60.8944
56.8127
49.2734
50.0017
48.0578
47.3545
43.9644
40.4064
39.5247
40.679
42.4422
41.8218
39.9168
36.2263
35.6838
33.0213
28.3412
29.0028
28.3602
29.8882
30.1772
29.2048
29.0453
28.3313
27.3254
26.0238
25.3053
24.5314
30.2273
34.2435
34.2601
39.3467
39.3452
47.1262
54.8578
56.2727
60.0182
65.1956
77.2141
84.2043
90.2928
92.3082
95.2215
104.133
109.802
114.866
112.351
111.211
110.135
111.03
112.384
112.452
117.451
120.22
121.684
119.399
114.905
112.693
114.123
116.062
113.859
110.931
106.657
104.449
105.406
104.095
104.094
102.895
103.885
101.605
99.7962
97.897
94.5509
94.2786
91.2752
90.1893
88.3887
88.3988
87.2383
84.9708
83.4122
80.0588
76.6193
78.1575
79.3965
80.0808
79.1674
76.2292
71.2977
70.6528
69.9326
68.8524
68.3914
66.7763
62.9219
61.0625
58.8231
54.4984
54.4353
52.6222
50.9851
49.6058
47.0581
45.9658
46.7531
48.8487
45.7417
42.72
41.4542
40.2124
40.7145
39.8883
39.3148
39.9801
39.4139
39.0857
37.8666
38.0148
38.4724
37.9062
37.7882
37.8998
37.9575
37.7525
39.5908
39.5595
38.8714
34.8194
33.2211
32.9948
32.6011
30.7827
27.6729
27.3616
28.7508
31.8145
31.5828
29.1176
28.178
28.0565
28.5827
26.8744
25.4444
28.4577
29.9391
34.3358
35.5961
35.2942
36.9517
40.2177
45.4487
52.1405
54.5629
56.9019
60.3927
63.4762
68.9662
70.1699
73.0936
78.3952
80.5828
80.677
82.333
87.3067
90.259
95.0297
97.9889
98.2662
103.967
103.706
103.744
106.343
107.189
103.289
102.424
103.254
102.008
106.604
105.1
107.255
112.612
118.782
118.584
118.617
120.063
117.656
117.656
115.798
115.206
115.405
115.189
113.663
109.024
109.178
106.339
105.224
105.524
107.574
107.353
103.496
101.038
96.3318
94.5888
92.3075
89.5234
85.5976
85.3624
82.872
82.8647
85.7349
82.0143
80.8257
79.1688
78.064
77.0914
73.1221
71.7557
72.5352
73.0364
71.7402
70.8415
70.5568
72.2157
73.9815
69.1325
66.6759
63.9602
60.9507
60.8645
58.0008
57.5114
60.2391
59.6855
58.8994
57.4484
55.2018
55.0878
54.0508
51.9511
48.888
45.9794
46.8538
49.1677
48.0456
47.8941
49.3065
48.6413
49.6661
50.9145
49.3368
49.8897
49.653
46.6516
48.5362
48.0109
47.2865
48.602
49.3835
50.9776
52.2916
50.0831
48.0358
48.0367
46.4878
44.2479
41.7562
41.0452
43.7242
45.1366
44.1396
43.2687
42.3796
40.9233
40.6411
36.6638
33.9148
31.7159
29.7093
27.6674
29.0464
28.1057
26.2041
26.285
28.0359
26.7161
25.1376
22.3819
22.9012
23.853
21.5143
19.9364
21.2952
23.8746
26.4654
26.2732
24.5377
26.9277
28.6822
31.2672
35.1705
40.1283
46.6473
53.9196
59.0346
64.0952
69.4122
71.9676
76.5268
80.0854
85.4512
91.246
93.0979
97.6207
107.394
109.509
110.832
111.32
112.607
115.359
119.468
120.386
118.621
118.979
118.645
119.528
120.479
120.597
118.689
117.567
117.281
116.001
112.846
112.69
113.669
114.233
112.578
110.084
108.542
109.073
108.649
105.751
104.88
104.606
103.108
99.5698
97.8264
96.1075
95.5339
94.4529
91.6185
90.9946
90.1686
89.985
87.1123
84.0288
82.7014
79.7811
78.1701
77.5447
77.5752
77.4226
74.9923
73.6866
70.046
70.2112
68.7015
67.2636
66.0395
62.8442
60.735
59.2168
58.5699
55.7561
54.7744
55.2263
56.442
55.7812
53.0648
51.65
51.8492
53.1137
52.0922
50.469
52.5519
55.1357
57.3341
54.8454
52.1233
51.8811
53.6744
52.8612
49.2289
49.0561
49.6481
52.5261
52.8112
49.0438
49.145
50.3806
49.8792
47.9641
45.3982
45.3971
48.4583
47.2161
44.9067
43.4882
43.1411
45.1773
45.2513
43.3814
40.993
37.2545
34.2768
33.7934
34.5784
34.0264
35.423
37.6867
34.6673
35.2226
31.1576
31.6301
35.5432
35.9499
35.8629
34.2314
41.5753
46.1595
48.9975
52.4622
48.3078
54.0997
60.0298
63.1975
68.2327
72.1407
78.0092
80.6213
81.1651
85.2919
92.2232
98.4016
100.71
102.58
98.7243
96.9312
101.814
103.147
106.42
112.643
115.576
117.548
119.441
119.791
118.416
118.502
119.363
119.712
119.994
117.092
114.914
112.704
112.388
112.814
112.154
109.257
105.578
104.218
102.203
100.826
98.3194
96.4458
95.8776
92.9871
91.9531
90.7004
90.3493
90.7798
91.4873
91.2241
89.4756
89.4194
87.4365
87.3689
85.332
83.4218
83.6226
79.5301
77.2075
75.2021
74.3082
73.2333
71.1898
67.0323
63.1752
61.2593
57.182
56.5669
56.1346
53.3478
52.336
51.6032
52.1083
52.0246
50.2049
44.9602
42.6013
41.1762
40.1904
40.6984
38.5405
37.566
39.6052
40.6919
38.895
35.5179
33.1436
33.5196
35.1759
32.9534
29.6753
31.0221
31.4407
31.5496
28.837
26.2701
26.4694
26.8666
26.3937
22.9656
23.5064
25.7719
24.7626
24.5569
24.7157
25.718
28.0991
28.507
26.7531
25.5296
24.2138
25.5047
28.0958
26.6466
25.6863
23.8974
22.579
23.3205
26.0757
21.741
19.2985
20.4798
20.8398
24.9726
20.7831
18.6083
18.5073
18.5681
21.6973
20.9315
23.2243
28.5618
31.8785
37.6378
37.0815
36.8204
38.9025
48.7034
61.2225
68.4983
70.9237
78.8139
89.1561
91.5512
92.1184
97.8086
104.045
109.556
106.278
101.315
101.846
108.303
113.198
114.113
111.99
113.902
112.811
111.864
114.104
113.533
111.922
111.406
111.984
112.583
114.63
114.348
112.636
111.587
107.245
105.489
104.168
108.103
110.576
110.604
106.978
100.761
99.7328
99.8732
102.649
103.275
103.858
100.558
101.245
103.214
101.228
103.019
104.227
105.641
103.362
100.376
96.1598
94.8076
97.1347
93.329
88.9962
84.9874
85.941
82.4251
78.474
76.3157
75.6983
79.2738
78.6191
78.1537
77.0712
77.9912
77.2854
72.4342
68.8055
63.9069
63.9567
66.3926
63.5755
62.129
62.7693
62.8439
61.4493
58.3896
54.1331
52.29
54.1584
50.0029
47.1516
44.5805
42.2037
45.0574
41.6826
39.7138
41.28
40.6102
41.4422
37.8381
32.9009
32.6346
35.9248
34.9253
31.9234
28.6646
28.9396
32.2654
30.8446
27.7682
25.0698
26.3178
28.1224
25.9455
19.7475
17.7272
19.1566
22.1005
22.5479
18.553
23.0806
28.9479
29.5554
25.4413
18.5822
17.7784
18.1286
17.6694
17.8731
19.0928
22.2311
27.9516
30.2236
32.0552
36.8336
38.3934
40.0567
43.4489
44.383
46.2865
53.7738
68.6375
83.4574
92.8063
98.4763
104.521
109.39
113.648
110.738
112.552
116.692
116.717
121.737
119.923
118.191
118.694
122.024
121.414
120.142
120.559
118.74
117.549
116.826
117.125
113.024
112.113
112.641
112.355
113.637
113.719
114.298
113.972
112.631
110.665
109.846
109.274
105.072
105.586
105.793
106.127
105.128
105.07
103.531
100.905
99.7255
97.3329
95.4347
93.0098
91.0826
88.2875
87.6848
85.7367
84.8635
84.609
83.3921
82.6925
82.692
78.8737
74.7202
71.3349
69.8827
68.6201
67.9101
65.0636
62.4412
64.7454
65.2427
62.8407
60.1974
58.915
57.1589
55.6813
54.0594
49.2836
49.6391
49.2907
47.8407
47.5989
46.9064
46.9705
46.9716
43.5698
41.3197
42.1358
43.7356
42.5708
42.18
38.8107
41.9155
43.1179
46.17
46.1947
42.9612
41.807
40.8963
39.225
37.7551
39.0593
38.531
39.7075
39.7282
34.7527
34.2538
32.1236
32.7924
35.8867
34.6577
33.7885
32.8551
35.74
36.1911
35.7329
35.2361
31.7339
34.926
36.0328
32.8704
34.4279
37.0632
35.1379
32.4669
31.9614
30.0987
35.115
33.1738
25.181
25.9062
29.1913
29.3622
29.1793
24.5658
28.0242
31.8462
27.3378
23.5633
21.8174
21.1733
23.8325
24.6717
26.7383
33.884
34.7588
38.5187
38.1109
43.6015
52.5921
56.1734
62.7374
68.6886
71.8258
82.1619
94.2473
98.0133
100.89
103.148
105.678
106.11
106.579
107.981
113.641
119.449
117.469
112.021
110.419
112.141
114.723
118.047
117.206
115.737
117.311
113.196
111.879
112.407
116.679
117.067
118.511
117.006
112.063
110.282
109.383
109.204
105.957
107.424
110.119
110.229
107.227
98.2732
94.4277
97.5874
99.149
100.879
100.366
102.258
99.5259
95.1846
86.691
86.5603
91.6279
93.2007
93.9029
88.7488
85.4456
83.1496
81.399
80.6969
75.5965
76.9044
78.4027
78.6922
77.1264
74.0537
76.1711
77.0268
76.2742
69.6236
72.4714
72.9052
75.125
72.1184
61.7426
58.5522
59.8144
64.7557
62.5999
62.655
64.9888
67.0081
63.5169
54.1017
52.4275
52.3222
55.4205
52.4596
47.6364
47.7287
46.3205
47.523
44.3217
40.2908
39.09
41.6054
44.3847
40.7254
37.5544
32.2418
30.5631
31.4949
32.2436
29.8553
31.3298
34.1128
33.9786
29.0737
23.1344
21.6454
24.6598
24.9837
22.0618
20.6766
22.2894
25.7476
26.4568
21.4126
19.1652
20.522
19.7142
18.4707
14.3791
12.2612
10.3308
10.0104
11.179
10.6394
14.6773
17.4825
22.1801
23.1839
18.1395
18.9694
18.4155
23.41
27.0431
28.2631
36.5701
46.0707
64.6815
76.9308
81.8772
87.9654
97.6791
108.229
112.273
118.009
121.353
125.047
124.977
118.439
116.711
116.468
119.637
121.318
121.315
118.631
117.082
115.434
110.615
108.467
108.684
111.986
113.236
111.719
111.029
110.198
113.288
116.426
118.714
122.577
123.397
123.294
121.935
121.503
116.915
114.627
114.05
111.683
107.306
103.02
103.677
104.22
104.249
102.853
98.4038
95.9243
93.856
92.033
87.481
84.5778
85.8265
87.6159
85.5716
82.5995
83.3151
81.5712
80.179
77.8318
74.8998
71.9978
71.668
71.0656
69.0499
65.3905
64.1204
