5.37128
6.93612
8.93659
10.7798
12.1014
12.3106
11.5958
9.97823
7.88261
6.16936
5.02278
4.86553
5.47197
7.34263
9.50321
11.4955
12.7454
12.9184
12.2404
10.4726
8.51793
6.5151
5.46934
5.18876
5.73158
7.39632
9.34946
11.1808
12.2689
12.2525
11.7568
10.2376
8.33624
6.35785
4.99897
4.50053
5.12277
6.93811
8.9552
10.8499
12.1453
12.1936
11.581
10.0596
7.99051
5.97133
4.98514
4.89298
5.65512
7.54487
9.57826
11.5391
12.7901
12.9748
12.137
10.5731
8.61713
6.51544
5.39735
5.1644
6.00987
7.58773
9.35438
11.2988
12.4051
12.6893
11.7898
10.1626
7.98774
5.90061
4.66886
4.32331
5.33136
6.88611
8.96979
10.7725
11.8612
12.2225
11.3197
9.96167
8.08615
6.13762
5.14541
5.14189
5.80397
7.38968
9.61538
11.6872
13.2979
13.4933
12.3868
10.5714
8.22924
6.25309
4.73991
4.62854
5.55357
7.08079
9.36757
11.3438
12.4447
12.8121
11.8576
10.0418
7.97816
5.94094
4.9256
4.66684
5.42945
6.93487
9.16208
11.0963
12.5804
12.9918
12.0346
10.7287
8.40901
6.6364
5.22795
4.88659
5.83777
7.36786
9.79754
11.7667
12.9508
13.2465
12.3436
10.5732
8.54529
6.77538
5.32546
4.91044
5.7221
7.21559
9.01116
11.1079
12.4015
12.7113
11.9289
10.2385
7.99722
5.87052
4.40819
3.85456
5.07175
6.84859
8.97579
11.109
12.4088
12.9773
11.9758
10.2783
8.38005
6.33293
5.11029
4.65324
5.56154
7.26928
9.52894
11.3812
12.5471
12.8232
12.0053
10.2321
8.29298
6.39087
4.91594
4.6071
5.26762
6.79323
8.86241
10.661
11.8914
12.3224
11.5349
10.0181
8.03736
6.23132
5.16445
4.97245
5.61243
7.52613
9.64593
11.4213
12.7934
13.0932
12.2385
10.8263
8.77868
6.83412
5.72623
5.42492
6.0797
7.62843
9.51731
11.1788
12.3253
12.6146
11.7239
10.4421
8.45272
6.62573
5.33823
4.69856
5.34921
6.69419
8.69162
10.214
11.6552
12.1208
11.4859
10.1023
8.08949
6.48986
5.24162
5.0076
5.79054
7.31341
9.52498
11.119
12.3102
12.6601
12.1259
10.7201
8.80986
7.09713
5.66126
5.42693
5.7108
7.10799
9.0509
10.8487
11.973
12.3269
11.6488
10.1009
8.12549
6.10106
4.88146
4.79623
5.2609
6.72868
8.83575
10.7471
11.9462
12.0645
11.544
10.0927
8.43428
6.51921
5.4321
5.27708
6.02193
7.45941
9.42178
11.3451
12.5763
12.7034
12.0075
10.3061
8.34411
6.40351
4.90836
4.69012
5.46001
7.20141
8.966
10.861
12.0043
12.2691
11.3425
9.65066
7.75875
6.06361
4.92278
4.62248
5.39279
7.01771
8.98716
10.932
12.2747
12.6885
11.842
10.0099
8.16839
6.17036
4.79307
4.35408
5.25119
7.08146
9.418
11.371
12.8186
13.1463
12.3073
10.4482
8.04478
6.14644
4.79879
4.65826
5.48285
7.41849
9.61128
11.6552
13.0395
13.228
12.3857
10.7397
8.47312
6.50239
5.25998
4.8759
5.59244
7.21279
9.33565
11.2644
12.5855
12.9976
12.0025
10.2431
8.37
6.35001
5.2319
4.86393
5.84335
7.6421
9.69898
11.6368
12.7789
13.1852
12.5255
10.9898
8.97328
7.134
5.81505
5.32523
6.11317
7.54964
9.52241
11.3886
12.397
12.6751
11.7594
10.391
8.43268
6.68112
5.37855
4.98693
5.42825
6.8802
8.78
10.4211
11.639
11.7473
11.0585
9.75678
7.93022
6.26332
5.13869
4.88876
5.505
7.11448
8.94053
10.7041
11.7959
12.1287
11.446
10.0668
8.2311
6.20193
5.09436
4.66013
5.32426
6.95318
8.94522
10.6067
11.7071
11.9487
11.2419
9.74303
8.01507
6.19451
4.93614
4.80629
5.39003
7.30806
9.24336
11.0543
12.326
12.5568
11.9316
10.315
8.49414
6.67918
5.44327
5.2787
5.87464
7.70783
9.74577
11.3449
12.4671
12.811
12.0614
10.3285
8.32524
6.19131
5.13789
4.98141
5.45855
7.05208
9.19731
11.1332
12.5936
12.7025
11.9769
10.5663
8.51601
6.5797
5.32396
4.90658
5.62703
7.0911
9.14389
11.1713
12.4105
12.7942
12.1265
10.644
8.33091
6.20023
4.78763
4.3495
5.11794
6.51891
8.47946
10.5493
12.0734
12.5297
11.9985
10.5856
8.49756
6.51695
4.86351
4.40566
5.09139
6.66303
8.92088
11.1101
12.5934
13.2499
12.7329
11.1341
9.1172
6.71399
5.02299
4.54618
5.1447
6.72262
8.84281
10.893
12.6368
13.3543
12.6336
10.8963
8.42733
6.15559
4.53774
4.06506
4.6746
6.54685
8.91806
11.2437
12.965
13.6981
13.1235
11.4571
9.25686
6.84987
5.25815
4.7609
5.11914
6.83551
8.99665
10.9573
12.5467
13.0265
12.3032
10.7001
8.48144
6.15582
4.66006
4.06826
4.7326
6.2436
8.53296
10.6766
12.5188
13.1909
12.6378
11.0968
8.83215
6.78961
5.37177
4.885
5.15652
6.79533
9.08421
11.186
12.9353
13.2715
12.4311
10.7107
8.3683
6.17008
4.36162
3.97182
4.65665
6.42603
8.82447
11.214
12.6542
13.0411
12.2939
10.4204
8.54986
6.40029
4.95609
4.67089
5.31281
7.22094
9.5713
11.5841
13.0572
13.4471
12.68
10.8485
8.44939
6.21773
4.79407
4.35508
4.99401
6.74533
9.13958
11.3296
12.6655
12.9571
12.2043
10.4237
8.21338
6.15636
4.76398
4.38924
5.26399
7.06983
9.53683
11.6115
12.912
13.2165
12.4402
10.7003
8.26296
6.0993
4.47893
4.12442
5.19142
7.03056
9.29459
11.2563
12.5722
12.8486
11.9129
10.3045
8.07851
6.02702
4.58373
4.44111
5.15249
6.89906
8.94599
10.9996
12.5348
12.9028
12.0946
10.393
8.39137
6.12725
4.77656
4.59522
5.48675
7.23612
9.29992
11.1315
12.552
13.0053
12.0901
10.3421
8.26713
6.2088
4.90512
4.55426
5.27167
6.97119
9.11946
11.087
12.6429
13.0077
12.2481
10.6246
8.37412
6.41754
4.94101
4.53118
5.16324
6.88643
9.31678
11.3808
12.5402
13.0431
12.1294
10.3028
8.29415
6.3402
4.84127
4.59972
5.00536
6.53369
8.82217
10.8106
12.3797
12.9135
12.1735
10.5097
8.30748
6.44612
4.8759
4.59968
5.2877
6.81721
9.27574
11.357
12.7096
13.2705
12.5279
10.832
8.89895
6.97112
5.41754
5.03673
5.67535
7.23785
9.40751
11.3031
12.6682
13.0863
12.4806
11.1452
8.97972
6.97651
5.38819
4.74803
5.67369
7.00609
9.22393
11.1316
12.3557
12.8156
12.2895
10.9012
8.68667
6.77097
5.39819
4.86886
5.62238
6.82582
8.76202
10.7239
12.1352
12.6283
11.8657
10.5952
8.26761
6.51931
5.11674
4.73271
5.54199
6.92425
8.82406
10.8026
11.9124
12.3031
11.7771
10.417
8.37563
6.44063
5.11598
4.67852
5.43626
6.9788
8.64298
10.6566
12.084
12.3057
11.605
10.0302
8.02979
6.12485
5.05617
4.4591
5.18121
6.86087
8.85717
10.9935
12.5204
12.8057
12.0549
10.4219
8.39147
6.62746
5.38552
5.01837
5.78549
7.48718
9.46721
11.5391
13.0733
13.1922
12.4368
10.5764
8.2688
6.40064
4.79481
4.4731
5.28679
7.09207
9.21847
11.0611
12.3295
12.6406
11.7653
10.1209
8.16835
6.16198
4.87339
4.56709
5.2459
7.05289
9.1328
11.1539
12.6896
13.0607
12.1866
10.5641
8.41163
6.34169
4.99517
4.32199
5.22575
6.97228
9.11545
11.001
12.475
12.7601
11.8891
10.1266
7.91285
5.7388
4.2516
3.76825
4.52586
6.45895
8.79103
11.087
12.6994
12.8791
12.0935
10.4342
8.18888
6.09528
4.65402
4.48182
5.16782
7.34077
9.47569
11.736
13.1583
13.4234
12.7457
10.841
8.59072
6.26041
4.77237
4.4601
5.21627
6.92184
9.11779
11.2391
12.7489
12.9491
12.1776
10.4494
8.378
6.21013
4.85023
4.48484
5.28766
7.25466
9.62466
11.5531
12.9997
13.5236
12.7071
10.9842
8.81791
6.63696
5.17878
4.69923
5.44992
6.79473
8.91343
11.0081
12.2955
12.8557
12.0092
10.5049
8.1214
6.26835
4.81427
4.33777
5.14334
6.47803
8.5788
10.3791
11.844
12.4566
11.8318
10.4702
8.32509
6.50999
5.11171
4.43228
5.13175
6.55901
8.60454
10.8781
12.2725
12.5964
12.0815
10.4562
8.6815
6.6542
5.27017
4.79655
5.52633
6.97241
9.03239
11.0119
12.4435
13.0406
12.3876
10.9213
8.91718
6.90362
5.46078
4.9226
5.29901
7.12497
8.67367
10.5678
12.0844
12.4365
12.1797
10.7352
8.86592
7.00546
5.61643
4.95136
5.70542
7.38014
9.33973
11.2714
12.4093
12.8539
12.3271
10.6065
8.66191
6.78778
5.47455
4.95045
5.5966
6.98384
9.1877
10.6881
12.0568
12.3662
11.7826
10.3873
8.25733
6.56627
5.29596
5.09238
5.51511
7.10414
9.13923
11
12.1882
12.441
11.8448
10.3382
8.3383
6.44744
5.21867
5.01494
5.5662
7.18646
9.1021
10.9726
11.9904
12.4406
11.7824
10.2496
8.46158
6.44603
5.44459
5.13321
5.8049
7.24311
9.20385
11.2013
12.5897
12.9616
12.3679
10.7496
8.5924
6.62795
5.35329
4.9451
5.54078
6.87656
8.68464
10.7316
11.9648
12.2702
11.7253
10.1497
8.33571
6.71252
5.25125
4.89535
5.76182
7.28139
9.38131
11.3336
12.7704
13.2795
12.4861
10.9506
8.7159
6.84737
5.47219
5.1566
5.52051
6.86474
8.86385
10.9215
12.3347
12.6329
11.8227
10.2033
8.18286
6.33963
4.85952
4.5779
5.04291
6.6109
8.91915
11.0624
12.5176
12.9359
12.2842
10.6567
8.71116
6.52363
5.21942
4.65664
5.25956
6.92384
9.18466
11.3636
12.7035
12.7855
12.0665
10.5744
8.20885
6.18904
4.72545
4.27583
5.15599
6.82894
8.99436
11.1062
12.552
12.7466
12.162
10.6677
8.3289
6.24129
4.73184
4.33093
5.11924
6.89553
8.92179
10.9502
12.3548
12.6542
11.9709
10.3099
7.95093
5.88038
4.38785
4.09006
5.0799
6.96259
9.10406
11.383
12.9724
13.2424
12.4286
10.5353
8.31564
6.46774
4.96486
4.7956
5.60892
7.52586
9.48207
11.3407
12.8456
13.0733
12.259
10.4104
8.40682
6.10851
4.5412
4.19446
4.79906
6.72282
8.72225
10.7653
12.4183
12.6987
11.831
9.95092
7.81195
5.65756
4.45742
4.13289
5.3099
7.27891
9.63633
11.7231
13.3391
13.6402
12.5119
10.7871
8.40185
6.39498
4.85965
4.18908
4.94991
6.67467
9.09543
11.1244
12.5303
12.9455
11.8582
10.2696
7.72985
5.50232
4.03397
3.72438
4.80332
6.80881
9.36568
11.5101
12.9633
13.4748
12.4409
10.7453
8.44674
6.48573
5.10156
4.65056
5.61431
7.47824
9.87093
11.9829
13.213
13.3914
12.6118
10.8248
8.48387
6.42259
4.96867
4.6405
5.33027
6.97185
9.30059
11.2797
12.6516
12.9514
11.9866
10.3581
8.42699
6.45165
5.35005
5.12168
5.68094
7.30819
9.38278
11.1702
12.5459
12.8663
12.2825
10.6525
8.65095
6.64264
5.25728
4.88529
5.38239
6.91512
9.07984
11.0045
12.1851
12.4197
11.7342
10.2642
8.43054
6.53696
5.17103
4.85364
5.4005
6.8923
8.58148
10.6221
11.8828
12.2554
11.815
10.525
8.71874
7.04766
5.80673
5.53138
6.28897
7.75065
9.56071
11.2582
12.382
12.8668
12.3396
10.9343
9.00481
7.06027
5.83817
5.41237
5.98601
7.22582
9.02224
10.8022
11.8362
12.2633
11.6577
10.1912
8.31227
6.60741
5.1976
4.71243
5.57663
7.00822
8.81039
10.7305
12.0229
12.5749
12.1272
10.563
8.4488
6.70799
5.37101
4.97944
5.42574
6.97911
8.91633
10.7159
11.9882
12.2938
11.7842
10.2525
8.35356
6.26049
5.01187
4.80275
5.19318
6.70014
8.579
10.5783
11.9145
12.2676
11.8153
10.1724
8.65759
6.86592
5.66946
5.29078
5.82183
7.27102
9.1681
11.2307
12.451
12.7791
12.0049
10.6176
8.32398
6.22685
4.93336
4.53509
5.53198
7.11381
9.13799
10.8587
12.2548
12.5543
11.6637
10.3902
8.37172
6.40191
5.14181
4.85221
5.67947
7.38738
9.48117
11.2532
12.462
12.6558
11.9165
10.3157
8.60532
6.80512
5.53284
5.09913
5.82986
7.3002
9.21143
10.8784
11.9186
12.2731
11.4637
9.83128
7.87261
6.15441
5.21031
5.0421
5.94683
7.48892
9.33743
11.1981
12.3346
12.5664
12.0497
10.6695
8.54838
7.21717
5.75977
5.62877
6.29899
7.61839
9.53918
11.3904
12.312
12.474
11.663
10.2243
8.38652
6.64413
5.50931
5.3449
6.01573
7.42297
9.35628
11.2796
12.321
12.315
11.6153
10.0237
8.36643
6.72996
5.65156
5.43273
6.10134
7.43812
9.2112
