42196
41102.4
39512.2
37583.9
35708.9
34183.3
33402.7
33951.1
36314.4
41810.7
51146.2
62685.1
74696.1
84921.4
92472.1
97108.5
99074
98402.3
95535.2
90877.6
85112.5
79013.2
73136
68149.4
63445.2
59370.8
56273
54110.4
52989.9
53259.8
55060.7
58642.3
63647.9
70077.2
78112.6
86471
93576.2
98081.7
99401.3
98015
94351.4
88393.7
81262.3
73613.1
65984.5
58834.2
52453.9
47105.5
42350
38217.6
35139.8
33451.8
33271.1
34648.7
37519
41803.5
47834.3
55113.8
63009.3
70423.7
75809.2
78344.2
77984
74672.4
68278.7
59723.4
50925.5
42914.9
36074.9
30344.8
26380.9
24066.1
22300.4
20294.8
19183
19648.1
20928
22916.6
26157.5
31218.6
37548
44287.6
51192.8
57287.5
61505
62990.9
61332.4
56902.5
50421.3
43138
36277
29898.5
24198.2
19330.8
16314.8
14850.9
13702.5
12698.7
12141.6
12940.1
15372.1
18410.5
22301.7
27876.4
35194.3
43432.2
51247.4
58117.4
64048.3
67433.8
66627.5
62893.3
57251.1
50391.9
43490.4
36173.8
29518.7
24859.7
22235.4
21235.2
20705.1
20143.7
20712.9
22403
25011.5
28601.2
32667.5
37673
44361.9
51293.9
57096
61333.5
63789.3
64793.8
63619.6
59854.3
54554.9
48215.9
42310
36936
32342
28515.4
25596.1
23976.1
22984.1
22244.7
21976.5
22258.5
23204.8
24764.4
26242.3
28442.5
32100.3
36766.2
41749.3
46160.4
49990.9
53738.5
56723.8
57434.4
56143.2
53942.9
51288.1
48502.1
45476.1
42913
41381.1
40444.4
39612.2
37953.9
35499.1
32930.1
31063.4
29922
29528.6
30487.4
33523.9
39717.1
48972.1
59738.1
70027.8
77841.5
82703.4
84777.3
84375.1
81467.1
76965.4
71401.3
65231.4
59275.7
54068.9
49923.9
46176.6
42602.5
39935.2
38472.6
38251.4
39371
41786
45757.1
51665.6
59265.2
68042.7
76621
83995.9
89353.9
91947.5
91385.5
87863
81945.4
74352
66228.8
58276.8
51437.7
45966.1
41831.4
38432.3
35872.5
34138.5
33376.2
34412.5
37102.4
41122.2
46601.6
53837.9
62481
71836.2
80713.8
87614.9
91161.1
90788.5
86729.3
80048.6
71911.1
63760.4
55946.9
48808.3
42626.3
38173.1
35448.7
33138.7
31071.8
29848.3
29918.8
31276.9
33907.1
37619.6
43284.8
50895.1
59680.3
68635.3
76669.5
82210.6
84981.7
84652.4
80997.6
74725.5
66985.2
59265.1
51711.5
45008.2
39506.9
35944.7
33950.9
32354.7
31070.3
30620.4
31378.8
33708.9
36845
40510.5
45774.2
52821.5
60823.9
68951.6
75401.6
79542.5
80935.8
79401.7
74983.2
68483
61154.3
53854
46741
40025.6
34753
31617.1
29674.6
27649.9
25740.1
25028.9
25572.3
27057.6
29158.5
31885.8
35946
41145.9
45771.8
51918.7
58356.8
63353.1
64846.5
61675.8
55275.8
47628.4
40244.7
34039.2
29144.3
24627.4
20387.3
17367.5
16121
15050.7
13429.5
13191
15113.3
18293.3
23037.5
30335.5
40213.6
51540.9
60884
67043.7
70619.9
70618.5
68042.9
63174.3
55707.9
48437.3
40776.9
35873.4
32363.5
29514.3
27795.1
26905.4
27244.2
28776
30560.8
33669.7
39173.3
47007.2
55994.9
64889.1
72274.3
79399.7
84372.3
84732.5
82371.3
77499.6
71015.3
64769.4
57277.6
49647.4
42713.4
37073.3
33084.1
29689
26693.5
26292.5
28001.4
31017.1
34702.3
39020.1
44680
51504.6
57920.5
62969.9
66047.7
67369.9
67355.6
64977.9
60405.8
54428.3
47755.4
41469.8
35530
30454.5
26490.8
23918.6
22259.9
20894.9
19552.8
18450.1
18356.6
19391.5
20982
22801.9
25659.3
29972.3
34735.9
39038.3
42623.8
45691.9
48518.5
49959.6
49608.9
47988.9
45667.1
43178.8
40422.8
37559.6
35146.2
33554.3
32402.7
31259.7
29932.1
28396.8
27068.7
26149.1
25759.5
26145.3
27765.5
31135.6
37578
47003.5
57692.3
67764.4
75194.1
79898
82287.7
82332.5
80039.2
75809.1
70166.4
63820.3
57854.7
52895
49148.1
45841.4
43039
41274
40610.2
41199.3
42867.1
45926.8
50297.4
55828.3
62666.3
70916.6
79156.7
85665.9
88908.3
88680.4
86285.5
81631.7
75253.8
68228.4
60902.8
54010.3
47687.3
42361.4
38288.4
34755.5
31867.8
30094
29907.8
31318.7
33651
36744.9
41717.5
48691.2
56852.5
65254.1
72401.2
77288.4
79093
77276
72387.8
65238.9
56874.4
48715.9
41085.8
34312.4
28938.7
25461.6
23635.7
22273.4
21014.5
20551.9
21617.3
24104.9
27383.4
31292.7
36847
44416.5
53109.4
62113.7
69670.6
74501.1
76180.3
74266.2
69248
62139.7
54057.7
46381.9
39301.1
32912.8
27811.1
24916.2
23611.2
22730.6
22240.8
22603.2
24492.6
27809.1
31754.1
36226.5
42394.6
50199.9
58874.8
67309.6
74054
78317.3
79504.5
76934.5
71100.8
63200.6
54718.5
47223.9
40140.6
33865
28781.6
25707.8
24271.2
23308.5
22644.1
22661
24480.5
27644.3
31269.6
35360.3
40427.7
47218.7
53500.8
58012.8
60477.3
60697.9
59819.5
56401.3
50696.3
43568.5
36632.4
30931.9
25960.5
21964.2
18835.4
17403.3
16896.1
16369.6
15778.8
15400.2
15762.8
17260.5
18948
20840.9
23868.4
27977.9
32788.5
37280.7
40643
43516.9
45933.7
46747
45660.9
42950.3
40168.9
37025.5
34445.7
31595.8
30142.6
29726
29569.6
29607
28679.4
28014.4
27385.8
27470.1
27697.9
28061.2
29499.5
32062.5
37583.2
46112.6
55691.7
65278.8
71508
75558.9
77108.5
76512.4
73779.7
69329.4
63751.5
57765.7
52578.3
48294.8
45382
42821.8
40613.1
39310.8
39212.2
40264.6
42532.9
45890.6
50372.2
56418.2
63643.9
71739.7
79235.1
84323.1
86351.5
85509
82185
76731
69852.3
62204.4
54758.9
48177.8
42618.9
38223.4
35547.6
32900
30838
29566.5
29547.6
31451
34376.9
37956.6
43203.7
49974.2
57531.7
65298.5
71234.9
74314.6
74495.3
71389.3
65711.7
58539.1
50160.6
42684.1
35614.6
30156.4
25830.8
23856.3
23357.2
23169
23205.8
23418.8
24744
27383.5
30236.2
33735.9
38436
44742.6
51623
57955.4
62765.3
65577.1
66389.9
64579
60132.6
54071.4
46867.2
40138.7
34079.3
29042.5
25231.8
22979.2
22178.6
21533.9
20694.4
20384.3
21261.1
23634.7
26288.2
29140.3
33393.2
38948
45151.2
50600.8
54610.9
56982.6
57299.5
55167.8
50535.8
44396.2
38452.1
33464.6
29396.7
25918.6
23067.5
21323.2
20671.9
20089.9
19268.4
18916.5
19298.5
20994.6
22809.3
24620.5
27712.8
32091.6
37371.1
42848.1
47184.3
50039.4
51731.8
51575.9
49856.4
47068
44062.4
41789.5
39690.1
37500.2
35971.4
35512.5
35619.5
35606
35703.4
36233.4
37259.8
38793.8
40538.6
42686.1
45566.8
48991.8
52537.1
56238.9
59389.4
62302
63958.1
63368.7
61445.2
59002.3
57237.3
55869.3
54778.6
53603.9
52628.4
51351.7
49866.1
48293.6
46425.4
44494.1
42628.5
40869.1
39203.2
37572.9
36632.1
36727.6
37413.4
38685.7
40172.3
41701
43356.3
44533.7
45438.2
46047.5
46005.1
45676
44990.5
43951.5
42644.5
40918.8
38710.2
36137.8
33708
31050.6
29005.6
27512.7
26653.4
26349.8
26435.1
27308.2
29167.2
31659.6
34298
36750.6
39170.1
41255.6
42797.6
43895.3
44251.1
44686.7
44584.3
43968
42442.3
40022.4
37153
33864.5
30354.3
26678.4
23894.7
21840.3
20826.6
20444.8
20727.3
21681.9
23228.2
25443.5
28013.1
30449.4
32649
34305.4
35701.5
36607.8
37129.3
36953.1
36240.2
35409
34132.3
33179.1
32077.7
31344.1
30849.1
30392.5
30118.3
30124
30694
31411.2
33049.7
35332.7
38707.2
43458.7
49166.9
54457.2
59503.1
63492.5
66310.1
68498.4
69254.7
69263
69192.7
68393.7
67634.5
67256.8
66978.9
66994.8
66735.7
66019.1
65698.7
65639.4
65597.1
66375.7
67681.2
69488.8
72078.5
74968.5
78012.5
80938.8
83206.2
84242.4
84141
82844.5
81004.2
78404.4
75322.1
71604.6
67509.1
63631
59759.2
55908.4
52211
48895.7
46605
44999.1
43931.9
43450.2
43792.1
45428.4
47710.1
49700.1
51681.6
53609.1
55247.5
56216.1
56120.4
55295.5
53998.8
51829.9
49557.6
47097.9
44726.8
42729.6
40820.9
38800.8
36864.8
34734.6
32525
30922.9
29907.4
29930.7
30959.3
32987
36495
40839.6
45629.3
50839.5
55675.8
59795.2
62904.3
64621.7
65301.1
64763.7
63020.8
60651.5
57844.8
55254.9
52864.3
50339.2
47421.3
44392.3
41772.3
39623.9
38080.6
37533.6
38126.3
39776.2
42412.9
46138.7
50853.4
55859.3
60690.3
64805.8
67993.9
69983
70615.5
69940.9
67876
64870
61163.8
57170.2
53253.1
49315.8
45529.2
41909.5
38642.4
36061.2
34242.1
33601.9
34546.8
37244.8
42611.4
50453.9
59673.3
68609.6
75596
80380.1
83137
83770.5
81793.3
77516.6
71883.9
65967.7
60572.3
55877.3
51701.2
47948.3
44986.6
42879.6
41610.4
41456.8
42648.6
45184.7
48955.3
54678.6
63113.7
73290.7
83380
91463.3
96126.5
97089.6
94808.1
90197.2
83691.5
76001.7
68001.3
60522.9
53973.3
48904.9
45434.7
42617
40331
38892.1
38584.3
40182.8
43227.2
47253.7
52960.1
60576.2
69608.6
78977.5
86900.2
92153.9
94075.3
92681.9
88106.4
81027.6
72253.6
62954.7
54001.3
45923.2
39520.6
35461.9
33300.7
31603.7
30347.1
29742.1
30646.4
33210.5
36726.5
41134.6
47053.6
54883.2
63861.7
72770
80260.6
85247.7
86993.5
85049.9
79746.7
71705.4
62329.9
52901.7
43909.6
36432.5
30796.8
27995.4
27119.6
26822.6
27075.7
28334.7
31157.3
35418.3
40456.9
46017.2
53104.1
61328.1
68449
73499.2
75962.9
76134.1
74526.5
70242.3
63920.7
56271.2
49053.9
43193.3
38308.1
34744.3
32569
32130.7
32849.2
33912.5
34951.8
36220.6
37983.1
40305.1
42561.9
44661
47318.9
50441.9
53102.8
54842.4
55620.8
55571.8
55148
53723.7
50957
47959.9
45193.7
42880.7
40991.6
39018.4
38239.7
38622.2
39801.7
41020.6
41985.1
42707.4
42887.4
42660.6
41688.7
40623
39707.9
39721.6
42339
47642.8
54581.7
61046.2
66079.4
69448.8
71036.5
70996.6
69076.4
65850.3
61721.1
57369.5
53252.6
50049.3
47437
44995.5
43295.6
42078.8
41863.5
42590.8
44461.4
47332.2
51324.8
56618.1
63351
71232.8
78394
83884.3
86451.8
85952.6
83334.2
78558.3
72522.3
65865.3
59293.9
53363
47892.9
43421.3
39683
36400.7
33604.9
31566.5
31054.9
32331
35226.9
39192.2
44822.6
52281.9
60894.4
69660.2
77222
82414.8
84433.8
82777.5
77738.8
70202.3
61486.7
53054
45032.9
37990.9
32455.7
28803.8
26804.7
25321.8
24078.4
23610.2
24458.1
26874.5
30430.8
34888.3
40963.1
48872.7
57797.4
66790.8
74363.1
79430.5
81404.7
79773.3
75171.2
68289.3
60309.7
51943.5
43851.8
36774.8
31183.5
27889.3
25821.1
24165.2
22928.6
22608.8
23971.8
26966.9
30741.6
35254.2
41504.2
49456.5
58338.2
67452
75020
80013.7
81638.7
79477.9
74320.3
66972.2
58537
50290.4
42267.1
34987.2
29280.8
25665.3
23955.9
22671.5
21810.3
21909.3
23446.1
26475.8
30175.7
34670.6
40911.6
48576.2
55846.2
61707.9
65511.2
67407.7
67660.1
65256.2
60360
53364
45935.4
39398.2
33768
29115.4
25171.8
22664.4
21275.2
20352
19476.6
18828.8
19305.5
20658.8
22322.8
24203
27545.3
32634.2
38147.1
43410
48024.7
52285.3
56026
57858.2
57410.9
55159.8
52145.5
48770.8
44976.4
41091.1
37912
35808.9
34653.2
33800
32537.9
31057.1
29631.3
28620.7
28154.3
28696
30755.5
34923.5
42408.9
52952.5
64906.9
75679.5
83411.2
87781.6
88960.4
87583.1
83733.7
77956.7
71097.3
64095.1
57712.2
52469.3
48498.4
45024.2
42298
40531.9
40070.4
41106.9
43443.9
47099.1
52283.3
58917.7
67079.3
76217.9
84746.2
91266
94627.5
94479.2
91251.3
85367.3
78030.3
70423.9
62867.6
55828.5
49400.4
44079.5
39876.3
36052.8
32920.2
31036
30769.5
32065.7
