14.5704
21.866
14.6237
14.5739
14.8533
14.9055
14.9934
14.8666
14.3707
14.2933
14.0161
13.8163
13.7658
13.6728
13.9116
14.0823
14.1739
14.2488
13.909
13.3148
13.2913
13.4168
13.2961
13.0614
13.0585
13.3265
13.3471
13.0962
12.9904
13.025
13.2787
13.5869
13.4987
13.5502
14.0612
14.5962
14.7042
14.5458
14.4419
14.1829
13.861
13.9114
13.9825
13.7328
13.8643
14.0855
13.933
14.1085
14.2305
14.0664
14.1272
14.2068
14.1131
13.8737
13.5891
13.5851
13.7575
13.4626
13.2897
13.5497
13.7312
13.8956
13.8159
13.4104
13.7996
14.4026
14.2444
14.0932
13.9613
14.0945
14.095
13.6219
13.0134
12.8806
13.1865
13.2875
13.035
12.3186
12.1461
12.3343
12.1764
11.9658
11.6747
11.6887
12.168
12.3578
11.9919
11.72
12.0572
12.774
13.359
13.4092
13.378
13.9797
14.7435
14.5719
14.1333
13.8756
13.8282
13.9832
14.0314
13.3458
13.2228
14.2202
14.2375
13.5631
13.0013
12.9802
13.4569
13.3019
12.5482
12.3171
12.9523
13.0346
12.3706
11.4528
11.4674
12.6494
13.2627
13.2893
13.5084
14.1134
14.8807
14.8182
14.3441
14.4699
14.8141
14.5247
14.1824
13.6588
12.9576
13.1938
13.6201
13.482
13.5008
13.7129
13.6104
13.6849
13.4801
13.0878
13.3511
13.8636
14.0128
14.0654
14.1475
14.2539
14.7795
15.0783
14.8075
14.8213
15.0935
15.4021
15.5901
15.4504
15.5382
15.8647
15.5416
14.9306
14.7447
14.7064
14.6546
14.7932
14.6166
14.5589
14.547
13.9225
13.5919
13.9092
14.1644
14.2357
14.4047
15.052
15.3614
15.5529
15.6471
15.495
15.1184
15.084
15.2993
14.6172
14.3741
14.2961
14.032
14.2983
14.641
14.5396
14.5061
14.8671
14.7183
14.8076
15.125
15.1641
15.3462
15.9522
15.8636
15.6455
16.0237
16.5507
16.9567
16.495
16.5806
16.7542
16.596
17.173
17.1928
17.0457
16.9713
17.184
17.0228
16.1744
15.6749
15.4659
15.6417
15.3163
15.4864
15.6163
15.4467
16.3514
16.7438
16.4523
16.0041
16.3079
16.5593
15.9401
15.3355
15.4546
15.8106
15.8576
16.191
15.641
15.1591
15.3639
15.5098
15.3877
14.6903
15.1079
15.3502
15.0298
14.7381
14.4523
14.6956
14.8077
15.0071
14.6259
14.2869
14.4731
15.0782
15.606
15.102
15.5906
15.8755
15.6388
15.8461
15.4732
15.1124
15.4087
15.733
15.3613
15.0789
15.2118
15.6532
15.941
15.5478
15.5039
15.4636
15.2521
15.4969
15.4275
15.4268
15.8788
16.4408
16.5432
16.0508
15.831
16.0412
16.3354
16.3069
16.2335
16.236
16.221
16.6239
16.6424
16.2555
16.3537
16.5907
16.6176
16.0348
15.6091
15.8138
16.0243
16.3552
16.2421
15.8099
15.6919
15.822
15.8706
15.651
15.4984
15.9103
16.2648
15.956
15.8108
15.8434
15.9871
16.5669
16.5153
15.9539
15.8682
16.2748
16.4084
16.0793
15.7957
15.865
16.2065
16.1048
15.953
15.8421
15.8442
16.0565
15.9956
16.0136
16.0798
16.3278
16.6642
16.5353
16.3541
16.207
16.2483
16.5601
16.6234
16.4908
16.5686
16.7063
16.708
16.6084
16.1458
15.7414
15.7677
15.6859
15.4372
15.3558
15.547
15.9465
16.0052
15.4383
15.0211
15.3004
15.4484
15.2227
15.3437
15.6404
15.8377
15.9589
16.0495
15.9144
15.6646
15.8562
15.8255
15.5493
15.376
14.9076
14.6813
14.6416
14.5924
14.3056
14.0639
14.0291
14.0943
14.1852
13.5683
13.3831
13.9552
14.0741
13.8252
13.6517
14.1119
14.3495
14.3738
14.4607
14.2452
14.2863
14.4373
14.312
14.2235
14.5937
15.2845
15.3634
15.0939
15.0491
14.7186
14.3316
14.176
14.2245
14.4888
14.1999
13.9308
14.1033
14.1652
14.1077
13.9992
13.8577
13.7994
13.8246
13.5205
13.3589
13.5993
13.9051
14.2601
14.2568
14.2321
14.2933
14.3624
14.5596
14.3277
13.9962
13.8988
13.8137
13.972
14.1058
13.7583
13.63
13.7984
13.7418
13.1993
12.4526
12.4008
12.9695
13.4294
13.2291
12.5378
12.5523
12.9077
12.6238
11.903
11.9781
12.7288
13.3598
13.5707
13.0948
12.6893
12.642
12.7854
12.878
12.6222
12.6431
13.1652
13.4444
13.3123
12.8328
12.7104
13.1592
13.4874
13.4671
13.1616
13.2077
13.7007
14.3719
14.1893
13.3543
13.6359
14.135
13.8526
12.5247
11.3755
11.2565
11.6045
11.8024
11.2194
11.1646
11.9164
12.9134
12.8085
11.8383
11.8104
12.2073
12.5662
12.1452
11.7463
12.1533
13.0006
13.5254
12.9457
12.2447
12.0673
12.5836
13.0541
12.8026
12.2393
11.8268
11.9214
11.3719
11.0712
11.47
11.3351
11.4799
11.4731
10.5023
9.74783
10.09
10.8332
11.5735
12.2367
12.2293
12.605
13.3414
13.2182
12.7148
11.9149
11.6419
11.8782
12.1851
12.2284
12.0154
12.519
13.1108
13.4603
13.3868
13.933
14.4742
14.4255
14.4976
14.1549
13.8597
13.4474
13.4011
13.9918
14.7916
15.0925
14.822
15.3115
15.6312
15.0964
15.1509
15.9681
16.5142
17.1768
17.6826
16.8414
15.5881
15.6581
16.5873
16.4328
15.8848
16.3384
17.4854
18.0082
17.6799
17.4693
17.4565
17.9702
17.7038
16.5813
16.1153
16.8227
17.0751
16.4987
15.7383
15.0597
15.436
15.9865
15.5989
15.0317
15.2946
15.7209
15.499
15.1064
14.9092
15.2896
15.7453
15.4776
14.6956
14.2228
14.4122
14.4705
14.4286
14.3965
13.9765
14.4051
15.51
15.247
14.5707
14.4474
14.558
14.8979
14.9665
13.8089
13.1912
14.6578
15.3709
14.8129
14.3376
14.8237
15.7753
16.088
15.4343
14.1882
15.005
16.0728
15.65
15.234
15.1838
15.5933
16.0699
15.7499
15.2495
15.4531
16.1257
16.922
16.3903
15.8348
16.3512
16.3173
16.2121
16.4193
16.4509
16.4443
16.7176
16.6868
16.6348
16.395
16.1183
17.2196
17.9311
17.515
16.7829
16.3221
16.3799
16.4768
16.255
15.6761
15.7997
16.7206
17.2067
16.6132
15.8128
16.0164
16.7302
16.5902
15.8487
15.9929
16.448
16.9911
17.1536
16.2815
15.7685
16.0656
16.1751
15.8145
15.4864
15.5078
16.0497
16.5833
16.2601
15.8777
15.8515
16.3057
16.4552
15.7609
15.5903
15.5888
15.5884
15.9501
15.5159
15.0525
15.5671
16.2814
16.2389
15.7142
15.459
15.7622
16.2759
16.1719
15.8453
15.8807
16.2775
16.3497
15.7421
15.2999
15.1615
15.2525
15.4772
15.445
15.2041
15.2171
15.3933
15.3472
15.0583
14.9373
15.0063
14.8309
14.8609
14.7847
14.5644
14.6865
14.8114
15.0721
15.0846
14.9219
14.9523
14.9821
14.918
14.8812
15.0658
15.0898
15.3003
15.4268
15.332
15.4228
15.5787
15.5239
15.3902
15.6558
15.7347
15.504
15.5347
15.7942
15.7587
15.6694
15.6919
15.7141
16.0049
15.9316
15.7876
15.6737
15.6361
16.1445
16.3187
16.185
16.2138
16.5978
16.8501
16.4111
16.1721
16.4949
16.8268
17.0792
17.2848
16.8974
16.5779
16.9737
16.8879
16.2514
16.1154
16.1894
16.2998
16.0133
15.4516
15.2113
15.1346
15.3392
15.3155
14.9075
14.548
14.6337
14.8291
14.3618
13.863
13.9911
14.4144
14.4161
14.0494
13.5204
13.1994
13.4924
13.5587
13.3686
13.1287
13.1122
13.3818
13.0728
12.4333
11.9203
12.0547
12.377
12.2438
11.7685
11.6327
12.2088
12.4527
12.169
11.6376
11.4999
11.9375
12.0228
11.8301
11.8639
12.3101
12.8464
13.1527
13.2904
13.2664
13.4405
13.6588
13.4697
12.9383
13.0047
13.593
13.9345
14.385
14.9247
15.0643
14.964
15.0461
14.8282
14.2861
13.9632
14.2116
14.5937
14.2628
13.9425
14.3532
14.5521
14.2888
14.0926
13.4788
13.1539
13.7097
14.0184
13.7545
13.7704
14.6078
15.1751
14.7861
14.1243
13.8716
13.6517
13.2452
13.2475
13.0885
13.0568
13.4458
13.5213
13.5352
13.3718
13.1129
12.9822
12.4827
12.0311
11.7553
11.3073
11.4107
12.0281
11.8041
11.3189
11.5003
11.7284
11.8113
11.8347
11.92
12.2152
12.5334
12.959
12.9144
12.2387
12.7198
13.5928
13.1032
12.6055
12.8866
13.7861
14.1406
13.9868
14.0409
13.885
13.9717
13.8759
13.3123
12.6752
12.8828
13.5879
13.53
13.496
13.8015
14.157
12.8624
11.8825
12.8419
13.0813
12.8506
13.2613
13.7112
14.0329
14.5399
15.0078
15.4374
15.9009
16.158
16.0536
15.2579
14.6776
15.1579
15.8801
15.8733
15.8107
16.2132
16.4618
16.6326
16.3667
15.8001
15.9045
15.9826
15.6586
15.3243
15.0824
15.3845
15.9219
16.127
15.4944
15.2831
15.8127
16.4017
16.3664
15.5899
15.9012
16.7295
17.3455
16.7885
15.9888
16.266
16.6287
16.8935
16.4509
16.1351
16.2377
16.2916
16.1776
15.5524
15.1245
15.3643
15.7363
15.0319
14.721
14.954
14.6808
14.773
14.8659
14.4812
14.1855
14.6256
15.5981
15.8908
15.0421
14.5859
15.0515
15.1254
14.5621
14.5754
15.2335
15.9337
16.081
15.1155
14.2478
14.3043
14.7968
14.7724
14.3898
14.3028
14.6889
15.1534
14.9186
14.9754
15.6006
15.8711
16.0002
15.8336
15.3769
15.2092
15.4009
15.2651
15.7181
16.1475
15.8247
16.4928
16.8373
16.528
16.1538
15.9146
15.8903
15.7678
15.2847
14.9061
15.5044
15.7611
15.8468
16.0509
15.4013
15.3122
15.6474
15.5665
15.2182
15.0698
15.6293
15.5034
15.3743
15.4585
15.6386
15.5435
15.1799
15.5678
15.6377
15.3772
15.4951
15.9704
16.372
16.5314
16.7242
16.7112
16.5928
16.3805
16.2384
15.9778
15.612
15.8201
15.902
15.7318
15.952
16.183
16.1014
16.2918
16.4229
15.957
15.6973
15.7255
16.2115
16.1969
15.9199
16.2455
16.3556
16.5571
16.6183
16.5909
16.6073
16.8592
17.0743
16.6013
16.4393
16.6729
17.0036
16.7602
16.3942
16.5991
16.3227
15.926
15.7809
15.8587
15.6301
15.384
15.4956
15.3544
15.2846
15.5302
15.5816
15.5207
15.7734
15.7416
15.3589
15.2128
15.033
15.1167
14.9915
14.6347
14.8606
15.0797
14.9752
14.7034
14.6773
14.9843
15.026
14.584
14.257
14.4153
14.3455
14.4591
14.494
14.2161
14.6254
14.924
14.8563
14.8462
14.8358
14.7511
14.6254
14.7725
14.7723
15.0133
15.3229
15.3896
15.3371
15.2575
15.1595
15.0243
15.2627
15.4597
15.223
14.8956
14.8256
14.8673
14.754
14.6225
14.6478
14.8251
14.9508
14.9452
14.6296
14.5943
14.7134
14.9621
14.9902
14.7965
14.9276
14.8474
14.7401
14.6391
14.6059
14.5932
14.6017
14.6324
14.6636
14.994
14.7589
14.6878
14.6487
14.3935
14.4259
14.2137
13.8003
13.6459
13.8823
13.6351
13.2118
13.1949
13.4351
13.6722
13.3588
13.3664
13.5029
13.6227
13.7886
13.6164
13.3264
13.323
13.7797
13.8878
13.8608
14.1038
14.1536
14.2379
14.2511
13.9868
14.1632
14.5513
14.617
14.6114
14.415
13.8745
13.9301
14.2227
13.7858
13.5148
13.6227
13.8783
13.7907
13.1598
12.7764
12.9253
13.1688
13.0043
12.4705
12.0714
12.4397
12.7222
12.1237
12.0377
12.557
13.1947
13.6375
13.3046
12.8312
12.7802
13.152
13.2779
13.2248
13.4445
13.8477
14.2368
14.0985
13.5883
13.4459
13.587
13.66
13.4888
13.5657
13.8648
14.1045
14.5661
14.2288
13.7421
13.488
13.157
13.2178
13.1987
13.1454
12.8948
13.2291
13.9329
13.6648
13.4184
14.1079
14.821
14.3664
13.8286
13.8681
13.6736
13.9709
14.5866
14.6063
14.584
15.1796
15.0839
14.3647
13.9447
13.5607
13.5076
13.4066
12.9816
12.6003
12.7951
13.1567
12.8581
12.4708
12.5515
12.5542
12.4244
12.1277
11.9475
12.1385
12.2293
11.8617
11.6352
12.0176
12.5067
13.1805
13.5647
13.8811
14.3458
14.3088
14.4269
14.2147
13.9091
13.7125
14.2954
15.4551
15.9162
16.455
16.5203
16.2749
16.2322
16.0607
15.9614
15.8063
16.1057
16.3783
16.3881
16.2515
16.1884
16.1727
16.3213
16.4689
16.112
15.8968
15.7556
15.4456
15.5436
15.5443
15.8987
16.5759
16.5672
16.4217
16.1594
15.7069
15.5184
15.4835
15.5659
15.7129
16.1739
16.3384
16.1739
15.9619
15.7387
15.2923
15.0554
15.0813
14.5878
14.4688
14.4408
14.3305
14.6719
15.0668
14.9012
