6.4
6.3
7.5
8.5
9.4
12.3
13.1
13.2
11.8
9.4
9.5
5.8
7.3
6.6
9.2
8.4
10.5
12.4
13
11.7
11.9
10.2
7.2
6.9
7.3
7.6
7.5
11
11.2
12.4
13.2
12.6
12
10.9
9
7.4
7.3
6.4
8.4
10.5
12.7
13.4
14.1
13.2
13.1
12.6
11.1
7
7.9
5.8
8.4
9.3
10.3
12.3
11.7
11.1
10.7
9.7
8.1
4.4
5.28265
5.78236
7.27533
8.97904
10.6387
11.882
12.0459
11.374
9.91593
8.06273
6.53841
5.43838
5.33791
5.89392
7.47432
9.28401
10.9828
12.1823
12.3222
11.683
10.1257
8.38134
6.63618
5.74369
5.50362
6.02519
7.40639
9.07472
10.6838
11.7012
11.7701
11.2434
9.96231
8.33957
6.61491
5.53936
5.16041
5.72014
7.32044
9.02211
10.7255
11.9125
12.0076
11.4648
10.0564
8.33681
6.47509
5.51586
5.38583
5.94826
7.62687
9.29641
11.0069
12.1111
12.2867
11.5097
10.0774
8.36
6.54676
5.53114
5.40372
6.16084
7.56088
9.19503
10.8318
11.8547
12.1163
11.2989
9.92298
8.12861
6.33317
5.29251
4.95829
5.87681
7.30424
9.13315
10.7369
11.6372
12.0674
11.2597
9.94971
8.21164
6.52347
5.62772
5.5317
6.12166
7.4529
9.38619
11.1501
12.503
12.7727
11.7979
10.1229
8.16285
6.39734
5.08887
4.99076
5.8955
7.2409
9.15905
10.871
11.8519
12.2942
11.4915
9.86046
8.07475
6.34161
5.36989
5.16494
5.90587
7.25828
9.16534
10.8235
12.0727
12.4288
11.5921
10.3875
8.30447
6.69599
5.39438
5.13023
5.94688
7.17117
9.25922
11.0021
12.027
12.3357
11.6337
10.0389
8.22322
6.67591
5.47685
5.14986
5.83896
7.26653
8.90887
10.7082
11.9035
12.2214
11.5829
10.1413
8.12068
6.28184
5.0549
4.60639
5.70979
7.16971
9.10374
10.8831
12.0658
12.5306
11.681
10.2027
8.45033
6.63908
5.5598
5.14684
5.96168
7.42974
9.3521
10.9481
11.9416
12.2604
11.5184
10.0656
8.35525
6.66815
5.43702
5.20831
5.85388
7.13345
8.93415
10.582
11.5997
12.0546
11.4182
10.0709
8.31192
6.61627
5.63441
5.41115
5.92014
7.54577
9.326
10.8292
12.0201
12.3462
11.6032
10.3351
8.5207
6.75334
5.67595
5.46376
6.02816
7.34482
9.14927
10.6389
11.699
11.9081
11.1108
10.0197
8.34899
6.69255
5.67032
5.29273
5.93998
7.07758
8.87325
10.2721
11.4943
11.907
11.3326
10.1078
8.34225
6.90259
5.70733
5.53774
6.13614
7.43596
9.29053
10.687
11.7208
12.031
11.5546
10.3038
8.62322
7.14973
5.86111
5.69005
5.99866
7.23285
8.972
10.4401
11.4791
11.8635
11.3048
9.94909
8.28782
6.63463
5.50865
5.40311
5.96209
7.16103
8.96303
10.5698
11.6722
11.8282
11.3826
10.0749
8.59286
6.86424
5.82069
5.66502
6.25524
7.52038
9.18829
10.9812
12.0013
12.113
11.4776
10.01
8.33965
6.6503
5.33822
5.24226
5.93951
7.47445
9.05797
10.7345
11.8011
11.9642
11.2471
9.72472
8.0574
6.54154
5.58902
5.3412
6.01579
7.44873
9.21477
10.8699
12.0084
12.4303
11.6596
10.0584
8.35483
6.61601
5.41138
4.99358
5.81841
7.36778
9.33041
11.0554
12.2793
12.6054
11.8464
10.1787
8.12515
6.32871
5.1674
5.03054
5.74274
7.4136
9.24335
11.0451
12.2368
12.3762
11.7056
10.2226
8.3096
6.45983
5.41245
5.20978
5.7975
7.17635
9.10264
10.7528
11.9794
12.2473
11.4282
9.92645
8.19919
6.45804
5.37423
5.09484
5.90219
7.35731
9.1792
10.8352
11.8648
12.2804
11.6587
10.3716
8.53638
6.83198
5.74003
5.27282
5.98957
7.24271
8.98484
10.6845
11.5603
11.8992
11.1432
9.92122
8.25436
6.71244
5.64721
5.42247
5.86988
7.23983
8.8532
10.3254
11.5293
11.6721
11.0739
9.87075
8.30358
6.82305
5.84358
5.69468
6.18753
7.50779
9.14746
10.5906
11.6012
11.8995
11.2835
10.1724
8.60209
6.84629
5.85866
5.54027
6.13104
7.47606
9.2369
10.7154
11.7077
11.9046
11.2063
9.89613
8.29034
6.72783
5.62207
5.5166
5.96791
7.49064
9.20704
10.871
11.9676
12.1671
11.4954
10.0173
8.51423
6.77493
5.70285
5.52177
6.08116
7.64982
9.406
10.8052
11.765
12.1697
11.5367
9.89138
8.15156
6.33061
5.40112
5.32278
5.73236
7.15382
8.98507
10.6955
12.0689
12.1802
11.5131
10.1968
8.46129
6.72021
5.58546
5.28229
5.90032
7.1583
8.96023
10.7479
11.843
12.2583
11.7047
10.3702
8.37833
6.59976
5.3808
5.04786
5.70275
6.96635
8.6993
10.4808
11.927
12.3285
11.7315
10.4303
8.60804
6.87121
5.44938
5.02153
5.58003
6.90926
8.87663
10.7645
12.0605
12.6303
12.0851
10.6706
8.87165
6.81621
5.35683
4.92006
5.47645
6.88818
8.73941
10.5799
12.1111
12.7643
12.1527
10.6337
8.4536
6.46225
4.98103
4.59056
5.0902
6.66043
8.72146
10.6432
12.135
12.8239
12.3355
10.8221
8.93279
6.83614
5.42614
5.00128
5.39564
6.89268
8.84302
10.5487
11.9786
12.4803
11.8145
10.4397
8.57762
6.51121
5.17105
4.67436
5.23402
6.52704
8.45962
10.383
11.968
12.5698
12.1111
10.7676
8.80643
6.96323
5.64271
5.29392
5.48915
6.94515
8.99257
10.7724
12.2411
12.6386
11.988
10.3998
8.30701
6.41776
4.84566
4.55317
5.22032
6.75188
8.86565
10.9152
12.2419
12.5937
11.854
10.1849
8.51121
6.62443
5.3233
5.0913
5.71408
7.30483
9.27972
10.9598
12.2271
12.6495
11.9564
10.3035
8.3001
6.40484
5.14038
4.77747
5.44487
6.89161
8.8757
10.8683
12.1534
12.4253
11.7977
10.2302
8.34967
6.42001
5.14866
4.85856
5.50532
7.08963
9.24692
11.1272
12.2883
12.5962
11.9462
10.4026
8.2473
6.40944
4.96714
4.67365
5.63321
7.25233
9.25346
10.9541
12.1571
12.4186
11.5872
10.1405
8.19123
6.38404
5.16923
5.07344
5.71643
7.19835
9.08763
10.8213
12.1371
12.4554
11.7477
10.2601
8.51516
6.48871
5.29475
5.08628
5.88211
7.35607
9.20427
10.7912
12.0147
12.4906
11.7104
10.141
8.34772
6.53135
5.31078
5.02102
5.70256
7.19361
9.07035
10.7533
12.11
12.4472
11.7618
10.336
8.4374
6.63475
5.30336
5.03661
5.56231
7.00618
9.12244
10.9809
12.0211
12.5255
11.7715
10.1761
8.33668
6.62971
5.34109
5.1344
5.63365
6.9017
8.90065
10.6639
12.0202
12.4605
11.8119
10.3459
8.42201
6.67851
5.3051
5.08528
5.74079
6.99152
9.08197
10.9381
12.0251
12.4983
11.9548
10.3543
8.59524
6.91062
5.57293
5.15951
5.73243
7.03295
8.90452
10.5584
11.9038
12.1953
11.6368
10.4554
8.60845
6.85977
5.47987
4.91081
5.73856
6.90133
8.8063
10.5663
11.6453
12.0598
11.6442
10.432
8.44333
6.83309
5.66763
5.20516
5.84143
7.02416
8.64028
10.3452
11.6818
12.1074
11.4781
10.3922
8.38136
6.88201
5.58838
5.25647
5.99673
7.22257
8.91707
10.5545
11.5902
11.8978
11.4716
10.3813
8.51286
6.81972
5.71752
5.30205
6.01254
7.38575
8.90142
10.5556
11.8729
12.0596
11.3974
10.157
8.36017
6.63597
5.72732
5.17701
5.83274
7.26524
8.97517
10.7934
12.0793
12.3757
11.6859
10.2047
8.31502
6.68968
5.65061
5.30063
5.91196
7.47456
9.17076
10.9361
12.2866
12.4342
11.7487
10.2059
8.23221
6.49575
5.15433
4.93419
5.60512
7.25411
9.07966
10.7502
11.895
12.1465
11.4478
10.0232
8.27421
6.50678
5.42599
5.17546
5.71809
7.24669
9.10257
10.8594
12.2185
12.4178
11.7564
10.3874
8.44596
6.56563
5.40372
4.93308
5.65923
7.19633
9.1525
10.7588
12.0602
12.4887
11.7479
10.2104
8.20113
6.34646
5.06856
4.70519
5.3585
7.09216
9.08498
11.0834
12.4769
12.6036
11.8335
10.417
8.33906
6.3882
5.16029
4.98775
5.56666
7.41319
9.30776
11.2091
12.4109
12.6962
12.0931
10.3776
8.44981
6.43083
5.20361
4.87042
5.54619
6.99776
8.90727
10.8292
12.1261
12.2959
11.6415
10.2084
8.376
6.38921
5.1594
4.84934
5.41856
7.14263
9.22323
10.9493
12.1997
12.7252
12.0499
10.4314
8.57718
6.68691
5.38219
4.96996
5.64751
6.91048
8.68089
10.6493
11.8039
12.2513
11.5732
10.3726
8.21846
6.56461
5.33807
5.03265
5.74168
6.96285
8.86664
10.4172
11.6957
12.2461
11.8491
10.498
8.58644
7.05471
5.76666
5.13519
5.75233
7.00896
8.76809
10.6714
11.9472
12.2357
11.6833
10.4084
8.67369
6.89015
5.69776
5.29343
5.88654
7.05723
8.86353
10.5934
11.8117
12.3453
11.7633
10.5341
8.72048
7.0122
5.75777
5.25151
5.65926
7.19216
8.53957
10.2258
11.5485
11.8242
11.5783
10.3013
8.72718
6.97397
5.79641
5.22907
5.80682
7.22681
8.98892
10.7081
11.7551
12.1495
11.6742
10.248
8.55642
6.87245
5.74943
5.2656
5.83998
7.14249
8.97953
10.3731
11.5638
11.8341
11.3343
10.0685
8.25818
6.77212
5.61983
5.56653
5.98136
7.37903
9.07141
10.713
11.779
11.9838
11.4735
10.1243
8.44967
6.79338
5.67229
5.48542
5.95545
7.3111
9.08342
10.6387
11.6518
11.9765
11.3471
10.0463
8.47807
6.75292
5.72514
5.38437
6.08912
7.26119
8.95451
10.7191
11.9466
12.2738
11.7157
10.357
8.52316
6.74618
5.6911
5.33933
5.88642
7.08187
8.72098
10.5712
11.6202
11.8786
11.4042
9.98132
8.36824
6.85431
5.56428
5.19461
5.93177
7.37608
9.04168
10.7237
12.0116
12.4776
11.7657
10.4289
8.46583
6.86284
5.66033
5.45743
5.87187
7.03868
8.79897
10.5076
11.7847
12.0271
11.4278
9.98866
8.18568
6.57969
5.35369
5.10044
5.63135
6.96144
8.91471
10.7154
12.0607
12.5011
11.9064
10.4394
8.71092
6.80846
5.61234
5.06728
5.62983
7.07749
9.00882
10.8786
12.1246
12.2762
11.6716
10.2953
8.23268
6.49512
5.25769
4.85764
5.58695
7.10952
8.95034
10.7756
12.1776
12.3675
11.76
10.4607
8.4512
6.63552
5.31139
4.98087
5.64552
7.26433
9.00333
10.7844
12.0489
12.3017
11.7155
10.3303
8.25032
6.4158
5.08734
4.8268
5.67436
7.29323
9.16687
11.0371
12.4138
12.6539
11.93
10.3234
8.24903
6.5144
5.2733
5.10392
5.79403
7.47739
9.24224
10.8008
12.1309
12.3845
11.7301
10.1262
8.37169
6.36127
5.12773
4.81574
5.44993
7.15495
8.94949
10.7444
12.1297
12.4085
11.7247
10.0756
8.1544
6.1209
5.07218
4.77593
5.6323
7.33024
9.3873
11.2579
12.6459
12.9757
11.9823
10.4093
8.3996
6.59192
5.23349
4.81091
5.45141
7.07874
9.16855
10.9265
12.1569
12.4349
11.5698
10.2319
7.97487
6.01484
4.77528
4.58132
5.43009
7.0904
9.37869
11.211
12.4509
12.9069
11.9923
10.504
8.3777
6.61344
5.31241
4.84877
5.72544
7.24251
9.35237
11.1526
12.2742
12.4616
11.7496
10.1971
8.14921
6.31103
5.15323
4.90274
5.55853
6.98644
9.04115
10.795
12.0286
12.2835
11.4925
10.0566
8.39545
6.60398
5.53216
5.30762
5.80381
7.12958
8.97433
10.5652
11.8622
12.184
11.745
10.3298
8.52631
6.7869
5.56368
5.26517
5.70933
7.06825
8.99664
10.7083
11.6876
12.0086
11.3955
10.0067
8.38132
6.80472
5.68387
5.41234
5.96084
7.28203
8.72173
10.4974
11.6442
11.8809
11.4202
10.1708
8.6027
7.09635
5.98901
5.7405
6.32819
7.52227
8.99161
10.4645
11.5085
11.9549
11.4907
10.2709
8.62953
6.9789
5.89399
5.51644
6.03817
7.1865
8.80752
10.4172
11.3413
11.6759
11.2477
10.0022
8.31614
6.82135
5.59442
5.18894
5.937
7.22589
8.76035
10.4587
11.6819
12.1755
11.7057
10.3716
8.52776
7.00499
5.81103
5.43186
5.93989
7.3055
8.99337
10.5105
11.6258
11.9103
11.5169
10.2218
8.53376
6.68599
5.61581
5.43635
5.85988
7.15045
8.74731
10.5087
11.6664
12.007
11.4909
10.0271
8.65529
7.08023
6.05388
5.64782
6.08869
7.35818
8.94597
10.7361
11.7847
12.1057
11.5572
10.2975
8.40332
6.56013
5.44973
5.05553
5.86362
7.32793
9.06479
10.5936
11.8683
12.0667
11.3358
10.1163
8.4042
6.69175
5.49229
5.29825
5.99042
7.40045
9.30895
10.8186
11.9508
12.0728
11.3398
9.99223
8.46701
6.89986
5.81592
5.42595
6.18308
7.41166
9.09547
10.6105
11.4529
11.9101
11.2097
9.83269
8.04503
6.55594
5.67315
5.46218
6.16521
7.53953
9.08985
10.778
11.723
11.8999
11.4505
10.1975
8.3175
7.12223
5.85149
5.69881
6.28555
7.59923
9.23121
10.7703
11.6162
11.7086
11.0381
9.69661
8.1534
6.69034
5.70399
5.55549
6.18417
7.3623
9.02273
10.7165
11.7794
11.7389
11.1362
9.72874
8.22187
6.87931
5.94627
5.70527
6.31665
7.48448
9.09128
